Date,Open,Hight,Low,Close,Volume,Adj Close
1983/01/05,318,318,318,318,2000,318
1983/01/06,321,321,321,321,1000,321
1983/01/07,321,321,321,321,50000,321
1983/01/17,300,300,291,291,24000,291
1983/01/18,290,291,290,291,18000,291
1983/01/19,290,290,290,290,4000,290
1983/01/25,300,300,300,300,2000,300
1983/01/26,300,300,296,296,10000,296
1983/01/28,298,298,298,298,1000,298
1983/01/31,300,300,300,300,5000,300
1983/02/01,300,300,300,300,4000,300
1983/02/10,305,305,305,305,3000,305
1983/02/12,310,310,310,310,1000,310
1983/02/14,311,311,311,311,1000,311
1983/02/15,315,315,310,310,10000,310
1983/02/16,310,310,310,310,5000,310
1983/02/17,308,308,308,308,1000,308
1983/02/18,307,307,307,307,4000,307
1983/02/21,300,300,300,300,9000,300
1983/02/24,305,305,305,305,3000,305
1983/02/25,305,305,305,305,2000,305
1983/02/28,305,308,305,308,4000,308
1983/03/01,308,308,305,308,19000,308
1983/03/02,308,308,308,308,44000,308
1983/03/04,305,305,305,305,1000,305
1983/03/09,308,308,308,308,5000,308
1983/03/10,308,308,308,308,2000,308
1983/03/11,308,308,308,308,4000,308
1983/03/12,308,308,308,308,1000,308
1983/03/14,308,308,308,308,24000,308
1983/03/15,309,309,309,309,1000,309
1983/03/16,309,309,309,309,3000,309
1983/03/17,308,308,308,308,6000,308
1983/03/18,308,308,308,308,3000,308
1983/03/22,308,308,308,308,9000,308
1983/03/23,309,309,309,309,1000,309
1983/03/25,308,308,308,308,4000,308
1983/03/26,308,308,308,308,21000,308
1983/03/28,308,308,308,308,5000,308
1983/03/29,308,308,308,308,4000,308
1983/03/30,308,309,308,309,8000,309
1983/03/31,308,309,308,309,7000,309
1983/04/01,309,309,309,309,6000,309
1983/04/06,309,309,309,309,11000,309
1983/04/08,310,310,310,310,3000,310
1983/04/12,310,310,310,310,13000,310
1983/04/13,310,310,310,310,12000,310
1983/04/14,310,310,310,310,1000,310
1983/04/20,311,311,311,311,4000,311
1983/04/21,311,311,311,311,3000,311
1983/04/22,315,315,315,315,5000,315
1983/04/23,315,315,315,315,2000,315
1983/04/26,320,320,320,320,9000,320
1983/04/27,316,316,316,316,2000,316
1983/05/02,315,315,315,315,6000,315
1983/05/06,318,318,318,318,1000,318
1983/05/09,319,319,319,319,2000,319
1983/05/10,319,320,319,320,5000,320
1983/05/12,320,320,320,320,3000,320
1983/05/14,321,321,321,321,2000,321
1983/05/17,321,322,321,322,4000,322
1983/05/18,323,323,323,323,1000,323
1983/05/20,322,322,322,322,14000,322
1983/05/23,322,322,322,322,3000,322
1983/05/26,325,325,325,325,4000,325
1983/05/27,325,325,325,325,2000,325
1983/05/28,325,325,325,325,2000,325
1983/05/30,325,325,325,325,1000,325
1983/06/01,325,325,324,324,23000,324
1983/06/02,324,324,323,324,7000,324
1983/06/04,325,325,325,325,1000,325
1983/06/06,325,325,325,325,1000,325
1983/06/07,324,325,324,325,3000,325
1983/06/09,325,325,325,325,1000,325
1983/06/20,324,325,320,320,8000,320
1983/06/21,320,320,320,320,2000,320
1983/06/22,320,320,318,318,5000,318
1983/07/01,315,315,315,315,14000,315
1983/07/02,315,315,315,315,3000,315
1983/07/05,318,318,318,318,1000,318
1983/07/06,318,319,318,319,11000,319
1983/07/07,318,318,318,318,3000,318
1983/07/08,318,318,318,318,5000,318
1983/07/09,318,318,318,318,1000,318
1983/08/01,300,300,299,300,21000,300
1983/08/04,300,300,300,300,4000,300
1983/08/05,295,300,295,300,8000,300
1983/08/06,295,295,295,295,5000,295
1983/08/11,300,300,300,300,4000,300
1983/08/12,297,297,297,297,1000,297
1983/08/24,290,290,290,290,2000,290
1983/09/01,290,290,290,290,7000,290
1983/09/02,290,290,290,290,2000,290
1983/09/05,290,290,290,290,8000,290
1983/09/06,290,290,290,290,5000,290
1983/09/07,291,291,291,291,1000,291
1983/09/08,292,292,292,292,1000,292
1983/09/09,291,291,291,291,13000,291
1983/09/14,292,292,292,292,3000,292
1983/09/21,292,292,290,290,20000,290
1983/09/29,291,291,291,291,1000,291
1983/10/01,291,291,291,291,3000,291
1983/10/04,291,291,291,291,20000,291
1983/10/06,291,294,291,294,4000,294
1983/10/07,291,291,291,291,1000,291
1983/10/15,292,292,290,291,6000,291
1983/10/17,292,292,292,292,1000,292
1983/10/18,293,293,293,293,3000,293
1983/10/19,294,294,294,294,2000,294
1983/10/24,297,297,297,297,1000,297
1983/10/25,297,297,297,297,1000,297
1983/11/01,301,301,298,298,40000,298
1983/11/04,299,300,295,295,20000,295
1983/11/09,300,300,300,300,2000,300
1983/11/11,300,300,300,300,1000,300
1983/11/14,305,305,305,305,2000,305
1983/11/18,306,306,306,306,1000,306
1983/11/19,306,306,306,306,1000,306
1983/11/22,305,306,305,306,7000,306
1983/11/24,305,305,305,305,6000,305
1983/11/26,300,300,299,299,6000,299
1983/11/28,295,300,295,300,3000,300
1983/11/30,301,305,301,305,6000,305
1983/12/01,306,306,306,306,3000,306
1983/12/02,306,306,306,306,1000,306
1983/12/06,315,315,315,315,2000,315
1983/12/08,322,322,322,322,1000,322
1983/12/09,325,325,322,322,6000,322
1983/12/13,326,326,325,325,8000,325
1983/12/14,327,334,327,330,17000,330
1983/12/15,327,327,326,327,8000,327
1983/12/16,325,326,325,326,6000,326
1983/12/17,326,326,326,326,1000,326
1983/12/20,325,325,325,325,5000,325
1983/12/21,324,324,324,324,4000,324
1983/12/23,324,324,324,324,3000,324
1983/12/24,325,325,325,325,5000,325
1983/12/26,325,325,325,325,3000,325
1983/12/27,325,325,325,325,2000,325
1984/01/06,326,326,326,326,5000,326
1984/01/10,336,336,336,336,4000,336
1984/01/11,336,337,336,336,9000,336
1984/01/12,336,336,335,335,16000,335
1984/01/13,337,345,337,345,7000,345
1984/01/17,350,350,347,350,30000,350
1984/01/18,350,350,350,350,31000,350
1984/01/19,349,349,349,349,4000,349
1984/01/20,347,347,347,347,2000,347
1984/01/23,347,347,344,345,6000,345
1984/02/01,325,325,325,325,12000,325
1984/02/02,325,330,325,330,6000,330
1984/02/03,340,340,340,340,6000,340
1984/02/04,339,339,339,339,1000,339
1984/02/07,337,337,335,335,2000,335
1984/02/08,335,335,335,335,12000,335
1984/02/09,345,350,344,350,29000,350
1984/02/10,352,352,348,352,16000,352
1984/02/14,359,370,358,369,72000,369
1984/02/15,368,369,360,363,56000,363
1984/02/16,358,358,358,358,10000,358
1984/02/17,353,353,353,353,4000,353
1984/02/20,353,353,353,353,9000,353
1984/02/21,348,358,348,358,12000,358
1984/02/22,350,350,350,350,13000,350
1984/02/23,350,350,350,350,2000,350
1984/02/25,350,350,350,350,2000,350
1984/02/28,350,350,350,350,5000,350
1984/03/01,349,350,349,350,19000,350
1984/03/02,349,349,348,348,2000,348
1984/03/17,350,350,350,350,14000,350
1984/03/19,350,350,350,350,9000,350
1984/03/23,349,349,345,345,4000,345
1984/03/24,340,340,340,340,3000,340
1984/03/29,340,340,340,340,2000,340
1984/04/02,340,341,340,341,5000,341
1984/04/03,343,343,343,343,1000,343
1984/04/04,346,346,346,346,3000,346
1984/04/05,350,350,350,350,18000,350
1984/04/06,350,350,350,350,20000,350
1984/04/09,360,360,360,360,3000,360
1984/04/10,360,360,360,360,5000,360
1984/04/11,360,360,355,355,6000,355
1984/04/12,355,355,355,355,1000,355
1984/04/13,355,355,350,350,4000,350
1984/04/17,351,351,350,350,5000,350
1984/04/18,350,350,350,350,1000,350
1984/04/19,350,350,350,350,1000,350
1984/05/01,350,350,350,350,10000,350
1984/05/02,350,350,350,350,1000,350
1984/05/04,350,350,350,350,3000,350
1984/05/10,340,340,340,340,9000,340
1984/05/16,350,350,350,350,6000,350
1984/05/17,351,351,351,351,2000,351
1984/05/18,352,352,350,350,4000,350
1984/05/19,351,351,351,351,5000,351
1984/05/21,351,352,351,352,5000,352
1984/05/22,350,350,350,350,3000,350
1984/05/30,340,340,340,340,2000,340
1984/05/31,345,345,345,345,2000,345
1984/06/06,350,350,350,350,4000,350
1984/06/07,350,350,350,350,13000,350
1984/06/08,355,355,355,355,7000,355
1984/06/13,359,360,359,360,3000,360
1984/06/14,365,365,361,361,3000,361
1984/06/16,365,365,360,360,4000,360
1984/06/18,360,360,360,360,3000,360
1984/06/19,350,350,350,350,2000,350
1984/06/20,350,350,350,350,1000,350
1984/06/25,350,350,350,350,1000,350
1984/06/28,350,350,350,350,5000,350
1984/06/29,350,350,350,350,1000,350
1984/07/02,350,350,350,350,5000,350
1984/07/03,350,350,350,350,4000,350
1984/07/04,350,350,350,350,3000,350
1984/07/05,350,351,350,351,4000,351
1984/07/06,350,350,350,350,1000,350
1984/07/11,350,350,350,350,2000,350
1984/07/12,351,351,351,351,3000,351
1984/07/13,350,350,350,350,1000,350
1984/07/18,350,350,350,350,2000,350
1984/07/20,351,351,351,351,1000,351
1984/07/21,352,352,352,352,2000,352
1984/07/23,353,353,353,353,2000,353
1984/07/24,353,353,352,352,2000,352
1984/07/25,352,352,351,351,5000,351
1984/08/01,351,351,351,351,12000,351
1984/08/02,351,351,351,351,4000,351
1984/08/18,349,349,349,349,8000,349
1984/08/30,340,340,340,340,6000,340
1984/09/01,340,340,340,340,7000,340
1984/09/03,340,340,340,340,2000,340
1984/09/04,343,343,340,340,5000,340
1984/09/06,341,341,341,341,1000,341
1984/09/07,340,340,340,340,2000,340
1984/09/11,340,340,340,340,5000,340
1984/09/12,340,340,340,340,4000,340
1984/09/17,340,340,340,340,3000,340
1984/09/18,340,340,340,340,3000,340
1984/09/20,346,346,346,346,2000,346
1984/09/22,345,345,345,345,3000,345
1984/09/25,343,349,343,349,4000,349
1984/09/26,350,350,350,350,1000,350
1984/09/27,350,350,350,350,3000,350
1984/09/28,349,349,349,349,1000,349
1984/09/29,349,349,348,348,3000,348
1984/10/01,348,348,348,348,15000,348
1984/10/02,347,347,347,347,3000,347
1984/10/03,347,347,347,347,1000,347
1984/10/04,347,347,347,347,3000,347
1984/10/05,347,347,347,347,1000,347
1984/10/08,348,348,348,348,1000,348
1984/10/11,348,348,348,348,1000,348
1984/10/15,348,348,347,348,7000,348
1984/10/17,348,348,348,348,1000,348
1984/10/18,348,350,348,350,7000,350
1984/10/19,355,355,355,355,1000,355
1984/10/22,355,355,355,355,2000,355
1984/10/24,357,357,357,357,1000,357
1984/10/25,354,357,354,357,3000,357
1984/10/27,362,362,362,362,3000,362
1984/10/29,367,367,367,367,2000,367
1984/10/30,367,371,367,371,29000,371
1984/10/31,381,392,376,392,23000,392
1984/11/01,393,410,393,410,47000,410
1984/11/02,410,410,405,405,19000,405
1984/11/05,401,405,401,401,12000,401
1984/11/06,395,400,395,400,12000,400
1984/11/07,395,395,395,395,2000,395
1984/11/12,393,393,393,393,5000,393
1984/11/13,393,395,393,395,5000,395
1984/11/14,390,400,390,400,13000,400
1984/11/15,400,400,400,400,15000,400
1984/11/16,400,410,400,410,15000,410
1984/11/17,409,409,405,405,8000,405
1984/11/19,410,415,410,415,13000,415
1984/11/20,413,419,413,414,15000,414
1984/11/21,418,419,417,417,8000,417
1984/11/22,415,415,415,415,2000,415
1984/11/27,415,415,415,415,2000,415
1984/11/28,413,413,413,413,4000,413
1984/11/29,417,417,413,413,16000,413
1984/11/30,408,408,408,408,2000,408
1984/12/01,408,408,408,408,8000,408
1984/12/03,408,408,408,408,3000,408
1984/12/04,408,408,408,408,3000,408
1984/12/05,408,408,408,408,3000,408
1984/12/07,408,408,408,408,1000,408
1984/12/10,408,408,408,408,8000,408
1984/12/11,408,408,408,408,12000,408
1984/12/12,408,408,408,408,1000,408
1984/12/14,408,408,408,408,3000,408
1984/12/17,406,406,406,406,1000,406
1984/12/18,406,406,406,406,8000,406
1984/12/19,408,408,408,408,3000,408
1984/12/20,408,408,408,408,3000,408
1984/12/21,407,408,407,408,3000,408
1984/12/22,412,415,412,415,3000,415
1984/12/24,415,415,415,415,1000,415
1984/12/26,414,414,414,414,1000,414
1985/01/04,410,410,410,410,2000,410
1985/01/07,410,410,410,410,12000,410
1985/01/08,410,410,410,410,1000,410
1985/01/09,410,410,410,410,4000,410
1985/01/10,410,410,410,410,2000,410
1985/01/11,420,420,420,420,15000,420
1985/01/14,425,425,425,425,5000,425
1985/01/16,430,430,430,430,13000,430
1985/01/17,435,435,425,425,4000,425
1985/01/18,422,422,420,420,7000,420
1985/01/19,420,420,415,415,3000,415
1985/01/21,415,415,415,415,5000,415
1985/01/22,420,425,420,425,3000,425
1985/01/23,424,425,424,425,6000,425
1985/01/24,425,425,425,425,10000,425
1985/01/25,425,430,425,430,11000,430
1985/01/28,426,426,424,424,8000,424
1985/01/29,420,420,415,415,5000,415
1985/02/01,414,415,410,410,8000,410
1985/02/04,410,410,410,410,5000,410
1985/02/05,410,410,410,410,1000,410
1985/02/06,410,410,410,410,5000,410
1985/02/07,410,410,410,410,2000,410
1985/02/15,390,390,390,390,6000,390
1985/02/18,390,390,390,390,1000,390
1985/02/20,385,385,385,385,5000,385
1985/02/21,380,380,380,380,5000,380
1985/02/23,385,385,385,385,1000,385
1985/02/25,388,388,388,388,2000,388
1985/02/27,380,380,380,380,2000,380
1985/02/28,380,380,380,380,4000,380
1985/03/01,379,379,375,375,16000,375
1985/03/02,380,380,380,380,1000,380
1985/03/04,381,381,381,381,3000,381
1985/03/05,381,381,380,380,10000,380
1985/03/06,380,380,380,380,4000,380
1985/03/08,381,381,381,381,5000,381
1985/03/12,382,382,382,382,2000,382
1985/03/14,382,382,376,376,13000,376
1985/03/15,380,380,380,380,1000,380
1985/03/16,380,380,380,380,2000,380
1985/03/20,385,385,385,385,2000,385
1985/03/23,385,385,385,385,6000,385
1985/03/26,385,385,385,385,7000,385
1985/04/01,387,387,387,387,1000,387
1985/04/04,393,393,393,393,1000,393
1985/04/06,400,400,400,400,1000,400
1985/04/08,400,400,400,400,2000,400
1985/04/11,400,400,400,400,6000,400
1985/04/17,400,401,400,401,4000,401
1985/04/18,405,405,405,405,3000,405
1985/04/19,405,405,405,405,4000,405
1985/04/20,405,405,405,405,1000,405
1985/04/22,405,405,405,405,2000,405
1985/04/23,405,405,405,405,1000,405
1985/04/24,410,410,410,410,7000,410
1985/04/27,410,410,410,410,5000,410
1985/04/30,410,410,405,405,6000,405
1985/05/07,410,410,410,410,1000,410
1985/05/09,415,415,415,415,8000,415
1985/05/10,415,415,415,415,6000,415
1985/05/13,415,415,415,415,11000,415
1985/05/14,415,415,415,415,1000,415
1985/05/15,415,415,415,415,3000,415
1985/05/16,415,415,415,415,1000,415
1985/05/17,420,420,420,420,1000,420
1985/05/18,421,425,420,420,3000,420
1985/05/20,420,426,420,426,23000,426
1985/05/21,436,446,436,446,43000,446
1985/05/22,451,460,451,460,33000,460
1985/05/23,480,489,480,486,32000,486
1985/05/24,488,490,484,485,54000,485
1985/05/28,460,461,460,461,17000,461
1985/05/29,460,465,460,465,17000,465
1985/05/31,460,460,460,460,7000,460
1985/06/01,455,455,455,455,6000,455
1985/06/03,451,456,451,455,8000,455
1985/06/04,455,455,451,451,9000,451
1985/06/05,451,461,451,461,62000,461
1985/06/07,460,460,460,460,10000,460
1985/06/10,451,451,451,451,11000,451
1985/06/11,451,451,451,451,10000,451
1985/06/13,451,451,450,450,18000,450
1985/06/14,451,451,451,451,1000,451
1985/06/15,447,447,447,447,2000,447
1985/06/17,451,451,451,451,9000,451
1985/06/18,451,451,449,451,5000,451
1985/06/20,460,460,460,460,2000,460
1985/06/21,480,504,480,504,29000,504
1985/06/22,490,526,490,525,35000,525
1985/06/24,520,520,500,510,20000,510
1985/06/25,509,509,504,505,5000,505
1985/06/26,510,570,507,560,189000,560
1985/06/27,560,560,554,555,19000,555
1985/06/28,530,530,529,530,8000,530
1985/06/29,510,510,510,510,8000,510
1985/07/01,511,518,506,506,10000,506
1985/07/02,500,500,500,500,4000,500
1985/07/03,501,510,500,510,11000,510
1985/07/04,500,545,500,545,41000,545
1985/07/05,545,545,545,545,9000,545
1985/07/09,516,516,516,516,8000,516
1985/07/10,510,515,508,515,27000,515
1985/07/11,505,515,501,515,24000,515
1985/07/12,505,515,505,515,5000,515
1985/07/15,510,513,499,500,12000,500
1985/07/16,500,500,500,500,18000,500
1985/07/17,503,513,500,513,14000,513
1985/07/18,514,515,504,515,15000,515
1985/07/19,514,514,503,507,23000,507
1985/07/22,503,503,503,503,7000,503
1985/07/23,495,510,495,500,12000,500
1985/07/24,495,500,495,500,6000,500
1985/07/25,495,500,485,485,8000,485
1985/07/26,485,485,485,485,8000,485
1985/07/27,485,485,485,485,1000,485
1985/07/29,490,490,490,490,4000,490
1985/07/30,490,490,485,485,48000,485
1985/07/31,485,485,485,485,8000,485
1985/08/01,485,485,485,485,42000,485
1985/08/02,490,530,487,530,131000,530
1985/08/03,520,528,518,528,79000,528
1985/08/05,525,528,521,521,13000,521
1985/08/06,520,530,516,530,31000,530
1985/08/07,525,540,525,535,24000,535
1985/08/08,535,570,535,570,89000,570
1985/08/09,569,600,563,563,72000,563
1985/08/12,557,558,538,538,14000,538
1985/08/13,537,537,537,537,3000,537
1985/08/15,543,570,543,570,21000,570
1985/08/16,564,564,558,558,18000,558
1985/08/17,560,560,560,560,1000,560
1985/08/19,558,565,558,565,47000,565
1985/08/20,570,595,570,595,157000,595
1985/08/21,590,590,572,580,51000,580
1985/08/22,570,570,564,564,18000,564
1985/08/23,560,560,553,553,6000,553
1985/08/24,544,565,544,565,9000,565
1985/08/26,551,551,551,551,5000,551
1985/08/27,551,551,536,536,11000,536
1985/08/28,541,541,540,540,4000,540
1985/08/29,551,551,551,551,2000,551
1985/08/30,540,540,540,540,1000,540
1985/08/31,540,540,540,540,1000,540
1985/09/02,540,540,540,540,3000,540
1985/09/03,540,540,521,521,8000,521
1985/09/04,516,516,512,512,4000,512
1985/09/05,515,515,505,505,3000,505
1985/09/07,508,508,508,508,2000,508
1985/09/09,510,510,510,510,3000,510
1985/09/11,515,515,515,515,2000,515
1985/09/12,520,529,520,529,5000,529
1985/09/13,530,530,530,530,1000,530
1985/09/17,540,540,539,539,3000,539
1985/09/18,549,549,549,549,1000,549
1985/09/19,544,554,544,545,18000,545
1985/09/20,539,560,539,559,27000,559
1985/09/21,558,558,558,558,5000,558
1985/09/24,558,558,558,558,5000,558
1985/09/27,548,548,548,548,1000,548
1985/09/30,538,557,538,557,11000,557
1985/10/01,557,557,547,550,13000,550
1985/10/02,530,530,530,530,2000,530
1985/10/03,530,530,530,530,2000,530
1985/10/04,529,535,529,535,4000,535
1985/10/05,535,539,535,539,4000,539
1985/10/07,535,545,535,545,21000,545
1985/10/08,549,557,549,555,23000,555
1985/10/09,557,557,550,557,33000,557
1985/10/11,556,556,556,556,3000,556
1985/10/14,556,563,555,563,39000,563
1985/10/15,570,575,565,566,77000,566
1985/10/16,576,610,575,600,232000,600
1985/10/17,603,603,591,591,155000,591
1985/10/18,590,600,581,581,69000,581
1985/10/19,590,600,590,593,57000,593
1985/10/21,585,585,585,585,6000,585
1985/10/22,584,585,580,585,19000,585
1985/10/23,584,585,580,580,11000,580
1985/10/24,579,580,579,580,4000,580
1985/10/25,580,580,579,579,21000,579
1985/10/26,585,600,582,600,17000,600
1985/10/28,600,600,589,589,6000,589
1985/10/29,595,595,575,585,40000,585
1985/10/30,575,591,575,591,11000,591
1985/10/31,585,590,577,577,30000,577
1985/11/01,577,580,575,575,31000,575
1985/11/02,585,585,582,585,9000,585
1985/11/05,590,593,588,593,30000,593
1985/11/06,593,593,586,590,8000,590
1985/11/08,590,590,580,580,11000,580
1985/11/11,586,592,586,590,47000,590
1985/11/12,595,595,580,581,19000,581
1985/11/13,585,611,585,609,83000,609
1985/11/14,613,614,600,604,54000,604
1985/11/15,603,630,602,625,192000,625
1985/11/16,635,635,615,617,66000,617
1985/11/18,620,620,605,605,22000,605
1985/11/19,610,615,605,605,11000,605
1985/11/20,605,605,594,595,31000,595
1985/11/21,595,596,595,595,14000,595
1985/11/22,605,605,588,598,53000,598
1985/11/25,588,588,576,576,45000,576
1985/11/26,576,578,570,570,54000,570
1985/11/27,570,577,563,577,66000,577
1985/11/28,570,615,570,615,102000,615
1985/11/29,613,645,611,645,306000,645
1985/11/30,647,670,636,670,402000,670
1985/12/02,679,721,669,712,676000,712
1985/12/03,722,778,717,760,1713000,760
1985/12/04,770,800,752,762,643000,762
1985/12/05,772,772,748,765,387000,765
1985/12/06,760,799,756,760,825000,760
1985/12/07,765,765,746,760,163000,760
1985/12/09,770,770,758,760,144000,760
1985/12/10,767,767,740,740,102000,740
1985/12/11,721,755,720,750,151000,750
1985/12/12,750,750,725,740,79000,740
1985/12/13,741,741,721,722,113000,722
1985/12/16,732,755,725,755,64000,755
1985/12/17,780,795,757,784,454000,784
1985/12/18,794,794,775,785,205000,785
1985/12/19,784,784,771,777,132000,777
1985/12/20,740,764,740,760,109000,760
1985/12/21,761,761,740,740,45000,740
1985/12/23,745,781,745,765,96000,765
1985/12/24,772,772,750,760,58000,760
1985/12/25,770,793,770,793,345000,793
1985/12/26,813,819,786,786,392000,786
1985/12/27,785,795,777,781,74000,781
1985/12/28,790,790,771,775,18000,775
1986/01/04,775,775,762,762,24000,762
1986/01/06,751,751,720,730,37000,730
1986/01/07,731,761,730,761,56000,761
1986/01/08,762,766,755,762,60000,762
1986/01/09,760,760,750,750,49000,750
1986/01/10,759,759,717,730,41000,730
1986/01/13,720,720,699,699,31000,699
1986/01/14,709,709,698,698,50000,698
1986/01/16,701,701,690,690,22000,690
1986/01/17,699,710,690,710,42000,710
1986/01/18,730,751,729,751,52000,751
1986/01/20,749,750,726,726,48000,726
1986/01/21,736,736,710,710,24000,710
1986/01/22,713,713,700,700,59000,700
1986/01/23,682,685,677,677,50000,677
1986/01/24,690,728,690,728,104000,728
1986/01/25,737,740,720,740,81000,740
1986/01/27,750,750,720,734,163000,734
1986/01/28,751,830,751,807,247000,807
1986/01/29,799,820,789,799,234000,799
1986/01/30,799,820,799,810,140000,810
1986/01/31,830,870,825,825,300000,825
1986/02/01,850,858,840,855,166000,855
1986/02/03,865,878,860,860,238000,860
1986/02/04,830,830,815,820,96000,820
1986/02/05,820,820,795,810,53000,810
1986/02/06,809,850,809,835,265000,835
1986/02/07,840,844,813,834,102000,834
1986/02/10,802,810,790,798,110000,798
1986/02/12,790,810,760,760,63000,760
1986/02/13,800,800,780,780,128000,780
1986/02/14,789,789,762,770,94000,770
1986/02/15,770,782,769,770,58000,770
1986/02/17,780,790,772,775,74000,775
1986/02/18,805,841,795,841,389000,841
1986/02/19,870,883,838,879,819000,879
1986/02/20,885,885,835,870,249000,870
1986/02/21,870,870,850,850,121000,850
1986/02/22,860,879,860,877,163000,877
1986/02/24,880,911,860,899,530000,899
1986/02/25,909,933,892,914,821000,914
1986/02/26,920,925,884,925,788000,925
1986/02/27,945,974,944,974,735000,974
1986/02/28,980,989,964,989,441000,989
1986/03/01,998,1020,989,1010,781000,1010
1986/03/03,1000,1000,961,985,325000,985
1986/03/04,970,972,950,965,159000,965
1986/03/05,950,989,950,989,274000,989
1986/03/06,999,1010,985,999,465000,999
1986/03/07,1000,1000,955,955,297000,955
1986/03/10,980,980,950,972,98000,972
1986/03/11,932,932,932,932,22000,932
1986/03/12,942,942,912,912,91000,912
1986/03/13,902,920,900,900,55000,900
1986/03/14,860,884,860,870,72000,870
1986/03/15,860,885,860,885,27000,885
1986/03/17,860,870,859,862,51000,862
1986/03/18,860,865,850,850,73000,850
1986/03/19,820,850,820,850,122000,850
1986/03/20,860,885,860,885,61000,885
1986/03/22,884,884,875,875,2000,875
1986/03/24,860,893,860,860,128000,860
1986/03/25,859,859,850,850,16000,850
1986/03/26,800,810,800,800,44000,800
1986/03/27,790,801,780,780,71000,780
1986/03/28,790,795,790,790,26000,790
1986/03/29,780,800,780,800,11000,800
1986/03/31,799,840,799,840,31000,840
1986/04/01,845,890,845,890,277000,890
1986/04/02,890,891,860,860,48000,860
1986/04/04,820,860,820,859,28000,859
1986/04/08,808,820,808,820,21000,820
1986/04/09,795,795,795,795,12000,795
1986/04/10,810,810,810,810,12000,810
1986/04/11,820,860,820,860,131000,860
1986/04/14,859,887,859,885,133000,885
1986/04/15,875,884,870,880,26000,880
1986/04/16,900,940,899,930,716000,930
1986/04/17,935,935,898,901,126000,901
1986/04/18,898,903,890,890,38000,890
1986/04/19,879,928,879,918,32000,918
1986/04/21,899,899,898,898,263000,898
1986/04/22,900,900,889,889,168000,889
1986/04/23,885,900,875,895,112000,895
1986/04/24,885,885,885,885,44000,885
1986/04/25,885,885,870,870,21000,870
1986/04/26,870,870,870,870,22000,870
1986/04/28,870,870,870,870,12000,870
1986/04/30,860,860,860,860,23000,860
1986/05/01,860,860,855,860,36000,860
1986/05/02,850,860,849,860,37000,860
1986/05/06,850,866,850,866,65000,866
1986/05/07,846,846,846,846,17000,846
1986/05/08,846,850,840,840,6000,840
1986/05/09,842,870,841,870,375000,870
1986/05/12,900,945,900,935,571000,935
1986/05/13,934,941,920,938,403000,938
1986/05/14,935,935,910,918,152000,918
1986/05/15,918,918,918,918,4000,918
1986/05/16,888,895,887,895,10000,895
1986/05/17,890,890,890,890,12000,890
1986/05/20,888,888,888,888,43000,888
1986/05/21,870,870,870,870,11000,870
1986/05/22,870,870,845,845,19000,845
1986/05/23,847,857,840,840,39000,840
1986/05/24,840,840,840,840,12000,840
1986/05/26,843,850,842,842,28000,842
1986/05/27,842,842,831,840,56000,840
1986/05/28,840,846,830,830,26000,830
1986/05/29,830,865,830,865,67000,865
1986/05/30,859,859,850,850,38000,850
1986/06/02,840,840,811,812,45000,812
1986/06/03,821,832,815,832,48000,832
1986/06/04,840,840,822,822,27000,822
1986/06/05,832,832,817,820,14000,820
1986/06/06,830,830,822,822,18000,822
1986/06/07,820,840,820,840,16000,840
1986/06/09,841,843,825,840,11000,840
1986/06/10,835,859,830,850,45000,850
1986/06/11,840,850,840,841,16000,841
1986/06/12,841,851,841,841,11000,841
1986/06/13,840,841,840,840,16000,840
1986/06/16,844,844,831,831,26000,831
1986/06/17,820,820,816,816,13000,816
1986/06/18,817,830,817,830,15000,830
1986/06/19,830,830,820,830,44000,830
1986/06/20,840,841,831,831,10000,831
1986/06/21,840,840,840,840,2000,840
1986/06/23,840,845,840,845,8000,845
1986/06/24,845,850,842,845,32000,845
1986/06/25,845,855,844,855,19000,855
1986/06/26,850,860,848,860,55000,860
1986/06/27,860,870,859,861,41000,861
1986/06/28,862,870,862,870,47000,870
1986/06/30,885,912,885,905,93000,905
1986/07/01,912,921,880,895,164000,895
1986/07/02,895,901,891,894,69000,894
1986/07/03,894,895,885,894,21000,894
1986/07/04,893,893,889,889,16000,889
1986/07/05,880,890,880,890,2000,890
1986/07/07,870,880,870,871,16000,871
1986/07/08,861,871,861,871,38000,871
1986/07/09,870,875,870,870,38000,870
1986/07/10,860,871,860,861,76000,861
1986/07/11,841,841,840,840,28000,840
1986/07/14,843,843,843,843,1000,843
1986/07/15,845,851,842,850,22000,850
1986/07/16,835,850,835,845,20000,845
1986/07/17,845,849,840,840,36000,840
1986/07/18,840,879,840,879,33000,879
1986/07/19,880,880,880,880,33000,880
1986/07/25,839,839,839,839,9000,839
1986/07/26,835,835,811,812,12000,812
1986/07/28,810,811,805,811,11000,811
1986/07/29,811,811,806,811,26000,811
1986/07/30,806,810,806,810,11000,810
1986/07/31,800,800,798,798,7000,798
1986/08/01,795,800,795,800,14000,800
1986/08/02,795,800,795,795,7000,795
1986/08/04,790,795,790,795,10000,795
1986/08/05,790,805,790,805,9000,805
1986/08/06,835,839,835,839,6000,839
1986/08/07,840,865,840,865,6000,865
1986/08/08,855,855,855,855,2000,855
1986/08/13,845,845,845,845,2000,845
1986/08/19,805,805,805,805,4000,805
1986/08/21,795,795,795,795,12000,795
1986/08/25,760,760,760,760,6000,760
1986/08/26,760,760,750,750,27000,750
1986/08/27,750,760,740,740,37000,740
1986/08/28,750,750,745,745,3000,745
1986/08/29,745,745,745,745,3000,745
1986/08/30,746,747,745,745,9000,745
1986/09/01,750,760,745,760,9000,760
1986/09/02,770,770,750,750,14000,750
1986/09/03,760,775,760,775,16000,775
1986/09/04,750,751,745,751,13000,751
1986/09/05,751,751,743,743,20000,743
1986/09/06,720,720,720,720,10000,720
1986/09/08,730,730,720,720,7000,720
1986/09/09,721,721,719,720,5000,720
1986/09/10,720,720,720,720,4000,720
1986/09/11,720,720,710,715,15000,715
1986/09/12,700,700,700,700,4000,700
1986/09/17,700,700,700,700,7000,700
1986/09/18,699,699,699,699,1000,699
1986/09/19,679,679,679,679,11000,679
1986/09/22,667,669,667,669,3000,669
1986/09/24,651,651,646,646,7000,646
1986/09/25,650,651,646,650,28000,650
1986/09/26,649,649,610,610,17000,610
1986/09/27,600,610,600,600,6000,600
1986/09/29,590,590,570,570,14000,570
1986/09/30,569,569,530,530,25000,530
1986/10/01,540,540,530,530,33000,530
1986/10/02,536,536,525,525,22000,525
1986/10/03,521,530,500,502,46000,502
1986/10/04,502,510,500,506,43000,506
1986/10/06,516,533,516,533,39000,533
1986/10/07,543,549,542,549,14000,549
1986/10/08,558,558,510,510,52000,510
1986/10/09,511,512,510,512,63000,512
1986/10/14,526,526,526,526,4000,526
1986/10/15,525,528,525,528,12000,528
1986/10/16,528,538,528,538,28000,538
1986/10/17,538,549,538,545,6000,545
1986/10/20,546,555,545,555,12000,555
1986/10/21,550,555,550,550,16000,550
1986/10/22,549,549,548,548,5000,548
1986/10/23,520,520,520,520,12000,520
1986/10/24,548,548,548,548,2000,548
1986/10/25,547,548,545,545,4000,545
1986/10/27,545,545,544,544,7000,544
1986/10/28,530,530,530,530,5000,530
1986/10/29,531,544,531,544,5000,544
1986/10/30,544,544,536,540,10000,540
1986/10/31,541,541,541,541,2000,541
1986/11/01,551,551,551,551,3000,551
1986/11/04,552,566,552,566,129000,566
1986/11/06,610,620,601,620,28000,620
1986/11/07,619,619,609,609,3000,609
1986/11/10,610,620,610,620,21000,620
1986/11/11,620,630,620,625,34000,625
1986/11/12,620,625,620,625,9000,625
1986/11/13,625,625,621,621,16000,621
1986/11/14,620,625,610,625,55000,625
1986/11/17,625,625,610,610,5000,610
1986/11/18,611,615,611,615,2000,615
1986/11/19,611,611,611,611,6000,611
1986/11/20,615,615,610,610,6000,610
1986/11/21,610,610,610,610,21000,610
1986/11/22,610,610,610,610,2000,610
1986/11/25,610,610,605,605,16000,605
1986/11/26,605,625,600,625,65000,625
1986/11/27,625,700,625,700,257000,700
1986/11/28,710,740,705,733,288000,733
1986/11/29,725,741,724,735,113000,735
1986/12/01,730,731,730,730,179000,730
1986/12/02,720,720,700,720,251000,720
1986/12/03,720,730,715,715,80000,715
1986/12/04,720,720,710,710,25000,710
1986/12/05,710,713,700,700,57000,700
1986/12/08,700,700,691,691,3000,691
1986/12/09,691,691,691,691,2000,691
1986/12/10,689,689,689,689,11000,689
1986/12/11,689,689,689,689,9000,689
1986/12/12,685,685,659,659,11000,659
1986/12/15,660,660,659,659,10000,659
1986/12/16,658,658,658,658,5000,658
1986/12/17,641,641,641,641,1000,641
1986/12/18,640,640,630,630,4000,630
1986/12/19,625,635,621,635,7000,635
1986/12/22,630,630,630,630,1000,630
1986/12/23,635,635,635,635,6000,635
1986/12/24,625,625,621,621,8000,621
1986/12/26,671,671,671,671,17000,671
1986/12/27,671,671,671,671,6000,671
1987/01/05,651,651,651,651,6000,651
1987/01/06,651,651,651,651,3000,651
1987/01/07,640,650,640,650,10000,650
1987/01/08,640,640,630,630,9000,630
1987/01/09,640,640,630,630,15000,630
1987/01/12,630,634,630,630,14000,630
1987/01/14,630,630,610,610,16000,610
1987/01/16,600,600,600,600,8000,600
1987/01/19,601,612,601,604,8000,604
1987/01/20,604,605,604,605,14000,605
1987/01/21,605,605,605,605,6000,605
1987/01/22,604,605,600,601,9000,601
1987/01/23,601,601,600,601,13000,601
1987/01/24,605,605,605,605,1000,605
1987/01/26,605,605,600,605,33000,605
1987/01/27,603,610,603,610,24000,610
1987/01/28,610,610,605,606,11000,606
1987/01/29,610,610,608,610,15000,610
1987/01/30,615,615,613,614,7000,614
1987/01/31,614,615,614,615,5000,615
1987/02/02,615,646,605,646,490000,646
1987/02/03,676,699,676,690,271000,690
1987/02/04,700,700,677,677,67000,677
1987/02/05,680,690,680,689,155000,689
1987/02/06,689,689,675,675,55000,675
1987/02/07,650,650,650,650,48000,650
1987/02/09,630,650,630,650,17000,650
1987/02/10,651,690,651,690,27000,690
1987/02/12,690,690,689,689,59000,689
1987/02/13,690,705,690,705,130000,705
1987/02/16,705,705,705,705,28000,705
1987/02/17,675,675,675,675,24000,675
1987/02/18,665,665,665,665,6000,665
1987/02/19,665,665,664,664,2000,664
1987/02/20,670,700,665,690,138000,690
1987/02/23,700,700,694,694,42000,694
1987/02/25,664,664,664,664,12000,664
1987/02/27,653,654,653,654,209000,654
1987/02/28,670,674,669,674,26000,674
1987/03/02,659,659,656,656,33000,656
1987/03/03,660,661,650,650,9000,650
1987/03/04,650,650,631,631,5000,631
1987/03/05,632,635,632,635,3000,635
1987/03/06,635,640,635,640,9000,640
1987/03/10,625,635,625,630,5000,630
1987/03/11,630,640,630,640,218000,640
1987/03/12,635,640,625,625,31000,625
1987/03/13,635,635,625,630,14000,630
1987/03/16,630,630,610,610,9000,610
1987/03/17,610,610,600,601,27000,601
1987/03/18,610,610,600,600,57000,600
1987/03/19,605,605,595,600,31000,600
1987/03/20,600,600,597,600,12000,600
1987/03/23,605,605,595,600,32000,600
1987/03/24,600,600,594,594,21000,594
1987/03/25,593,593,580,580,29000,580
1987/03/26,580,580,580,580,11000,580
1987/03/27,575,581,575,575,16000,575
1987/03/28,576,576,575,575,13000,575
1987/03/30,575,580,570,576,56000,576
1987/04/01,577,577,577,577,1000,577
1987/04/02,577,578,571,571,475000,571
1987/04/03,577,580,575,579,69000,579
1987/04/06,589,589,581,581,6000,581
1987/04/07,586,586,570,572,112000,572
1987/04/08,571,575,570,575,40000,575
1987/04/09,575,575,570,570,90000,570
1987/04/10,570,575,568,574,65000,574
1987/04/13,570,580,565,565,48000,565
1987/04/14,570,570,570,570,1000,570
1987/04/15,571,571,555,555,54000,555
1987/04/16,560,560,550,551,53000,551
1987/04/20,561,562,561,562,15000,562
1987/04/21,563,563,558,558,19000,558
1987/04/22,580,580,580,580,9000,580
1987/04/23,580,580,580,580,16000,580
1987/04/24,570,580,560,560,43000,560
1987/04/25,561,562,560,560,7000,560
1987/04/27,570,570,550,550,91000,550
1987/04/28,558,558,550,558,8000,558
1987/04/30,557,557,548,549,33000,549
1987/05/01,555,555,549,555,72000,555
1987/05/02,550,555,550,555,10000,555
1987/05/06,560,570,555,560,52000,560
1987/05/07,570,578,565,578,62000,578
1987/05/08,588,620,580,620,329000,620
1987/05/11,641,651,639,651,153000,651
1987/05/12,660,710,660,680,231000,680
1987/05/13,680,680,650,675,125000,675
1987/05/14,670,740,650,740,210000,740
1987/05/15,734,735,700,700,70000,700
1987/05/18,700,700,700,700,7000,700
1987/05/19,690,695,680,680,15000,680
1987/05/20,655,688,655,688,29000,688
1987/05/21,686,700,680,700,55000,700
1987/05/22,700,720,700,710,119000,710
1987/05/23,710,720,700,720,74000,720
1987/05/25,720,730,710,725,155000,725
1987/05/26,726,736,726,730,124000,730
1987/05/27,727,730,700,700,39000,700
1987/05/28,700,720,700,710,29000,710
1987/05/29,710,730,710,730,51000,730
1987/05/30,710,710,700,710,97000,710
1987/06/01,710,730,710,730,85000,730
1987/06/02,720,794,720,794,485000,794
1987/06/03,795,795,776,785,263000,785
1987/06/04,795,805,781,805,182000,805
1987/06/05,825,880,820,879,606000,879
1987/06/06,869,870,850,851,111000,851
1987/06/08,849,860,834,840,55000,840
1987/06/09,839,839,829,837,45000,837
1987/06/10,829,852,821,842,62000,842
1987/06/11,842,850,840,845,28000,845
1987/06/12,835,845,835,835,52000,835
1987/06/15,835,835,835,835,4000,835
1987/06/16,800,800,785,785,58000,785
1987/06/17,785,791,775,780,30000,780
1987/06/18,785,790,785,790,8000,790
1987/06/19,799,815,799,801,11000,801
1987/06/22,810,810,810,810,8000,810
1987/06/23,785,785,769,769,17000,769
1987/06/24,770,773,770,770,16000,770
1987/06/25,773,814,772,814,34000,814
1987/06/26,810,820,800,820,61000,820
1987/06/27,817,820,816,816,9000,816
1987/06/29,817,817,817,817,8000,817
1987/07/01,783,783,779,783,15000,783
1987/07/02,780,783,779,783,6000,783
1987/07/03,780,800,775,799,15000,799
1987/07/04,800,800,798,798,6000,798
1987/07/07,795,795,795,795,10000,795
1987/07/14,785,785,785,785,2000,785
1987/07/15,785,785,779,779,3000,779
1987/07/16,784,785,783,785,13000,785
1987/07/20,784,784,779,780,10000,780
1987/07/21,770,770,761,770,13000,770
1987/07/22,761,765,750,750,17000,750
1987/07/23,750,751,749,749,33000,749
1987/07/24,749,749,749,749,11000,749
1987/07/25,749,749,749,749,11000,749
1987/07/27,749,749,725,725,85000,725
1987/07/28,721,750,721,750,47000,750
1987/07/29,765,765,760,760,5000,760
1987/07/30,740,750,740,750,11000,750
1987/07/31,749,749,749,749,2000,749
1987/08/01,749,749,740,740,9000,740
1987/08/03,740,740,725,726,58000,726
1987/08/04,725,725,715,716,8000,716
1987/08/05,717,726,717,726,3000,726
1987/08/06,715,720,715,720,21000,720
1987/08/07,722,722,722,722,1000,722
1987/08/10,726,726,726,726,2000,726
1987/08/12,729,745,723,723,129000,723
1987/08/13,780,780,773,773,12000,773
1987/08/14,772,775,769,775,26000,775
1987/08/17,775,775,760,760,6000,760
1987/08/18,750,750,750,750,1000,750
1987/08/19,750,775,750,775,12000,775
1987/08/20,775,810,775,800,187000,800
1987/08/21,800,853,800,850,206000,850
1987/08/22,848,848,829,829,7000,829
1987/08/24,809,809,800,800,21000,800
1987/08/25,800,805,800,805,8000,805
1987/08/26,816,830,816,830,21000,830
1987/08/27,835,850,835,835,78000,835
1987/08/28,835,835,810,830,20000,830
1987/08/29,810,815,810,815,6000,815
1987/08/31,813,814,810,814,14000,814
1987/09/01,810,815,810,810,12000,810
1987/09/02,816,816,815,815,3000,815
1987/09/03,810,810,801,810,34000,810
1987/09/04,800,810,800,801,19000,801
1987/09/05,805,805,798,798,8000,798
1987/09/07,785,786,780,780,10000,780
1987/09/08,780,780,769,770,13000,770
1987/09/09,780,780,765,765,10000,765
1987/09/10,765,765,765,765,4000,765
1987/09/11,773,773,773,773,1000,773
1987/09/14,776,776,776,776,2000,776
1987/09/16,800,800,799,800,11000,800
1987/09/17,800,810,800,810,7000,810
1987/09/18,800,800,735,736,139000,736
1987/09/21,796,804,790,800,11000,800
1987/09/22,800,800,780,798,13000,798
1987/09/24,780,780,780,780,1000,780
1987/09/25,760,760,760,760,4000,760
1987/09/28,799,799,799,799,2000,799
1987/09/29,799,829,799,820,37000,820
1987/09/30,821,821,820,820,5000,820
1987/10/01,800,800,800,800,7000,800
1987/10/02,793,794,770,780,11000,780
1987/10/03,771,771,770,770,5000,770
1987/10/05,780,780,775,775,6000,775
1987/10/06,785,810,785,800,21000,800
1987/10/07,800,800,795,795,16000,795
1987/10/08,790,790,775,775,9000,775
1987/10/09,780,781,780,780,3000,780
1987/10/12,795,810,795,810,192000,810
1987/10/13,830,830,816,820,60000,820
1987/10/14,820,820,816,820,75000,820
1987/10/15,830,830,810,810,29000,810
1987/10/16,809,809,800,805,9000,805
1987/10/19,800,800,775,775,29000,775
1987/10/21,720,731,720,731,5000,731
1987/10/22,731,750,731,741,8000,741
1987/10/23,740,740,730,730,8000,730
1987/10/27,720,720,710,710,13000,710
1987/10/29,710,710,710,710,7000,710
1987/10/30,714,720,710,710,5000,710
1987/10/31,710,710,700,700,20000,700
1987/11/02,700,700,699,700,12000,700
1987/11/04,690,690,690,690,2000,690
1987/11/05,700,700,690,690,2000,690
1987/11/06,690,690,690,690,3000,690
1987/11/07,690,692,690,692,6000,692
1987/11/09,693,693,693,693,5000,693
1987/11/10,693,693,690,690,5000,690
1987/11/11,690,690,650,650,27000,650
1987/11/12,650,650,650,650,3000,650
1987/11/16,655,655,655,655,1000,655
1987/11/17,660,660,660,660,13000,660
1987/11/19,666,666,666,666,1000,666
1987/11/27,671,671,671,671,2000,671
1987/11/28,680,680,680,680,4000,680
1987/11/30,681,681,681,681,1000,681
1987/12/01,681,682,681,682,14000,682
1987/12/02,682,682,682,682,1000,682
1987/12/04,680,680,680,680,2000,680
1987/12/05,680,680,670,670,5000,670
1987/12/07,670,670,660,660,3000,660
1987/12/08,661,663,661,663,3000,663
1987/12/09,663,700,663,700,31000,700
1987/12/10,699,700,699,700,5000,700
1987/12/11,720,736,720,730,21000,730
1987/12/14,715,725,715,715,12000,715
1987/12/15,715,715,710,710,18000,710
1987/12/16,710,710,700,710,4000,710
1987/12/17,709,710,700,700,14000,700
1987/12/18,701,710,700,700,15000,700
1987/12/21,706,710,705,705,12000,705
1987/12/22,700,700,655,656,21000,656
1987/12/23,676,700,676,700,13000,700
1987/12/24,705,705,705,705,30000,705
1987/12/25,705,705,696,696,8000,696
1987/12/26,696,697,696,697,3000,697
1988/01/04,697,697,697,697,4000,697
1988/01/06,660,660,660,660,7000,660
1988/01/07,670,670,670,670,1000,670
1988/01/11,675,675,675,675,3000,675
1988/01/12,676,676,676,676,1000,676
1988/01/13,675,675,675,675,3000,675
1988/01/14,685,687,685,687,15000,687
1988/01/18,700,700,692,692,3000,692
1988/01/19,690,690,690,690,2000,690
1988/01/20,690,690,680,680,6000,680
1988/01/21,680,680,667,667,8000,667
1988/01/22,678,678,667,667,10000,667
1988/01/23,670,680,670,680,7000,680
1988/01/25,680,680,671,671,10000,671
1988/01/26,671,680,670,680,21000,680
1988/01/27,678,678,675,675,21000,675
1988/01/28,700,710,700,710,11000,710
1988/01/29,710,710,700,700,7000,700
1988/01/30,710,710,710,710,1000,710
1988/02/01,711,765,710,760,157000,760
1988/02/02,769,795,761,782,149000,782
1988/02/03,762,800,761,797,142000,797
1988/02/04,799,800,780,780,98000,780
1988/02/05,799,799,780,790,33000,790
1988/02/06,790,825,790,815,176000,815
1988/02/08,815,815,801,810,120000,810
1988/02/09,810,815,796,796,45000,796
1988/02/10,800,810,790,790,60000,790
1988/02/12,795,809,785,785,57000,785
1988/02/15,784,807,780,807,50000,807
1988/02/16,808,808,790,793,30000,793
1988/02/17,800,800,780,783,71000,783
1988/02/18,785,788,785,785,21000,785
1988/02/19,785,785,780,785,30000,785
1988/02/22,799,820,795,796,104000,796
1988/02/23,800,810,795,806,80000,806
1988/02/24,807,810,800,803,81000,803
1988/02/25,810,890,806,890,398000,890
1988/02/26,880,880,846,876,172000,876
1988/02/27,874,874,853,860,23000,860
1988/02/29,858,885,850,870,167000,870
1988/03/01,890,891,879,890,237000,890
1988/03/02,890,914,880,908,243000,908
1988/03/03,901,910,885,910,102000,910
1988/03/04,918,918,890,908,149000,908
1988/03/05,910,910,880,880,73000,880
1988/03/07,890,890,870,870,35000,870
1988/03/08,860,860,850,860,34000,860
1988/03/09,857,858,830,850,49000,850
1988/03/10,860,871,860,871,98000,871
1988/03/11,870,870,850,870,47000,870
1988/03/14,857,860,857,857,28000,857
1988/03/15,850,894,850,890,97000,890
1988/03/16,895,990,895,990,1197000,990
1988/03/17,940,950,930,950,118000,950
1988/03/18,950,960,921,921,91000,921
1988/03/22,931,931,910,910,44000,910
1988/03/23,911,911,881,890,46000,890
1988/03/24,887,887,850,850,32000,850
1988/03/25,851,859,851,851,33000,851
1988/03/26,839,850,810,810,21000,810
1988/03/28,857,867,857,867,17000,867
1988/03/29,865,865,850,850,4000,850
1988/03/30,870,870,870,870,26000,870
1988/03/31,885,885,865,875,43000,875
1988/04/01,876,876,851,875,25000,875
1988/04/02,900,920,900,920,30000,920
1988/04/04,910,920,890,910,24000,910
1988/04/05,901,910,900,900,25000,900
1988/04/06,910,910,889,889,5000,889
1988/04/07,879,889,879,879,9000,879
1988/04/08,890,910,890,910,47000,910
1988/04/11,920,920,890,890,20000,890
1988/04/12,910,910,889,889,16000,889
1988/04/13,879,879,859,860,19000,860
1988/04/14,866,876,866,870,13000,870
1988/04/15,872,872,860,870,36000,870
1988/04/18,910,910,905,905,55000,905
1988/04/19,885,900,885,900,14000,900
1988/04/20,881,890,881,890,11000,890
1988/04/21,905,905,896,896,21000,896
1988/04/22,909,940,900,940,138000,940
1988/04/23,940,950,930,950,100000,950
1988/04/25,970,980,951,960,169000,960
1988/04/26,965,965,949,950,97000,950
1988/04/27,950,950,930,930,54000,930
1988/04/28,930,930,920,920,16000,920
1988/04/30,926,930,921,930,9000,930
1988/05/02,940,940,930,930,29000,930
1988/05/06,940,940,930,934,44000,934
1988/05/07,934,934,925,930,11000,930
1988/05/09,930,931,920,920,52000,920
1988/05/10,920,920,906,915,31000,915
1988/05/11,940,950,939,940,70000,940
1988/05/12,940,1010,940,988,363000,988
1988/05/13,998,1040,991,991,637000,991
1988/05/16,1010,1020,995,1010,235000,1010
1988/05/17,1020,1020,991,993,296000,993
1988/05/18,1000,1020,990,990,35000,990
1988/05/19,1000,1050,998,1040,293000,1040
1988/05/20,1060,1120,999,1010,859000,1010
1988/05/23,1040,1050,1010,1030,506000,1030
1988/05/24,1040,1060,1020,1060,391000,1060
1988/05/25,1080,1080,990,990,923000,990
1988/05/26,1030,1040,1020,1020,364000,1020
1988/05/27,1040,1070,1030,1060,562000,1060
1988/05/28,1080,1110,1030,1030,588000,1030
1988/05/30,1050,1120,1050,1120,500000,1120
1988/05/31,1140,1160,1100,1150,1136000,1150
1988/06/01,1150,1150,1100,1100,530000,1100
1988/06/02,1100,1140,1090,1140,274000,1140
1988/06/03,1150,1240,1140,1180,1363000,1180
1988/06/04,1190,1190,1160,1160,264000,1160
1988/06/06,1160,1180,1150,1170,166000,1170
1988/06/07,1170,1170,1120,1120,160000,1120
1988/06/08,1130,1160,1120,1160,235000,1160
1988/06/09,1170,1170,1080,1080,150000,1080
1988/06/10,1100,1120,1090,1100,37000,1100
1988/06/13,1060,1090,1050,1050,64000,1050
1988/06/14,1070,1080,1050,1080,66000,1080
1988/06/15,1110,1130,1070,1080,87000,1080
1988/06/16,1080,1090,1060,1090,50000,1090
1988/06/17,1100,1130,1090,1130,128000,1130
1988/06/20,1130,1130,1060,1060,55000,1060
1988/06/21,1090,1090,1050,1060,49000,1060
1988/06/22,1080,1080,1050,1050,50000,1050
1988/06/23,1050,1070,1050,1050,76000,1050
1988/06/24,1050,1100,1050,1100,14000,1100
1988/06/25,1050,1070,1050,1070,75000,1070
1988/06/27,1060,1070,1060,1070,16000,1070
1988/06/28,1050,1060,1050,1050,165000,1050
1988/06/29,1050,1080,1050,1080,32000,1080
1988/06/30,1060,1070,1050,1060,40000,1060
1988/07/01,1050,1070,1050,1070,78000,1070
1988/07/02,1060,1060,1050,1050,24000,1050
1988/07/04,1030,1070,1030,1070,17000,1070
1988/07/05,1050,1050,1050,1050,38000,1050
1988/07/06,1050,1080,1040,1040,18000,1040
1988/07/07,1040,1040,1040,1040,15000,1040
1988/07/08,1040,1040,1010,1040,71000,1040
1988/07/11,1040,1050,1040,1040,20000,1040
1988/07/12,1050,1050,1030,1030,44000,1030
1988/07/13,1030,1040,1030,1040,80000,1040
1988/07/14,1040,1040,1030,1030,66000,1030
1988/07/15,1030,1040,1020,1040,35000,1040
1988/07/18,1030,1030,980,980,45000,980
1988/07/19,979,980,968,968,30000,968
1988/07/20,968,980,960,960,61000,960
1988/07/21,950,951,939,949,40000,949
1988/07/22,915,926,915,926,39000,926
1988/07/23,926,936,926,926,34000,926
1988/07/25,925,925,900,900,44000,900
1988/07/26,890,900,890,895,40000,895
1988/07/27,895,900,890,895,58000,895
1988/07/28,896,896,880,880,56000,880
1988/07/29,860,895,860,895,84000,895
1988/07/30,901,911,901,901,9000,901
1988/08/01,910,910,901,910,15000,910
1988/08/02,911,925,911,925,11000,925
1988/08/03,920,930,905,905,43000,905
1988/08/04,915,925,915,925,10000,925
1988/08/05,925,930,920,926,168000,926
1988/08/06,927,930,925,926,122000,926
1988/08/08,927,946,927,927,49000,927
1988/08/09,930,930,930,930,24000,930
1988/08/10,920,920,920,920,45000,920
1988/08/11,940,940,930,930,17000,930
1988/08/12,920,930,906,906,45000,906
1988/08/16,936,948,930,935,47000,935
1988/08/17,941,941,940,940,29000,940
1988/08/18,932,951,932,950,75000,950
1988/08/19,940,950,940,940,34000,940
1988/08/22,934,940,934,940,13000,940
1988/08/23,922,923,922,922,23000,922
1988/08/24,922,950,922,925,59000,925
1988/08/25,935,935,922,922,24000,922
1988/08/26,915,920,900,900,5000,900
1988/08/27,900,900,899,899,3000,899
1988/08/29,899,900,882,882,22000,882
1988/08/30,883,884,880,880,44000,880
1988/08/31,884,887,884,887,43000,887
1988/09/01,885,885,872,872,39000,872
1988/09/02,873,873,850,850,61000,850
1988/09/03,855,871,855,871,38000,871
1988/09/05,881,891,881,891,10000,891
1988/09/06,890,898,890,898,24000,898
1988/09/07,895,899,895,899,17000,899
1988/09/08,895,900,887,887,33000,887
1988/09/09,888,890,888,890,29000,890
1988/09/12,890,900,890,890,33000,890
1988/09/13,890,890,890,890,33000,890
1988/09/14,890,899,890,899,30000,899
1988/09/16,895,900,890,900,35000,900
1988/09/19,895,901,890,890,28000,890
1988/09/20,887,900,881,890,45000,890
1988/09/22,870,870,850,850,12000,850
1988/09/24,835,835,821,821,38000,821
1988/09/26,823,850,822,830,98000,830
1988/09/27,832,850,832,850,15000,850
1988/09/28,880,880,880,880,34000,880
1988/09/29,879,879,869,869,6000,869
1988/09/30,879,881,879,881,11000,881
1988/10/01,885,885,869,879,30000,879
1988/10/03,880,880,880,880,3000,880
1988/10/04,860,860,860,860,5000,860
1988/10/05,859,859,850,850,20000,850
1988/10/06,850,850,850,850,1000,850
1988/10/07,850,850,840,840,13000,840
1988/10/11,840,840,835,835,6000,835
1988/10/13,825,830,820,830,49000,830
1988/10/14,820,820,820,820,12000,820
1988/10/17,815,820,815,815,18000,815
1988/10/18,810,815,810,815,12000,815
1988/10/19,805,815,805,815,12000,815
1988/10/20,806,810,805,805,20000,805
1988/10/21,805,810,805,809,28000,809
1988/10/22,815,815,805,806,3000,806
1988/10/24,806,806,805,805,12000,805
1988/10/25,806,806,806,806,1000,806
1988/10/26,806,810,806,806,27000,806
1988/10/27,806,820,806,820,27000,820
1988/10/28,820,820,810,820,85000,820
1988/10/29,811,813,811,811,6000,811
1988/10/31,816,816,815,816,28000,816
1988/11/01,817,820,817,820,2000,820
1988/11/02,821,823,821,823,10000,823
1988/11/04,826,840,826,830,18000,830
1988/11/05,839,850,837,837,15000,837
1988/11/08,830,831,825,825,56000,825
1988/11/09,831,841,826,841,24000,841
1988/11/10,830,830,825,825,8000,825
1988/11/11,830,848,825,848,12000,848
1988/11/14,858,878,858,878,13000,878
1988/11/15,888,897,884,890,59000,890
1988/11/16,910,910,901,901,29000,901
1988/11/17,897,897,875,875,9000,875
1988/11/18,870,900,862,900,68000,900
1988/11/21,915,915,900,908,31000,908
1988/11/22,909,918,900,900,45000,900
1988/11/24,910,910,902,909,24000,909
1988/11/25,909,921,909,921,41000,921
1988/11/26,927,930,926,930,8000,930
1988/11/28,920,950,920,950,65000,950
1988/11/29,947,990,937,986,78000,986
1988/11/30,996,999,970,985,93000,985
1988/12/01,985,990,984,984,15000,984
1988/12/05,964,964,954,954,14000,954
1988/12/06,960,965,960,960,58000,960
1988/12/07,960,960,950,960,8000,960
1988/12/08,959,987,959,960,58000,960
1988/12/09,960,987,960,987,46000,987
1988/12/12,990,990,987,987,22000,987
1988/12/13,987,987,975,975,8000,975
1988/12/14,970,970,970,970,14000,970
1988/12/15,969,970,955,970,16000,970
1988/12/16,960,960,960,960,15000,960
1988/12/19,960,965,959,965,6000,965
1988/12/20,960,970,960,960,60000,960
1988/12/22,950,950,950,950,21000,950
1988/12/23,960,960,960,960,315000,960
1988/12/24,937,937,936,936,5000,936
1988/12/26,936,936,936,936,2000,936
1988/12/27,930,930,910,910,12000,910
1988/12/28,910,910,900,900,8000,900
1989/01/05,911,911,911,911,2000,911
1989/01/06,941,941,939,939,43000,939
1989/01/09,941,955,941,950,17000,950
1989/01/10,941,965,941,945,22000,945
1989/01/11,969,980,950,950,131000,950
1989/01/12,980,1010,980,1000,139000,1000
1989/01/13,999,1000,990,1000,140000,1000
1989/01/17,1000,1040,1000,1030,78000,1030
1989/01/18,1050,1060,1040,1060,91000,1060
1989/01/19,1050,1100,1050,1060,180000,1060
1989/01/20,1080,1140,1070,1130,266000,1130
1989/01/23,1130,1140,1120,1140,124000,1140
1989/01/24,1140,1180,1090,1170,204000,1170
1989/01/25,1150,1160,1150,1150,69000,1150
1989/01/26,1150,1150,1130,1130,94000,1130
1989/01/27,1110,1110,1050,1050,18000,1050
1989/01/28,1080,1090,1070,1070,16000,1070
1989/01/30,1090,1090,1050,1050,53000,1050
1989/01/31,1050,1110,1030,1110,91000,1110
1989/02/01,1110,1110,1090,1090,13000,1090
1989/02/02,1090,1100,1090,1090,13000,1090
1989/02/03,1100,1100,1090,1090,78000,1090
1989/02/06,1110,1140,1090,1140,88000,1140
1989/02/07,1140,1150,1130,1130,112000,1130
1989/02/08,1150,1150,1110,1120,39000,1120
1989/02/09,1110,1160,1110,1130,129000,1130
1989/02/10,1130,1130,1120,1130,57000,1130
1989/02/13,1070,1120,1070,1110,18000,1110
1989/02/14,1090,1090,1090,1090,3000,1090
1989/02/15,1080,1100,1070,1070,17000,1070
1989/02/16,1060,1090,1040,1040,29000,1040
1989/02/20,1080,1080,1080,1080,2000,1080
1989/02/21,1060,1060,1030,1030,13000,1030
1989/02/22,1070,1070,1070,1070,3000,1070
1989/02/23,1050,1070,1020,1070,26000,1070
1989/02/27,1070,1070,1010,1060,39000,1060
1989/02/28,1040,1050,1040,1050,8000,1050
1989/03/01,1030,1030,1020,1030,31000,1030
1989/03/02,1040,1040,1020,1020,26000,1020
1989/03/03,1020,1050,1010,1050,32000,1050
1989/03/06,1040,1050,1040,1040,32000,1040
1989/03/07,1030,1050,1030,1050,39000,1050
1989/03/08,1050,1060,1050,1060,25000,1060
1989/03/09,1040,1040,1020,1020,4000,1020
1989/03/10,1060,1060,1050,1050,14000,1050
1989/03/13,1040,1080,1010,1080,66000,1080
1989/03/14,1080,1120,1080,1110,57000,1110
1989/03/15,1100,1130,1100,1110,41000,1110
1989/03/16,1120,1120,1110,1110,42000,1110
1989/03/17,1110,1110,1040,1040,49000,1040
1989/03/20,1050,1090,1050,1090,13000,1090
1989/03/22,1110,1110,1100,1100,11000,1100
1989/03/23,1050,1060,1050,1050,17000,1050
1989/03/24,1050,1050,1040,1050,16000,1050
1989/03/27,1050,1100,1050,1100,54000,1100
1989/03/28,1050,1060,1040,1040,24000,1040
1989/03/29,1040,1090,1040,1090,30000,1090
1989/03/30,1050,1050,1050,1050,4000,1050
1989/03/31,1060,1060,1040,1040,5000,1040
1989/04/03,1050,1050,1050,1050,6000,1050
1989/04/04,1050,1050,1050,1050,8000,1050
1989/04/05,1050,1050,1040,1040,5000,1040
1989/04/06,1040,1040,1040,1040,2000,1040
1989/04/07,1020,1020,1000,1000,57000,1000
1989/04/10,1030,1030,1020,1020,2000,1020
1989/04/11,1020,1020,1020,1020,7000,1020
1989/04/12,1030,1040,1020,1020,64000,1020
1989/04/13,1020,1040,1010,1010,7000,1010
1989/04/14,1010,1040,1010,1040,16000,1040
1989/04/17,1040,1050,1030,1050,18000,1050
1989/04/18,1050,1070,1010,1020,30000,1020
1989/04/19,1020,1020,1020,1020,6000,1020
1989/04/20,1030,1030,1020,1020,16000,1020
1989/04/21,1020,1020,1020,1020,9000,1020
1989/04/24,1010,1020,1010,1020,9000,1020
1989/04/25,1010,1010,1000,1010,22000,1010
1989/04/26,1010,1010,1010,1010,19000,1010
1989/04/27,1040,1040,1040,1040,15000,1040
1989/04/28,1040,1040,1010,1010,23000,1010
1989/05/01,1030,1030,1000,1000,56000,1000
1989/05/02,1040,1100,1030,1050,44000,1050
1989/05/08,1060,1060,1060,1060,44000,1060
1989/05/09,1060,1060,1050,1050,65000,1050
1989/05/10,1050,1060,1040,1050,145000,1050
1989/05/11,1060,1070,1060,1060,76000,1060
1989/05/12,1060,1060,1060,1060,42000,1060
1989/05/15,1080,1080,1050,1050,34000,1050
1989/05/16,1070,1070,1050,1070,67000,1070
1989/05/17,1070,1070,1060,1060,42000,1060
1989/05/18,1070,1070,1060,1060,31000,1060
1989/05/19,1060,1060,1060,1060,4000,1060
1989/05/22,1080,1080,1060,1060,31000,1060
1989/05/23,1060,1070,1040,1040,61000,1040
1989/05/24,1060,1070,1040,1040,78000,1040
1989/05/25,1080,1080,1050,1050,123000,1050
1989/05/26,1070,1180,1060,1130,961000,1130
1989/05/29,1160,1180,1150,1180,679000,1180
1989/05/30,1180,1180,1140,1150,107000,1150
1989/05/31,1170,1220,1170,1210,724000,1210
1989/06/01,1220,1220,1190,1190,260000,1190
1989/06/02,1180,1210,1180,1200,87000,1200
1989/06/05,1190,1200,1150,1150,75000,1150
1989/06/06,1130,1150,1110,1140,53000,1140
1989/06/07,1140,1180,1130,1130,29000,1130
1989/06/08,1160,1170,1150,1170,25000,1170
1989/06/09,1150,1170,1130,1160,12000,1160
1989/06/12,1140,1150,1140,1140,5000,1140
1989/06/13,1140,1140,1100,1100,55000,1100
1989/06/14,1110,1120,1080,1080,70000,1080
1989/06/15,1110,1130,1100,1100,16000,1100
1989/06/16,1090,1100,1090,1090,20000,1090
1989/06/19,1100,1100,1100,1100,14000,1100
1989/06/20,1100,1150,1090,1090,34000,1090
1989/06/21,1090,1100,1090,1100,24000,1100
1989/06/22,1100,1100,1100,1100,14000,1100
1989/06/23,1090,1090,1070,1080,61000,1080
1989/06/26,1080,1080,1070,1070,29000,1070
1989/06/27,1070,1070,1050,1070,60000,1070
1989/06/28,1070,1080,1030,1050,171000,1050
1989/06/29,1070,1150,1070,1140,37000,1140
1989/06/30,1150,1150,1130,1130,27000,1130
1989/07/03,1130,1190,1130,1190,204000,1190
1989/07/04,1210,1230,1210,1220,254000,1220
1989/07/05,1240,1240,1200,1210,206000,1210
1989/07/06,1210,1210,1190,1190,22000,1190
1989/07/07,1210,1210,1140,1150,115000,1150
1989/07/10,1190,1190,1150,1160,24000,1160
1989/07/11,1180,1180,1160,1160,38000,1160
1989/07/12,1180,1190,1180,1190,24000,1190
1989/07/13,1180,1190,1170,1170,10000,1170
1989/07/14,1160,1160,1150,1160,12000,1160
1989/07/17,1200,1240,1190,1240,313000,1240
1989/07/18,1240,1240,1210,1210,72000,1210
1989/07/19,1190,1190,1180,1180,14000,1180
1989/07/20,1180,1190,1160,1160,36000,1160
1989/07/21,1160,1160,1140,1150,46000,1150
1989/07/24,1160,1180,1160,1180,3000,1180
1989/07/25,1170,1190,1170,1180,13000,1180
1989/07/26,1170,1190,1160,1160,19000,1160
1989/07/27,1200,1200,1170,1180,18000,1180
1989/07/28,1190,1220,1190,1220,55000,1220
1989/07/31,1230,1230,1200,1210,84000,1210
1989/08/01,1210,1230,1200,1230,60000,1230
1989/08/02,1230,1240,1210,1240,139000,1240
1989/08/03,1240,1260,1240,1260,136000,1260
1989/08/04,1250,1250,1240,1250,63000,1250
1989/08/07,1250,1250,1230,1230,71000,1230
1989/08/08,1240,1240,1210,1220,19000,1220
1989/08/09,1220,1220,1210,1210,8000,1210
1989/08/10,1230,1250,1230,1240,71000,1240
1989/08/11,1250,1250,1240,1250,48000,1250
1989/08/14,1240,1250,1230,1240,10000,1240
1989/08/15,1240,1240,1200,1240,20000,1240
1989/08/16,1240,1240,1220,1240,14000,1240
1989/08/17,1230,1240,1220,1230,21000,1230
1989/08/18,1230,1240,1210,1210,21000,1210
1989/08/21,1210,1210,1200,1210,24000,1210
1989/08/22,1230,1230,1200,1230,69000,1230
1989/08/23,1240,1260,1220,1260,68000,1260
1989/08/24,1260,1260,1230,1230,40000,1230
1989/08/25,1240,1250,1230,1230,70000,1230
1989/08/28,1240,1240,1230,1230,40000,1230
1989/08/29,1250,1260,1240,1250,76000,1250
1989/08/30,1250,1300,1250,1280,575000,1280
1989/08/31,1300,1340,1290,1310,637000,1310
1989/09/01,1320,1320,1290,1290,121000,1290
1989/09/04,1310,1310,1290,1290,62000,1290
1989/09/05,1310,1350,1300,1350,192000,1350
1989/09/06,1350,1390,1350,1390,290000,1390
1989/09/07,1380,1480,1370,1450,546000,1450
1989/09/08,1450,1460,1420,1460,408000,1460
1989/09/11,1480,1550,1470,1530,561000,1530
1989/09/12,1500,1520,1480,1490,224000,1490
1989/09/13,1460,1470,1430,1470,98000,1470
1989/09/14,1450,1470,1450,1460,66000,1460
1989/09/18,1440,1450,1400,1410,89000,1410
1989/09/19,1420,1440,1410,1430,29000,1430
1989/09/20,1410,1410,1380,1380,82000,1380
1989/09/21,1380,1450,1360,1450,158000,1450
1989/09/22,1430,1450,1390,1450,48000,1450
1989/09/25,1450,1450,1430,1450,70000,1450
1989/09/26,1450,1540,1450,1520,270000,1520
1989/09/27,1520,1600,1520,1590,189000,1590
1989/09/28,1580,1600,1540,1540,151000,1540
1989/09/29,1540,1590,1520,1550,78000,1550
1989/10/02,1580,1580,1550,1550,59000,1550
1989/10/03,1580,1590,1500,1500,159000,1500
1989/10/04,1520,1660,1520,1630,173000,1630
1989/10/05,1650,1800,1640,1700,339000,1700
1989/10/06,1650,1680,1650,1670,50000,1670
1989/10/09,1660,1700,1660,1660,22000,1660
1989/10/11,1680,1680,1630,1630,51000,1630
1989/10/12,1640,1690,1630,1650,74000,1650
1989/10/13,1650,1650,1620,1650,99000,1650
1989/10/16,1590,1630,1590,1620,41000,1620
1989/10/17,1620,1630,1600,1630,80000,1630
1989/10/18,1580,1620,1580,1610,25000,1610
1989/10/19,1580,1630,1580,1610,181000,1610
1989/10/20,1600,1630,1560,1560,25000,1560
1989/10/23,1570,1650,1570,1640,61000,1640
1989/10/24,1630,1630,1600,1600,40000,1600
1989/10/25,1600,1630,1600,1600,102000,1600
1989/10/26,1600,1650,1580,1650,77000,1650
1989/10/27,1650,1650,1590,1590,65000,1590
1989/10/30,1590,1600,1580,1590,64000,1590
1989/10/31,1580,1630,1580,1590,20000,1590
1989/11/01,1620,1680,1600,1600,246000,1600
1989/11/02,1620,1620,1580,1590,55000,1590
1989/11/06,1600,1600,1580,1580,27000,1580
1989/11/08,1560,1620,1560,1610,25000,1610
1989/11/09,1600,1600,1580,1580,10000,1580
1989/11/10,1580,1580,1580,1580,1000,1580
1989/11/13,1550,1550,1500,1510,7000,1510
1989/11/14,1490,1530,1490,1530,9000,1530
1989/11/15,1500,1510,1500,1510,5000,1510
1989/11/16,1500,1500,1490,1490,12000,1490
1989/11/17,1490,1500,1480,1500,24000,1500
1989/11/20,1500,1560,1500,1560,4000,1560
1989/11/21,1530,1590,1530,1550,19000,1550
1989/11/22,1550,1550,1500,1500,30000,1500
1989/11/24,1520,1520,1500,1500,21000,1500
1989/11/27,1510,1510,1480,1480,41000,1480
1989/11/28,1490,1500,1460,1500,51000,1500
1989/11/29,1500,1500,1480,1480,9000,1480
1989/11/30,1460,1480,1450,1460,20000,1460
1989/12/01,1460,1460,1450,1450,17000,1450
1989/12/04,1510,1600,1500,1600,23000,1600
1989/12/05,1570,1590,1550,1580,14000,1580
1989/12/06,1590,1590,1580,1580,13000,1580
1989/12/07,1550,1570,1540,1540,12000,1540
1989/12/08,1540,1540,1540,1540,1000,1540
1989/12/11,1500,1510,1500,1510,12000,1510
1989/12/12,1520,1520,1500,1500,13000,1500
1989/12/13,1500,1530,1490,1490,20000,1490
1989/12/14,1500,1500,1500,1500,17000,1500
1989/12/15,1520,1580,1520,1570,74000,1570
1989/12/18,1600,1600,1550,1550,25000,1550
1989/12/19,1560,1560,1540,1540,33000,1540
1989/12/20,1520,1590,1520,1570,24000,1570
1989/12/21,1570,1730,1570,1650,140000,1650
1989/12/22,1650,1760,1600,1650,247000,1650
1989/12/25,1650,1650,1620,1650,22000,1650
1989/12/26,1650,1700,1640,1640,82000,1640
1989/12/27,1640,1660,1620,1620,39000,1620
1989/12/28,1590,1600,1590,1600,11000,1600
1989/12/29,1620,1650,1600,1630,59000,1630
1990/01/05,1630,1690,1580,1600,97000,1600
1990/01/08,1580,1580,1580,1580,22000,1580
1990/01/09,1580,1580,1550,1570,18000,1570
1990/01/11,1570,1640,1560,1600,51000,1600
1990/01/12,1600,1610,1590,1600,37000,1600
1990/01/16,1600,1640,1590,1640,111000,1640
1990/01/17,1640,1660,1640,1640,70000,1640
1990/01/18,1650,1680,1640,1680,139000,1680
1990/01/19,1650,1820,1630,1750,191000,1750
1990/01/22,1750,1750,1700,1700,31000,1700
1990/01/23,1700,1760,1670,1670,25000,1670
1990/01/24,1700,1700,1700,1700,11000,1700
1990/01/25,1700,1700,1700,1700,12000,1700
1990/01/26,1670,1670,1600,1660,27000,1660
1990/01/29,1620,1700,1620,1630,20000,1630
1990/01/30,1650,1720,1650,1700,19000,1700
1990/01/31,1670,1750,1670,1700,68000,1700
1990/02/01,1730,1730,1710,1710,28000,1710
1990/02/02,1710,1710,1700,1700,10000,1700
1990/02/05,1730,1730,1680,1680,10000,1680
1990/02/06,1690,1690,1620,1630,47000,1630
1990/02/07,1640,1640,1630,1630,12000,1630
1990/02/08,1630,1650,1620,1620,13000,1620
1990/02/09,1650,1740,1640,1730,52000,1730
1990/02/13,1740,1740,1710,1710,19000,1710
1990/02/14,1710,1720,1710,1720,25000,1720
1990/02/15,1660,1660,1660,1660,16000,1660
1990/02/16,1680,1710,1640,1650,19000,1650
1990/02/19,1700,1700,1680,1680,2000,1680
1990/02/21,1660,1660,1660,1660,2000,1660
1990/02/22,1660,1720,1660,1720,26000,1720
1990/02/23,1750,1750,1650,1710,54000,1710
1990/02/26,1500,1500,1500,1500,4000,1500
1990/02/27,1520,1580,1520,1580,22000,1580
1990/02/28,1640,1690,1640,1680,31000,1680
1990/03/01,1620,1670,1620,1620,51000,1620
1990/03/02,1620,1690,1600,1690,76000,1690
1990/03/05,1680,1690,1660,1660,40000,1660
1990/03/06,1670,1700,1650,1690,118000,1690
1990/03/07,1700,1710,1660,1660,54000,1660
1990/03/08,1660,1680,1660,1660,41000,1660
1990/03/09,1660,1680,1660,1660,46000,1660
1990/03/12,1680,1680,1660,1660,13000,1660
1990/03/13,1690,1700,1660,1670,207000,1670
1990/03/14,1660,1700,1660,1700,40000,1700
1990/03/15,1690,1690,1670,1670,66000,1670
1990/03/16,1640,1690,1640,1660,19000,1660
1990/03/19,1680,1680,1580,1580,41000,1580
1990/03/20,1560,1570,1520,1520,3000,1520
1990/03/22,1550,1550,1520,1550,51000,1550
1990/03/23,1550,1600,1520,1600,76000,1600
1990/03/26,1550,1600,1520,1530,41000,1530
1990/03/27,1560,1560,1530,1540,22000,1540
1990/03/29,1540,1670,1540,1650,197000,1650
1990/03/30,1650,1650,1610,1610,7000,1610
1990/04/02,1590,1590,1530,1550,14000,1550
1990/04/03,1520,1540,1490,1540,57000,1540
1990/04/04,1510,1510,1490,1490,4000,1490
1990/04/05,1370,1370,1370,1370,17000,1370
1990/04/06,1330,1330,1320,1320,2000,1320
1990/04/09,1400,1420,1400,1420,13000,1420
1990/04/11,1430,1470,1420,1450,24000,1450
1990/04/12,1470,1510,1470,1500,29000,1500
1990/04/16,1450,1450,1450,1450,15000,1450
1990/04/18,1350,1350,1340,1340,19000,1340
1990/04/19,1340,1400,1340,1360,11000,1360
1990/04/20,1370,1370,1300,1300,13000,1300
1990/04/23,1310,1390,1310,1390,12000,1390
1990/04/24,1340,1360,1340,1360,16000,1360
1990/04/25,1360,1360,1360,1360,1000,1360
1990/04/26,1330,1340,1320,1320,21000,1320
1990/04/27,1320,1320,1300,1320,23000,1320
1990/05/01,1320,1320,1300,1300,18000,1300
1990/05/02,1300,1310,1300,1310,13000,1310
1990/05/07,1350,1350,1350,1350,11000,1350
1990/05/08,1370,1380,1370,1370,16000,1370
1990/05/09,1380,1380,1380,1380,1000,1380
1990/05/10,1450,1450,1450,1450,3000,1450
1990/05/11,1450,1450,1450,1450,17000,1450
1990/05/14,1480,1480,1480,1480,3000,1480
1990/05/15,1480,1520,1480,1520,16000,1520
1990/05/16,1530,1550,1520,1550,24000,1550
1990/05/17,1540,1540,1540,1540,10000,1540
1990/05/18,1540,1540,1510,1510,4000,1510
1990/05/22,1520,1520,1520,1520,8000,1520
1990/05/23,1500,1500,1500,1500,16000,1500
1990/05/24,1500,1530,1490,1490,55000,1490
1990/05/29,1470,1480,1460,1470,41000,1470
1990/05/30,1470,1470,1470,1470,20000,1470
1990/05/31,1470,1470,1470,1470,12000,1470
1990/06/01,1470,1530,1470,1530,7000,1530
1990/06/05,1490,1490,1470,1470,5000,1470
1990/06/06,1490,1490,1470,1470,2000,1470
1990/06/07,1470,1470,1450,1470,10000,1470
1990/06/08,1460,1490,1460,1470,18000,1470
1990/06/11,1460,1500,1450,1500,66000,1500
1990/06/12,1500,1530,1500,1530,103000,1530
1990/06/13,1530,1540,1520,1530,30000,1530
1990/06/14,1540,1600,1500,1600,49000,1600
1990/06/15,1610,1690,1600,1690,165000,1690
1990/06/18,1680,1700,1680,1690,162000,1690
1990/06/19,1630,1680,1630,1660,36000,1660
1990/06/20,1650,1690,1650,1670,159000,1670
1990/06/21,1660,1690,1660,1690,81000,1690
1990/06/22,1690,1730,1680,1710,147000,1710
1990/06/25,1660,1660,1620,1620,27000,1620
1990/06/26,1620,1660,1620,1640,34000,1640
1990/06/27,1620,1650,1610,1650,15000,1650
1990/06/28,1620,1640,1590,1590,54000,1590
1990/06/29,1620,1630,1600,1600,8000,1600
1990/07/02,1600,1650,1600,1650,15000,1650
1990/07/03,1630,1660,1630,1630,18000,1630
1990/07/04,1630,1630,1630,1630,2000,1630
1990/07/05,1630,1630,1630,1630,6000,1630
1990/07/06,1630,1770,1630,1770,745000,1770
1990/07/09,1790,1790,1740,1740,33000,1740
1990/07/10,1730,1750,1730,1730,12000,1730
1990/07/11,1710,1710,1710,1710,1000,1710
1990/07/12,1720,1720,1660,1660,7000,1660
1990/07/16,1690,1720,1690,1720,7000,1720
1990/07/17,1720,1720,1710,1710,7000,1710
1990/07/18,1680,1710,1680,1710,24000,1710
1990/07/19,1680,1700,1680,1700,8000,1700
1990/07/20,1670,1670,1670,1670,4000,1670
1990/07/23,1630,1630,1630,1630,4000,1630
1990/07/24,1590,1590,1590,1590,3000,1590
1990/07/25,1590,1590,1580,1580,12000,1580
1990/07/26,1580,1580,1580,1580,2000,1580
1990/07/27,1580,1590,1580,1580,9000,1580
1990/07/30,1490,1490,1490,1490,4000,1490
1990/07/31,1540,1540,1540,1540,4000,1540
1990/08/01,1550,1560,1550,1560,7000,1560
1990/08/02,1560,1600,1560,1600,3000,1600
1990/08/03,1560,1560,1520,1520,16000,1520
1990/08/06,1490,1490,1490,1490,1000,1490
1990/08/07,1430,1450,1430,1430,11000,1430
1990/08/08,1450,1450,1430,1430,3000,1430
1990/08/09,1430,1440,1400,1400,5000,1400
1990/08/10,1400,1400,1400,1400,37000,1400
1990/08/14,1350,1350,1350,1350,2000,1350
1990/08/17,1390,1400,1390,1400,53000,1400
1990/08/21,1360,1390,1360,1390,6000,1390
1990/08/22,1350,1350,1340,1350,11000,1350
1990/08/24,1210,1210,1180,1180,14000,1180
1990/08/27,1200,1210,1170,1180,24000,1180
1990/08/28,1200,1200,1130,1130,15000,1130
1990/08/30,1180,1180,1180,1180,1000,1180
1990/09/03,1300,1300,1280,1280,25000,1280
1990/09/04,1280,1300,1270,1270,8000,1270
1990/09/05,1270,1270,1210,1210,21000,1210
1990/09/07,1200,1200,1180,1180,30000,1180
1990/09/11,1230,1240,1220,1230,29000,1230
1990/09/12,1250,1300,1250,1300,93000,1300
1990/09/13,1300,1300,1300,1300,20000,1300
1990/09/14,1240,1240,1230,1230,14000,1230
1990/09/17,1230,1230,1230,1230,4000,1230
1990/09/19,1090,1090,1090,1090,14000,1090
1990/09/20,1110,1110,1080,1080,9000,1080
1990/09/21,1040,1070,1000,1070,18000,1070
1990/09/25,1060,1060,1060,1060,1000,1060
1990/09/26,1080,1080,1060,1060,13000,1060
1990/09/27,1000,1000,1000,1000,11000,1000
1990/09/28,1000,1000,975,1000,25000,1000
1990/10/01,1000,1000,1000,1000,8000,1000
1990/10/02,1000,1000,1000,1000,6000,1000
1990/10/03,1000,1000,999,999,13000,999
1990/10/05,999,1000,999,1000,4000,1000
1990/10/08,1000,1000,1000,1000,36000,1000
1990/10/09,1080,1080,1080,1080,4000,1080
1990/10/11,1100,1100,1100,1100,3000,1100
1990/10/12,1080,1080,1080,1080,1000,1080
1990/10/15,1080,1080,1080,1080,3000,1080
1990/10/16,1080,1090,1080,1090,3000,1090
1990/10/17,1090,1100,1080,1080,6000,1080
1990/10/18,1090,1100,1090,1100,2000,1100
1990/10/19,1140,1150,1120,1150,7000,1150
1990/10/23,1120,1120,1120,1120,3000,1120
1990/10/24,1120,1120,1120,1120,23000,1120
1990/10/25,1130,1170,1120,1170,33000,1170
1990/10/26,1120,1120,1080,1120,20000,1120
1990/10/29,1130,1180,1130,1180,10000,1180
1990/11/01,1160,1160,1070,1070,18000,1070
1990/11/02,1070,1080,1010,1010,17000,1010
1990/11/05,1130,1130,1130,1130,55000,1130
1990/11/06,1170,1170,1150,1150,9000,1150
1990/11/07,1150,1150,1110,1110,7000,1110
1990/11/08,1120,1120,1120,1120,2000,1120
1990/11/09,1120,1120,1100,1120,9000,1120
1990/11/13,1120,1150,1120,1150,3000,1150
1990/11/14,1150,1190,1150,1150,7000,1150
1990/11/15,1150,1150,1090,1090,5000,1090
1990/11/16,1110,1110,1110,1110,12000,1110
1990/11/19,1130,1230,1130,1230,45000,1230
1990/11/20,1240,1240,1200,1200,14000,1200
1990/11/21,1200,1200,1170,1170,14000,1170
1990/11/22,1170,1200,1170,1180,7000,1180
1990/11/26,1200,1200,1170,1180,13000,1180
1990/11/27,1160,1160,1160,1160,17000,1160
1990/11/28,1160,1160,1110,1110,17000,1110
1990/11/29,1110,1110,1090,1090,7000,1090
1990/11/30,1090,1090,1090,1090,9000,1090
1990/12/03,1050,1060,1050,1060,3000,1060
1990/12/04,1060,1060,1050,1050,15000,1050
1990/12/05,1050,1050,1050,1050,5000,1050
1990/12/06,1050,1050,1000,1000,5000,1000
1990/12/07,1010,1020,1010,1010,17000,1010
1990/12/10,1030,1100,1030,1080,69000,1080
1990/12/11,1080,1150,1080,1150,45000,1150
1990/12/12,1150,1180,1150,1170,19000,1170
1990/12/13,1170,1180,1160,1160,10000,1160
1990/12/14,1160,1170,1160,1160,13000,1160
1990/12/17,1170,1170,1170,1170,4000,1170
1990/12/18,1160,1170,1160,1170,5000,1170
1990/12/19,1130,1170,1130,1150,20000,1150
1990/12/20,1150,1170,1150,1150,7000,1150
1990/12/21,1130,1140,1110,1110,8000,1110
1990/12/25,1110,1110,1110,1110,31000,1110
1990/12/26,1100,1110,1100,1110,3000,1110
1990/12/27,1130,1130,1120,1120,14000,1120
1990/12/28,1100,1100,1100,1100,3000,1100
1991/01/04,1100,1100,1090,1090,20000,1090
1991/01/07,1100,1100,1100,1100,5000,1100
1991/01/08,1080,1080,1080,1080,3000,1080
1991/01/09,1020,1030,1020,1030,52000,1030
1991/01/10,1010,1010,990,990,32000,990
1991/01/11,1000,1000,995,1000,56000,1000
1991/01/14,1000,1000,995,1000,27000,1000
1991/01/16,1000,1020,989,1020,14000,1020
1991/01/17,990,1000,980,990,29000,990
1991/01/18,1000,1020,1000,1000,63000,1000
1991/01/21,980,980,980,980,2000,980
1991/01/22,970,980,970,980,14000,980
1991/01/23,960,960,960,960,14000,960
1991/01/24,961,961,950,961,35000,961
1991/01/25,961,962,961,961,24000,961
1991/01/28,961,961,961,961,3000,961
1991/01/31,960,960,959,959,3000,959
1991/02/01,959,959,920,920,19000,920
1991/02/04,919,919,910,919,4000,919
1991/02/05,919,919,911,911,7000,911
1991/02/06,921,921,915,915,10000,915
1991/02/07,930,930,925,925,24000,925
1991/02/08,920,930,920,930,18000,930
1991/02/12,950,950,950,950,48000,950
1991/02/13,971,980,970,980,60000,980
1991/02/14,1030,1030,1020,1020,24000,1020
1991/02/15,1020,1020,1000,1020,18000,1020
1991/02/18,1030,1130,1030,1120,38000,1120
1991/02/19,1140,1140,1120,1120,22000,1120
1991/02/20,1100,1100,1030,1040,44000,1040
1991/02/21,1030,1030,1030,1030,6000,1030
1991/02/25,1060,1080,1040,1060,7000,1060
1991/02/26,1070,1140,1070,1130,101000,1130
1991/02/27,1140,1140,1120,1130,43000,1130
1991/02/28,1140,1150,1140,1140,15000,1140
1991/03/01,1140,1140,1120,1140,34000,1140
1991/03/04,1130,1130,1130,1130,2000,1130
1991/03/05,1150,1150,1130,1130,23000,1130
1991/03/06,1150,1150,1140,1150,16000,1150
1991/03/07,1130,1130,1100,1100,10000,1100
1991/03/08,1080,1120,1080,1120,10000,1120
1991/03/11,1150,1180,1140,1180,104000,1180
1991/03/12,1190,1190,1160,1170,28000,1170
1991/03/13,1160,1230,1160,1200,58000,1200
1991/03/14,1210,1270,1210,1260,32000,1260
1991/03/15,1260,1270,1250,1270,79000,1270
1991/03/18,1280,1290,1280,1290,29000,1290
1991/03/19,1290,1330,1290,1330,49000,1330
1991/03/20,1300,1350,1300,1330,98000,1330
1991/03/22,1340,1360,1340,1340,83000,1340
1991/03/25,1340,1350,1340,1340,23000,1340
1991/03/26,1350,1360,1350,1360,16000,1360
1991/03/27,1370,1400,1370,1390,11000,1390
1991/03/28,1390,1460,1390,1460,40000,1460
1991/03/29,1460,1480,1460,1460,19000,1460
1991/04/01,1450,1450,1430,1430,15000,1430
1991/04/02,1410,1410,1390,1390,7000,1390
1991/04/03,1410,1450,1410,1430,25000,1430
1991/04/04,1420,1450,1420,1450,44000,1450
1991/04/05,1440,1450,1440,1450,15000,1450
1991/04/08,1450,1450,1430,1430,12000,1430
1991/04/09,1430,1430,1400,1400,32000,1400
1991/04/10,1380,1400,1380,1380,44000,1380
1991/04/11,1370,1370,1350,1350,31000,1350
1991/04/12,1330,1370,1330,1370,18000,1370
1991/04/15,1370,1370,1370,1370,3000,1370
1991/04/16,1370,1380,1370,1380,52000,1380
1991/04/17,1400,1420,1400,1420,7000,1420
1991/04/18,1420,1420,1400,1400,20000,1400
1991/04/19,1400,1400,1370,1400,32000,1400
1991/04/22,1390,1390,1370,1370,51000,1370
1991/04/23,1360,1360,1350,1360,56000,1360
1991/04/24,1360,1400,1360,1390,101000,1390
1991/04/25,1410,1420,1410,1420,57000,1420
1991/04/26,1400,1400,1400,1400,2000,1400
1991/04/30,1400,1400,1400,1400,1000,1400
1991/05/01,1400,1400,1400,1400,21000,1400
1991/05/02,1400,1420,1400,1420,4000,1420
1991/05/08,1390,1420,1390,1420,10000,1420
1991/05/09,1420,1420,1420,1420,8000,1420
1991/05/10,1420,1420,1420,1420,5000,1420
1991/05/16,1360,1360,1350,1360,11000,1360
1991/05/20,1350,1350,1350,1350,11000,1350
1991/05/22,1290,1300,1290,1300,25000,1300
1991/05/23,1280,1300,1280,1300,22000,1300
1991/05/27,1440,1510,1430,1450,61000,1450
1991/05/28,1440,1550,1440,1530,165000,1530
1991/05/29,1530,1600,1530,1590,142000,1590
1991/05/30,1620,1620,1580,1590,104000,1590
1991/05/31,1580,1590,1580,1580,27000,1580
1991/06/03,1600,1600,1580,1600,61000,1600
1991/06/04,1600,1660,1600,1650,133000,1650
1991/06/05,1640,1650,1590,1650,141000,1650
1991/06/06,1620,1650,1600,1640,83000,1640
1991/06/07,1650,1710,1640,1690,322000,1690
1991/06/10,1710,1750,1700,1710,442000,1710
1991/06/11,1740,1780,1710,1710,827000,1710
1991/06/12,1720,1740,1690,1700,111000,1700
1991/06/13,1690,1700,1660,1700,42000,1700
1991/06/14,1690,1700,1670,1690,65000,1690
1991/06/17,1710,1710,1660,1660,30000,1660
1991/06/18,1660,1680,1660,1670,42000,1670
1991/06/19,1650,1680,1630,1660,128000,1660
1991/06/20,1650,1680,1640,1680,37000,1680
1991/06/21,1650,1680,1650,1650,15000,1650
1991/06/24,1680,1680,1650,1670,26000,1670
1991/06/25,1660,1660,1620,1620,106000,1620
1991/06/26,1650,1670,1650,1660,91000,1660
1991/06/27,1680,1700,1650,1660,35000,1660
1991/06/28,1670,1670,1670,1670,11000,1670
1991/07/01,1690,1690,1670,1670,79000,1670
1991/07/02,1660,1670,1650,1670,14000,1670
1991/07/03,1650,1650,1640,1650,24000,1650
1991/07/04,1640,1650,1630,1630,13000,1630
1991/07/05,1630,1630,1600,1630,49000,1630
1991/07/08,1620,1620,1580,1590,27000,1590
1991/07/09,1590,1590,1550,1560,21000,1560
1991/07/10,1570,1620,1570,1620,109000,1620
1991/07/11,1620,1620,1610,1620,45000,1620
1991/07/12,1630,1630,1620,1620,60000,1620
1991/07/15,1600,1600,1600,1600,1000,1600
1991/07/16,1640,1640,1600,1600,7000,1600
1991/07/17,1640,1640,1620,1620,5000,1620
1991/07/18,1640,1640,1620,1620,48000,1620
1991/07/19,1640,1640,1630,1630,24000,1630
1991/07/22,1640,1640,1640,1640,2000,1640
1991/07/23,1640,1640,1640,1640,31000,1640
1991/07/24,1640,1650,1640,1640,53000,1640
1991/07/25,1660,1660,1640,1640,16000,1640
1991/07/26,1650,1650,1610,1630,6000,1630
1991/07/29,1600,1630,1600,1630,3000,1630
1991/07/30,1620,1620,1600,1600,6000,1600
1991/07/31,1600,1620,1600,1600,5000,1600
1991/08/01,1600,1600,1600,1600,7000,1600
1991/08/02,1600,1620,1600,1610,13000,1610
1991/08/05,1610,1610,1600,1600,22000,1600
1991/08/06,1610,1610,1600,1610,17000,1610
1991/08/07,1610,1610,1600,1600,37000,1600
1991/08/08,1600,1600,1580,1600,25000,1600
1991/08/09,1600,1600,1600,1600,1000,1600
1991/08/14,1600,1650,1600,1650,63000,1650
1991/08/15,1640,1640,1620,1620,3000,1620
1991/08/19,1640,1640,1640,1640,1000,1640
1991/08/20,1600,1600,1600,1600,20000,1600
1991/08/21,1600,1620,1590,1590,45000,1590
1991/08/22,1630,1630,1590,1590,2000,1590
1991/08/23,1590,1590,1580,1580,9000,1580
1991/08/26,1550,1550,1550,1550,1000,1550
1991/08/27,1540,1550,1540,1550,12000,1550
1991/08/28,1520,1520,1520,1520,3000,1520
1991/08/29,1500,1520,1500,1520,4000,1520
1991/09/02,1580,1600,1580,1590,6000,1590
1991/09/03,1600,1600,1590,1600,9000,1600
1991/09/04,1610,1610,1590,1600,58000,1600
1991/09/05,1610,1610,1580,1600,33000,1600
1991/09/06,1580,1580,1520,1520,14000,1520
1991/09/09,1540,1540,1520,1520,3000,1520
1991/09/10,1570,1570,1530,1530,27000,1530
1991/09/11,1530,1530,1500,1510,10000,1510
1991/09/12,1510,1510,1500,1510,22000,1510
1991/09/13,1590,1590,1590,1590,20000,1590
1991/09/17,1620,1620,1600,1610,5000,1610
1991/09/18,1590,1590,1570,1570,6000,1570
1991/09/19,1550,1550,1530,1550,43000,1550
1991/09/20,1570,1600,1570,1570,16000,1570
1991/09/24,1570,1570,1560,1570,25000,1570
1991/09/25,1600,1600,1570,1600,6000,1600
1991/09/26,1600,1600,1600,1600,63000,1600
1991/09/27,1610,1690,1610,1660,123000,1660
1991/09/30,1700,1700,1660,1660,25000,1660
1991/10/01,1620,1640,1620,1640,12000,1640
1991/10/02,1620,1640,1610,1620,59000,1620
1991/10/04,1590,1590,1590,1590,1000,1590
1991/10/07,1580,1590,1580,1590,15000,1590
1991/10/08,1590,1600,1590,1600,35000,1600
1991/10/09,1600,1600,1570,1570,10000,1570
1991/10/11,1560,1560,1560,1560,1000,1560
1991/10/14,1560,1560,1560,1560,6000,1560
1991/10/15,1550,1560,1550,1560,18000,1560
1991/10/16,1540,1540,1540,1540,2000,1540
1991/10/17,1530,1530,1530,1530,10000,1530
1991/10/18,1510,1510,1500,1500,32000,1500
1991/10/21,1500,1500,1500,1500,16000,1500
1991/10/22,1480,1480,1460,1460,23000,1460
1991/10/23,1460,1470,1460,1470,20000,1470
1991/10/24,1480,1530,1480,1530,44000,1530
1991/10/25,1560,1560,1560,1560,1000,1560
1991/10/28,1540,1540,1490,1490,2000,1490
1991/10/29,1510,1510,1480,1480,22000,1480
1991/10/30,1500,1500,1480,1500,25000,1500
1991/10/31,1490,1490,1490,1490,1000,1490
1991/11/01,1490,1490,1490,1490,5000,1490
1991/11/05,1490,1490,1460,1460,5000,1460
1991/11/06,1440,1450,1440,1440,9000,1440
1991/11/07,1420,1420,1410,1410,2000,1410
1991/11/11,1450,1470,1430,1470,20000,1470
1991/11/12,1490,1490,1470,1470,5000,1470
1991/11/13,1470,1470,1470,1470,3000,1470
1991/11/14,1430,1430,1420,1420,2000,1420
1991/11/19,1350,1370,1350,1370,19000,1370
1991/11/20,1350,1350,1320,1320,9000,1320
1991/11/21,1330,1330,1280,1300,10000,1300
1991/11/22,1380,1430,1380,1420,163000,1420
1991/11/25,1450,1450,1450,1450,24000,1450
1991/11/26,1430,1440,1430,1440,2000,1440
1991/11/27,1380,1380,1380,1380,3000,1380
1991/11/28,1380,1380,1350,1380,24000,1380
1991/11/29,1380,1390,1380,1390,52000,1390
1991/12/02,1400,1400,1380,1380,20000,1380
1991/12/03,1380,1380,1380,1380,1000,1380
1991/12/04,1380,1380,1370,1380,49000,1380
1991/12/05,1390,1390,1370,1380,28000,1380
1991/12/06,1380,1380,1370,1370,10000,1370
1991/12/09,1360,1380,1350,1350,21000,1350
1991/12/10,1320,1350,1320,1350,5000,1350
1991/12/11,1330,1330,1300,1300,30000,1300
1991/12/12,1300,1340,1300,1340,32000,1340
1991/12/13,1340,1380,1340,1380,17000,1380
1991/12/16,1380,1400,1380,1400,6000,1400
1991/12/17,1400,1430,1400,1430,31000,1430
1991/12/18,1440,1440,1420,1440,10000,1440
1991/12/19,1440,1440,1420,1420,4000,1420
1991/12/20,1400,1400,1390,1390,6000,1390
1991/12/24,1400,1470,1400,1470,11000,1470
1991/12/26,1450,1460,1450,1450,4000,1450
1991/12/27,1460,1460,1450,1450,9000,1450
1991/12/30,1470,1500,1460,1500,35000,1500
1992/01/06,1500,1500,1500,1500,4000,1500
1992/01/07,1520,1560,1520,1560,28000,1560
1992/01/08,1540,1540,1530,1540,10000,1540
1992/01/09,1520,1540,1490,1520,10000,1520
1992/01/10,1520,1520,1480,1480,10000,1480
1992/01/13,1470,1470,1460,1470,13000,1470
1992/01/14,1470,1470,1470,1470,5000,1470
1992/01/16,1470,1500,1470,1500,31000,1500
1992/01/17,1460,1460,1460,1460,2000,1460
1992/01/20,1460,1460,1460,1460,5000,1460
1992/01/21,1450,1450,1450,1450,1000,1450
1992/01/22,1430,1450,1430,1450,10000,1450
1992/01/23,1450,1450,1430,1430,3000,1430
1992/01/24,1400,1420,1390,1420,44000,1420
1992/01/27,1390,1390,1360,1360,6000,1360
1992/01/28,1360,1400,1350,1360,13000,1360
1992/01/29,1380,1380,1360,1360,13000,1360
1992/01/30,1360,1360,1350,1360,34000,1360
1992/01/31,1370,1370,1360,1370,23000,1370
1992/02/03,1370,1370,1350,1350,18000,1350
1992/02/04,1340,1350,1310,1310,14000,1310
1992/02/05,1330,1330,1330,1330,6000,1330
1992/02/06,1350,1350,1350,1350,4000,1350
1992/02/07,1370,1400,1370,1400,3000,1400
1992/02/10,1410,1420,1410,1420,4000,1420
1992/02/12,1410,1410,1400,1400,20000,1400
1992/02/13,1400,1400,1400,1400,5000,1400
1992/02/14,1400,1400,1390,1390,7000,1390
1992/02/17,1390,1390,1390,1390,9000,1390
1992/02/18,1390,1400,1390,1400,37000,1400
1992/02/19,1410,1410,1410,1410,3000,1410
1992/02/20,1410,1410,1410,1410,1000,1410
1992/02/21,1410,1410,1410,1410,6000,1410
1992/02/24,1410,1410,1410,1410,11000,1410
1992/02/25,1410,1420,1410,1410,26000,1410
1992/02/26,1420,1420,1410,1410,20000,1410
1992/02/27,1410,1410,1390,1390,14000,1390
1992/02/28,1370,1370,1370,1370,2000,1370
1992/03/02,1380,1400,1380,1400,5000,1400
1992/03/03,1420,1420,1420,1420,3000,1420
1992/03/04,1390,1400,1390,1400,52000,1400
1992/03/05,1400,1400,1400,1400,14000,1400
1992/03/06,1400,1400,1400,1400,20000,1400
1992/03/09,1400,1400,1400,1400,2000,1400
1992/03/10,1420,1420,1390,1400,32000,1400
1992/03/11,1380,1400,1380,1400,30000,1400
1992/03/12,1410,1430,1400,1430,23000,1430
1992/03/13,1410,1430,1410,1420,31000,1420
1992/03/16,1420,1420,1420,1420,5000,1420
1992/03/17,1420,1430,1420,1430,5000,1430
1992/03/18,1430,1430,1410,1410,12000,1410
1992/03/19,1430,1430,1430,1430,6000,1430
1992/03/23,1420,1430,1420,1420,18000,1420
1992/03/24,1380,1380,1370,1370,9000,1370
1992/03/25,1280,1280,1270,1270,42000,1270
1992/03/26,1280,1280,1230,1230,13000,1230
1992/03/27,1200,1200,1150,1150,13000,1150
1992/03/30,1090,1090,1070,1070,17000,1070
1992/03/31,1080,1080,1040,1050,26000,1050
1992/04/01,1040,1040,990,990,38000,990
1992/04/02,989,990,970,970,15000,970
1992/04/03,980,980,970,980,9000,980
1992/04/06,981,986,981,981,8000,981
1992/04/07,985,985,970,980,14000,980
1992/04/08,970,980,970,980,3000,980
1992/04/09,970,972,965,965,5000,965
1992/04/10,965,980,965,965,19000,965
1992/04/13,985,985,981,982,15000,982
1992/04/14,992,1010,992,1010,7000,1010
1992/04/15,1040,1070,1040,1070,19000,1070
1992/04/16,1080,1080,995,1000,75000,1000
1992/04/17,1000,1000,995,996,40000,996
1992/04/20,996,996,990,990,10000,990
1992/04/21,990,990,970,970,10000,970
1992/04/22,970,970,970,970,8000,970
1992/04/23,980,980,970,978,22000,978
1992/04/24,980,990,978,978,65000,978
1992/04/27,970,975,969,970,17000,970
1992/04/28,969,970,965,968,22000,968
1992/04/30,969,969,968,968,22000,968
1992/05/01,1010,1010,1010,1010,4000,1010
1992/05/06,1020,1040,1010,1010,26000,1010
1992/05/07,1010,1070,1010,1070,11000,1070
1992/05/08,1070,1080,1070,1070,35000,1070
1992/05/11,1090,1150,1090,1150,33000,1150
1992/05/12,1150,1150,1110,1130,19000,1130
1992/05/13,1120,1120,1110,1110,10000,1110
1992/05/14,1120,1140,1120,1140,17000,1140
1992/05/15,1120,1120,1120,1120,43000,1120
1992/05/18,1110,1130,1110,1130,8000,1130
1992/05/19,1120,1130,1110,1130,22000,1130
1992/05/20,1140,1160,1140,1160,23000,1160
1992/05/21,1150,1170,1150,1170,8000,1170
1992/05/22,1160,1160,1130,1130,3000,1130
1992/05/25,1130,1130,1120,1120,23000,1120
1992/05/26,1120,1120,1120,1120,5000,1120
1992/05/27,1100,1120,1100,1120,2000,1120
1992/05/28,1090,1110,1090,1110,9000,1110
1992/05/29,1150,1150,1140,1140,2000,1140
1992/06/01,1140,1140,1140,1140,9000,1140
1992/06/03,1130,1130,1130,1130,14000,1130
1992/06/05,1080,1090,1080,1090,13000,1090
1992/06/08,1080,1080,1050,1050,7000,1050
1992/06/09,1040,1050,1040,1040,14000,1040
1992/06/10,1040,1040,1040,1040,5000,1040
1992/06/12,1050,1060,1050,1050,18000,1050
1992/06/15,1030,1050,1030,1050,10000,1050
1992/06/16,1030,1040,1030,1040,7000,1040
1992/06/17,1040,1040,1040,1040,2000,1040
1992/06/18,1030,1030,1000,1000,12000,1000
1992/06/19,1010,1020,1000,1020,16000,1020
1992/06/22,1000,1000,990,990,3000,990
1992/06/23,1000,1010,1000,1010,7000,1010
1992/06/24,980,990,980,990,26000,990
1992/06/25,995,995,995,995,20000,995
1992/06/26,1010,1010,1010,1010,1000,1010
1992/06/29,995,995,990,995,21000,995
1992/06/30,990,990,980,980,20000,980
1992/07/01,980,980,980,980,19000,980
1992/07/02,981,985,980,981,10000,981
1992/07/03,985,995,985,990,24000,990
1992/07/06,990,990,990,990,12000,990
1992/07/07,990,1000,990,1000,34000,1000
1992/07/08,1010,1020,990,1020,20000,1020
1992/07/09,1000,1050,1000,1050,51000,1050
1992/07/10,1050,1080,1050,1060,40000,1060
1992/07/13,1060,1060,1040,1060,9000,1060
1992/07/14,1050,1050,1040,1040,7000,1040
1992/07/15,1050,1050,1010,1010,10000,1010
1992/07/16,1000,1000,990,990,13000,990
1992/07/17,990,990,990,990,1000,990
1992/07/20,970,970,970,970,1000,970
1992/07/21,970,970,970,970,1000,970
1992/07/22,964,964,964,964,2000,964
1992/07/23,954,954,954,954,8000,954
1992/07/24,954,954,954,954,1000,954
1992/07/27,970,970,955,955,6000,955
1992/07/28,950,953,950,953,6000,953
1992/07/29,949,949,949,949,2000,949
1992/07/30,949,949,949,949,4000,949
1992/07/31,947,947,947,947,7000,947
1992/08/03,947,947,947,947,13000,947
1992/08/04,947,947,947,947,2000,947
1992/08/06,930,938,930,938,11000,938
1992/08/07,940,940,939,939,7000,939
1992/08/11,889,889,889,889,1000,889
1992/08/12,889,889,889,889,1000,889
1992/08/17,810,820,810,810,12000,810
1992/08/18,811,811,789,789,9000,789
1992/08/19,780,780,779,780,7000,780
1992/08/20,770,788,770,788,13000,788
1992/08/24,830,845,830,845,54000,845
1992/08/25,870,870,870,870,6000,870
1992/08/26,860,860,840,840,18000,840
1992/08/27,850,850,840,845,69000,845
1992/09/01,951,970,950,970,45000,970
1992/09/02,960,965,950,965,28000,965
1992/09/03,960,960,940,950,9000,950
1992/09/04,970,970,960,970,33000,970
1992/09/07,970,972,960,972,17000,972
1992/09/08,959,970,959,959,6000,959
1992/09/09,959,959,959,959,8000,959
1992/09/10,959,959,959,959,9000,959
1992/09/14,910,921,910,921,6000,921
1992/09/16,921,921,920,920,12000,920
1992/09/17,930,930,925,925,17000,925
1992/09/18,922,922,922,922,3000,922
1992/09/21,922,931,922,926,40000,926
1992/09/22,925,925,910,920,14000,920
1992/09/24,929,929,923,923,10000,923
1992/09/25,923,923,923,923,5000,923
1992/09/28,920,920,920,920,14000,920
1992/09/29,911,911,900,900,14000,900
1992/09/30,900,900,900,900,7000,900
1992/10/01,900,900,870,890,54000,890
1992/10/02,880,890,880,880,16000,880
1992/10/05,870,870,870,870,1000,870
1992/10/06,870,877,870,875,29000,875
1992/10/08,911,911,899,900,64000,900
1992/10/09,900,900,890,890,15000,890
1992/10/13,890,890,885,885,4000,885
1992/10/14,890,890,890,890,13000,890
1992/10/15,890,890,884,884,9000,884
1992/10/16,884,884,876,876,3000,876
1992/10/20,870,870,870,870,6000,870
1992/10/21,840,840,840,840,5000,840
1992/10/22,842,845,842,845,6000,845
1992/10/23,840,840,820,820,3000,820
1992/10/26,810,820,810,810,13000,810
1992/10/27,820,820,820,820,1000,820
1992/10/28,820,820,815,815,2000,815
1992/10/30,840,840,819,819,8000,819
1992/11/02,819,820,815,815,22000,815
1992/11/04,815,815,815,815,5000,815
1992/11/06,820,820,817,817,6000,817
1992/11/09,812,812,800,800,10000,800
1992/11/12,780,780,770,770,3000,770
1992/11/13,770,772,768,768,25000,768
1992/11/16,770,770,770,770,31000,770
1992/11/17,770,770,770,770,5000,770
1992/11/18,770,775,770,775,26000,775
1992/11/19,776,785,770,770,44000,770
1992/11/20,770,770,758,768,31000,768
1992/11/24,770,800,768,795,41000,795
1992/11/25,799,799,790,794,24000,794
1992/11/26,795,797,795,797,15000,797
1992/11/27,817,817,817,817,18000,817
1992/11/30,820,830,820,820,24000,820
1992/12/01,829,829,820,820,13000,820
1992/12/02,816,816,810,810,12000,810
1992/12/03,811,811,810,811,3000,811
1992/12/04,809,809,809,809,3000,809
1992/12/08,810,810,810,810,10000,810
1992/12/09,810,810,800,800,9000,800
1992/12/10,810,810,800,801,4000,801
1992/12/11,801,810,791,810,88000,810
1992/12/14,810,811,810,811,12000,811
1992/12/15,810,820,810,820,8000,820
1992/12/16,819,819,819,819,2000,819
1992/12/17,809,820,809,820,21000,820
1992/12/18,819,820,819,819,15000,819
1992/12/21,819,819,782,782,41000,782
1992/12/22,800,800,785,790,24000,790
1992/12/24,792,792,792,792,1000,792
1992/12/25,792,792,790,791,63000,791
1992/12/28,791,791,790,790,15000,790
1992/12/29,790,790,784,784,7000,784
1992/12/30,794,794,791,791,5000,791
1993/01/04,791,793,791,791,4000,791
1993/01/05,791,791,791,791,10000,791
1993/01/06,791,791,791,791,11000,791
1993/01/07,791,791,791,791,1000,791
1993/01/08,792,792,792,792,2000,792
1993/01/11,790,790,781,781,5000,781
1993/01/12,781,781,780,780,4000,780
1993/01/13,779,779,779,779,1000,779
1993/01/14,775,775,770,770,5000,770
1993/01/18,760,760,740,740,23000,740
1993/01/19,740,740,730,735,21000,735
1993/01/20,735,735,730,730,8000,730
1993/01/21,721,721,715,715,5000,715
1993/01/22,715,715,710,710,7000,710
1993/01/25,710,710,710,710,6000,710
1993/01/26,698,698,691,691,8000,691
1993/01/27,711,711,711,711,9000,711
1993/01/28,701,705,697,700,16000,700
1993/01/29,710,710,710,710,9000,710
1993/02/01,720,730,720,730,8000,730
1993/02/02,730,750,730,749,13000,749
1993/02/03,750,750,745,745,19000,745
1993/02/04,739,739,739,739,1000,739
1993/02/05,720,720,720,720,3000,720
1993/02/08,729,729,729,729,1000,729
1993/02/09,739,739,731,732,8000,732
1993/02/10,735,735,730,730,28000,730
1993/02/12,730,733,711,711,8000,711
1993/02/15,720,720,720,720,3000,720
1993/02/16,730,730,713,713,2000,713
1993/02/17,723,723,712,712,9000,712
1993/02/18,713,720,713,720,4000,720
1993/02/19,720,720,710,710,8000,710
1993/02/22,710,729,710,729,8000,729
1993/02/23,729,729,720,720,7000,720
1993/02/24,713,720,713,715,18000,715
1993/02/25,715,715,707,707,14000,707
1993/02/26,710,710,691,700,32000,700
1993/03/01,710,710,705,705,15000,705
1993/03/02,705,705,695,699,27000,699
1993/03/03,695,699,695,696,29000,696
1993/03/04,693,693,690,690,33000,690
1993/03/05,686,686,661,661,6000,661
1993/03/08,701,701,700,701,34000,701
1993/03/09,695,695,695,695,42000,695
1993/03/10,685,685,685,685,13000,685
1993/03/11,695,700,695,695,48000,695
1993/03/12,695,696,694,695,131000,695
1993/03/15,700,720,700,720,16000,720
1993/03/16,730,730,720,721,9000,721
1993/03/17,711,730,711,730,2000,730
1993/03/18,730,749,729,749,64000,749
1993/03/19,749,750,744,750,59000,750
1993/03/22,760,770,760,760,77000,760
1993/03/23,760,760,750,750,14000,750
1993/03/24,731,745,731,731,8000,731
1993/03/25,731,751,731,750,57000,750
1993/03/26,756,760,750,750,9000,750
1993/03/29,752,780,751,780,56000,780
1993/03/30,773,810,771,810,76000,810
1993/03/31,805,805,775,775,25000,775
1993/04/01,776,799,775,790,16000,790
1993/04/02,800,810,790,810,24000,810
1993/04/05,820,825,814,825,42000,825
1993/04/06,828,828,826,827,52000,827
1993/04/07,820,847,820,843,37000,843
1993/04/08,843,865,843,865,64000,865
1993/04/09,865,870,860,860,87000,860
1993/04/12,860,860,850,850,9000,850
1993/04/13,851,867,851,861,47000,861
1993/04/14,860,870,860,862,13000,862
1993/04/15,860,860,856,860,19000,860
1993/04/16,860,870,860,860,26000,860
1993/04/19,860,860,859,860,6000,860
1993/04/20,859,859,850,850,7000,850
1993/04/21,849,849,819,819,10000,819
1993/04/22,815,839,815,830,27000,830
1993/04/23,840,843,838,840,129000,840
1993/04/26,844,850,843,844,27000,844
1993/04/27,864,864,860,860,30000,860
1993/04/28,865,868,865,867,20000,867
1993/04/30,873,909,873,909,40000,909
1993/05/06,927,932,927,932,15000,932
1993/05/07,950,970,948,960,39000,960
1993/05/10,966,980,966,980,18000,980
1993/05/11,990,1020,990,1020,49000,1020
1993/05/12,1010,1020,1000,1010,38000,1010
1993/05/13,990,993,990,993,18000,993
1993/05/14,1000,1010,998,1010,33000,1010
1993/05/17,1000,1020,1000,1020,70000,1020
1993/05/18,990,990,990,990,3000,990
1993/05/19,990,1000,980,1000,13000,1000
1993/05/20,999,999,999,999,3000,999
1993/05/21,998,998,990,990,7000,990
1993/05/24,989,990,970,975,11000,975
1993/05/25,955,957,949,950,18000,950
1993/05/26,951,951,930,940,14000,940
1993/05/27,940,950,940,950,25000,950
1993/05/28,950,950,950,950,4000,950
1993/05/31,966,967,950,950,25000,950
1993/06/01,955,955,950,950,16000,950
1993/06/02,980,1050,979,1050,95000,1050
1993/06/03,1080,1140,1080,1080,107000,1080
1993/06/04,1090,1090,1080,1090,34000,1090
1993/06/07,1080,1100,1080,1100,12000,1100
1993/06/08,1080,1100,1060,1080,26000,1080
1993/06/10,1090,1100,1080,1100,23000,1100
1993/06/11,1040,1060,1040,1040,42000,1040
1993/06/14,1040,1040,1010,1010,7000,1010
1993/06/15,1010,1010,1000,1000,18000,1000
1993/06/16,990,1000,985,1000,12000,1000
1993/06/17,990,1000,975,1000,108000,1000
1993/06/18,999,999,984,994,5000,994
1993/06/22,934,934,934,934,11000,934
1993/06/23,936,936,936,936,1000,936
1993/06/24,936,936,936,936,5000,936
1993/06/25,950,964,950,964,2000,964
1993/06/28,975,975,960,960,10000,960
1993/06/29,950,950,936,950,25000,950
1993/06/30,940,940,940,940,1000,940
1993/07/01,940,947,940,947,24000,947
1993/07/05,991,1000,991,1000,22000,1000
1993/07/06,1000,1020,1000,1020,11000,1020
1993/07/07,1000,1040,1000,1030,9000,1030
1993/07/09,1020,1020,1000,1000,6000,1000
1993/07/12,990,990,970,970,2000,970
1993/07/13,970,975,970,975,14000,975
1993/07/14,970,975,970,971,5000,971
1993/07/15,973,975,973,975,3000,975
1993/07/16,975,980,975,976,9000,976
1993/07/19,986,986,986,986,5000,986
1993/07/20,1000,1000,987,987,2000,987
1993/07/21,987,988,987,988,3000,988
1993/07/22,1000,1000,1000,1000,47000,1000
1993/07/23,999,999,999,999,2000,999
1993/07/26,985,985,985,985,1000,985
1993/07/28,986,986,986,986,1000,986
1993/07/29,990,1010,990,1010,7000,1010
1993/07/30,1010,1040,1000,1010,29000,1010
1993/08/02,1010,1010,1010,1010,6000,1010
1993/08/03,1010,1020,1010,1020,8000,1020
1993/08/04,1020,1020,990,990,4000,990
1993/08/05,990,990,980,980,5000,980
1993/08/06,960,960,960,960,3000,960
1993/08/10,1000,1000,980,980,10000,980
1993/08/11,980,1000,980,1000,17000,1000
1993/08/12,1020,1020,1000,1010,101000,1010
1993/08/13,980,1000,980,1000,28000,1000
1993/08/16,1000,1000,1000,1000,27000,1000
1993/08/17,995,995,977,977,11000,977
1993/08/18,979,979,960,960,24000,960
1993/08/19,950,950,937,950,32000,950
1993/08/20,949,949,949,949,2000,949
1993/08/23,955,955,950,950,4000,950
1993/08/24,950,950,940,940,11000,940
1993/08/25,930,930,930,930,11000,930
1993/08/26,930,930,921,930,78000,930
1993/08/27,930,935,926,930,90000,930
1993/08/30,940,940,921,940,26000,940
1993/08/31,940,950,940,950,5000,950
1993/09/01,956,970,955,970,8000,970
1993/09/02,980,990,965,990,49000,990
1993/09/03,990,995,985,985,66000,985
1993/09/06,985,985,980,980,6000,980
1993/09/07,980,990,980,990,129000,990
1993/09/08,990,990,990,990,2000,990
1993/09/09,970,970,970,970,6000,970
1993/09/10,980,980,980,980,11000,980
1993/09/13,980,980,975,980,37000,980
1993/09/14,980,980,975,975,6000,975
1993/09/17,975,975,975,975,1000,975
1993/09/21,965,965,965,965,6000,965
1993/09/24,940,940,940,940,15000,940
1993/09/28,940,940,940,940,3000,940
1993/09/29,945,968,940,968,7000,968
1993/10/01,968,979,968,979,9000,979
1993/10/04,980,980,968,970,8000,970
1993/10/05,971,979,970,979,21000,979
1993/10/06,977,977,977,977,2000,977
1993/10/07,970,980,970,970,10000,970
1993/10/08,936,936,936,936,12000,936
1993/10/12,946,946,946,946,9000,946
1993/10/13,931,931,931,931,2000,931
1993/10/14,941,941,941,941,4000,941
1993/10/15,941,950,941,950,5000,950
1993/10/19,950,950,950,950,11000,950
1993/10/20,950,950,950,950,8000,950
1993/10/21,935,935,935,935,3000,935
1993/10/22,935,935,921,921,17000,921
1993/10/25,922,930,921,930,13000,930
1993/10/26,950,950,947,950,20000,950
1993/10/27,951,955,946,950,26000,950
1993/10/29,930,930,920,920,7000,920
1993/11/01,920,920,920,920,7000,920
1993/11/02,920,920,920,920,5000,920
1993/11/04,920,920,920,920,33000,920
1993/11/05,920,920,885,885,8000,885
1993/11/08,885,885,885,885,3000,885
1993/11/11,826,835,826,835,16000,835
1993/11/12,845,845,835,835,11000,835
1993/11/15,836,836,820,820,10000,820
1993/11/18,836,840,805,805,26000,805
1993/11/19,805,805,800,804,5000,804
1993/11/22,800,805,781,781,8000,781
1993/11/25,741,741,741,741,5000,741
1993/11/26,742,742,730,730,6000,730
1993/11/29,710,711,710,710,14000,710
1993/11/30,680,680,680,680,6000,680
1993/12/01,681,700,681,690,36000,690
1993/12/02,701,711,700,710,51000,710
1993/12/03,713,713,710,710,11000,710
1993/12/06,710,710,690,690,4000,690
1993/12/07,691,691,685,685,40000,685
1993/12/08,685,685,680,680,15000,680
1993/12/09,685,685,680,685,4000,685
1993/12/10,705,719,705,705,10000,705
1993/12/13,715,720,710,710,5000,710
1993/12/15,720,720,720,720,1000,720
1993/12/16,731,731,731,731,1000,731
1993/12/17,733,752,733,752,5000,752
1993/12/20,754,754,735,735,54000,735
1993/12/21,730,730,730,730,17000,730
1993/12/22,730,730,730,730,4000,730
1993/12/24,730,730,730,730,1000,730
1993/12/28,745,750,745,750,5000,750
1993/12/29,760,760,730,730,3000,730
1993/12/30,730,730,730,730,4000,730
1994/01/05,735,735,730,730,16000,730
1994/01/06,730,740,730,730,9000,730
1994/01/07,740,740,730,730,22000,730
1994/01/10,740,740,735,735,26000,735
1994/01/11,736,740,731,731,12000,731
1994/01/12,735,735,734,735,15000,735
1994/01/13,740,750,740,742,28000,742
1994/01/14,742,743,742,743,13000,743
1994/01/17,745,780,745,765,51000,765
1994/01/18,770,780,760,780,34000,780
1994/01/19,790,825,790,815,33000,815
1994/01/20,814,835,805,830,42000,830
1994/01/21,831,854,831,840,21000,840
1994/01/24,810,810,800,800,23000,800
1994/01/25,800,800,790,790,57000,790
1994/01/26,800,800,800,800,14000,800
1994/01/27,810,810,800,800,5000,800
1994/01/28,799,800,799,800,5000,800
1994/01/31,810,831,805,830,98000,830
1994/02/01,831,833,820,833,40000,833
1994/02/02,818,818,790,790,23000,790
1994/02/03,800,805,794,800,25000,800
1994/02/04,810,818,800,818,36000,818
1994/02/07,828,828,810,820,22000,820
1994/02/08,805,820,805,820,16000,820
1994/02/09,822,822,810,810,3000,810
1994/02/10,820,820,819,819,4000,819
1994/02/14,805,805,805,805,4000,805
1994/02/15,805,805,805,805,13000,805
1994/02/16,805,805,805,805,1000,805
1994/02/17,795,795,795,795,3000,795
1994/02/18,794,795,794,795,7000,795
1994/02/21,794,795,789,795,15000,795
1994/02/22,796,796,796,796,5000,796
1994/02/23,796,797,796,796,22000,796
1994/02/24,797,798,789,798,19000,798
1994/02/25,799,800,790,790,25000,790
1994/02/28,790,805,790,800,82000,800
1994/03/01,805,810,800,800,102000,800
1994/03/02,819,819,819,819,11000,819
1994/03/03,820,825,820,825,9000,825
1994/03/04,827,838,827,838,32000,838
1994/03/07,841,845,840,845,39000,845
1994/03/08,846,870,846,870,37000,870
1994/03/09,870,880,870,880,4000,880
1994/03/10,870,880,853,853,19000,853
1994/03/11,868,868,850,850,15000,850
1994/03/14,849,870,849,865,13000,865
1994/03/15,850,850,850,850,1000,850
1994/03/16,846,870,840,870,27000,870
1994/03/17,875,899,871,899,40000,899
1994/03/18,898,899,898,899,5000,899
1994/03/22,899,899,885,885,9000,885
1994/03/23,885,885,876,885,17000,885
1994/03/24,880,880,865,866,41000,866
1994/03/25,866,866,856,856,6000,856
1994/03/28,830,830,830,830,1000,830
1994/03/29,835,835,833,833,6000,833
1994/03/30,811,830,811,830,3000,830
1994/03/31,843,843,842,842,12000,842
1994/04/01,842,842,842,842,3000,842
1994/04/04,860,860,860,860,1000,860
1994/04/05,880,880,880,880,3000,880
1994/04/06,879,880,878,880,9000,880
1994/04/07,880,880,880,880,3000,880
1994/04/08,883,885,882,882,12000,882
1994/04/11,900,900,882,882,4000,882
1994/04/12,881,881,880,880,6000,880
1994/04/13,880,889,880,889,8000,889
1994/04/14,890,950,890,950,40000,950
1994/04/15,940,940,920,920,104000,920
1994/04/18,921,940,921,940,2000,940
1994/04/19,928,928,928,928,5000,928
1994/04/20,932,940,928,940,62000,940
1994/04/21,940,940,935,935,23000,935
1994/04/22,935,935,935,935,5000,935
1994/04/25,940,940,940,940,3000,940
1994/04/26,930,930,930,930,7000,930
1994/04/27,930,930,920,925,206000,925
1994/04/28,925,925,915,925,39000,925
1994/05/02,925,925,920,920,74000,920
1994/05/06,921,921,920,920,28000,920
1994/05/09,930,930,930,930,4000,930
1994/05/10,930,930,920,920,6000,920
1994/05/11,931,940,931,940,2000,940
1994/05/12,930,939,930,939,5000,939
1994/05/13,930,939,930,930,6000,930
1994/05/16,930,940,930,930,5000,930
1994/05/17,930,930,930,930,3000,930
1994/05/18,940,940,940,940,17000,940
1994/05/19,950,950,950,950,9000,950
1994/05/20,961,975,961,975,22000,975
1994/05/23,974,980,972,980,23000,980
1994/05/24,981,1000,981,1000,29000,1000
1994/05/25,1000,1010,999,1000,35000,1000
1994/05/26,1000,1000,1000,1000,6000,1000
1994/05/27,1010,1030,1000,1020,46000,1020
1994/05/30,1020,1020,1010,1010,4000,1010
1994/05/31,1030,1030,1010,1010,17000,1010
1994/06/01,1020,1030,1020,1030,15000,1030
1994/06/02,1040,1070,1040,1050,39000,1050
1994/06/03,1050,1050,1030,1030,7000,1030
1994/06/06,1050,1060,1030,1060,14000,1060
1994/06/07,1030,1030,1030,1030,18000,1030
1994/06/08,1050,1050,1030,1030,2000,1030
1994/06/09,1030,1030,1030,1030,3000,1030
1994/06/10,1050,1050,1030,1030,17000,1030
1994/06/13,1050,1060,1030,1050,48000,1050
1994/06/14,1030,1030,1020,1020,38000,1020
1994/06/15,1020,1020,1020,1020,12000,1020
1994/06/16,1020,1020,1020,1020,8000,1020
1994/06/17,1030,1050,1030,1050,22000,1050
1994/06/20,1050,1050,1040,1050,36000,1050
1994/06/21,1010,1030,1000,1030,31000,1030
1994/06/22,1030,1030,995,1000,61000,1000
1994/06/23,1030,1030,1000,1000,9000,1000
1994/06/24,1030,1030,1010,1030,19000,1030
1994/06/27,1010,1030,1010,1030,7000,1030
1994/06/28,1020,1020,1020,1020,1000,1020
1994/06/29,1030,1030,1030,1030,1000,1030
1994/06/30,1030,1050,1030,1050,6000,1050
1994/07/01,1050,1050,1050,1050,22000,1050
1994/07/04,1050,1060,1050,1050,101000,1050
1994/07/05,1060,1060,1050,1060,7000,1060
1994/07/06,1050,1060,1050,1060,10000,1060
1994/07/07,1060,1070,1050,1070,37000,1070
1994/07/12,1010,1010,1000,1000,4000,1000
1994/07/13,980,980,970,970,2000,970
1994/07/14,971,971,971,971,2000,971
1994/07/15,1010,1010,1000,1010,7000,1010
1994/07/19,1050,1050,1050,1050,6000,1050
1994/07/20,1050,1050,1010,1010,2000,1010
1994/07/21,1010,1010,1010,1010,4000,1010
1994/07/22,1030,1030,1020,1020,2000,1020
1994/07/28,1040,1040,1040,1040,6000,1040
1994/07/29,1040,1050,1040,1050,13000,1050
1994/08/01,1050,1050,1040,1050,27000,1050
1994/08/03,1010,1030,1000,1010,17000,1010
1994/08/04,1040,1040,1040,1040,1000,1040
1994/08/08,1040,1040,1040,1040,4000,1040
1994/08/09,1030,1030,1030,1030,1000,1030
1994/08/10,1020,1030,1000,1030,4000,1030
1994/08/11,1030,1030,1030,1030,5000,1030
1994/08/12,1030,1030,1030,1030,2000,1030
1994/08/15,1030,1030,1030,1030,3000,1030
1994/08/16,1020,1030,1000,1000,44000,1000
1994/08/17,1010,1010,1010,1010,3000,1010
1994/08/19,1010,1010,1010,1010,2000,1010
1994/08/22,1030,1030,1030,1030,1000,1030
1994/08/23,1020,1020,1020,1020,1000,1020
1994/08/24,1020,1020,1010,1010,21000,1010
1994/08/25,1020,1020,1020,1020,2000,1020
1994/08/26,1030,1030,1030,1030,4000,1030
1994/08/29,1020,1020,1020,1020,5000,1020
1994/08/30,1030,1030,1020,1020,7000,1020
1994/08/31,1020,1020,1020,1020,1000,1020
1994/09/01,1020,1020,1020,1020,6000,1020
1994/09/06,1020,1020,1020,1020,5000,1020
1994/09/07,980,990,980,990,9000,990
1994/09/09,971,980,970,970,22000,970
1994/09/13,940,940,940,940,3000,940
1994/09/14,939,939,939,939,1000,939
1994/09/19,939,939,939,939,4000,939
1994/09/20,939,939,909,909,186000,909
1994/09/21,908,908,900,904,4000,904
1994/09/22,900,909,900,909,13000,909
1994/09/26,895,895,895,895,7000,895
1994/09/27,902,902,897,897,23000,897
1994/09/28,905,905,898,898,15000,898
1994/09/29,901,902,899,899,10000,899
1994/09/30,905,905,900,905,23000,905
1994/10/03,905,910,905,910,9000,910
1994/10/04,910,915,910,913,19000,913
1994/10/05,920,920,920,920,13000,920
1994/10/06,924,924,924,924,7000,924
1994/10/07,920,920,920,920,5000,920
1994/10/11,920,920,920,920,3000,920
1994/10/12,919,930,908,930,18000,930
1994/10/13,920,920,908,908,6000,908
1994/10/14,918,918,908,914,10000,914
1994/10/17,920,920,920,920,2000,920
1994/10/18,920,920,917,917,2000,917
1994/10/19,930,930,930,930,4000,930
1994/10/20,940,940,940,940,4000,940
1994/10/21,900,900,900,900,4000,900
1994/10/24,900,900,900,900,3000,900
1994/10/26,900,900,900,900,4000,900
1994/10/27,900,900,900,900,2000,900
1994/10/28,895,900,895,900,6000,900
1994/10/31,920,920,920,920,1000,920
1994/11/02,920,920,920,920,2000,920
1994/11/04,920,920,920,920,5000,920
1994/11/08,920,920,900,900,58000,900
1994/11/09,900,900,893,893,6000,893
1994/11/10,884,893,884,893,7000,893
1994/11/11,882,882,880,880,6000,880
1994/11/14,875,880,870,880,14000,880
1994/11/15,880,880,870,870,16000,870
1994/11/18,870,870,870,870,3000,870
1994/11/21,860,860,860,860,1000,860
1994/11/22,850,850,800,800,189000,800
1994/11/24,790,800,790,800,12000,800
1994/11/25,800,800,800,800,1000,800
1994/11/28,800,808,800,808,4000,808
1994/11/29,800,800,790,790,7000,790
1994/11/30,810,810,810,810,1000,810
1994/12/01,810,811,810,811,11000,811
1994/12/02,820,821,820,821,11000,821
1994/12/05,822,834,822,834,3000,834
1994/12/06,836,840,836,840,10000,840
1994/12/07,849,849,849,849,1000,849
1994/12/08,839,839,839,839,1000,839
1994/12/09,829,830,815,830,67000,830
1994/12/12,830,830,830,830,66000,830
1994/12/13,834,834,830,830,43000,830
1994/12/14,830,830,830,830,55000,830
1994/12/15,830,830,830,830,52000,830
1994/12/16,830,830,830,830,57000,830
1994/12/19,830,830,830,830,73000,830
1994/12/20,830,830,810,810,6000,810
1994/12/21,829,829,829,829,12000,829
1994/12/22,830,830,830,830,17000,830
1994/12/26,830,830,830,830,7000,830
1994/12/27,810,830,810,830,5000,830
1994/12/29,825,830,825,830,50000,830
1995/01/04,830,831,830,831,14000,831
1995/01/05,831,831,831,831,1000,831
1995/01/06,836,836,836,836,4000,836
1995/01/10,836,836,836,836,1000,836
1995/01/11,840,840,836,837,24000,837
1995/01/12,839,840,838,838,17000,838
1995/01/13,838,838,838,838,4000,838
1995/01/17,838,841,838,841,6000,841
1995/01/18,841,841,840,840,2000,840
1995/01/19,848,848,840,840,3000,840
1995/01/20,860,865,860,865,6000,865
1995/01/23,861,861,855,859,15000,859
1995/01/24,858,858,850,858,18000,858
1995/01/25,850,850,845,850,22000,850
1995/01/26,836,836,831,831,30000,831
1995/01/27,836,836,830,835,23000,835
1995/01/31,829,830,829,830,2000,830
1995/02/01,830,830,830,830,20000,830
1995/02/02,831,831,831,831,15000,831
1995/02/03,830,831,828,831,11000,831
1995/02/06,829,830,828,828,13000,828
1995/02/07,828,830,828,828,30000,828
1995/02/10,788,788,788,788,3000,788
1995/02/16,758,758,758,758,2000,758
1995/02/17,780,780,780,780,3000,780
1995/02/20,780,780,770,770,504000,770
1995/02/21,751,751,700,700,202000,700
1995/02/22,700,702,700,701,587000,701
1995/02/23,699,700,696,700,29000,700
1995/02/24,701,702,701,701,30000,701
1995/02/27,699,699,670,685,16000,685
1995/02/28,690,691,690,691,13000,691
1995/03/01,691,691,690,690,15000,690
1995/03/02,691,692,689,689,15000,689
1995/03/03,689,696,689,696,721000,696
1995/03/06,696,715,696,715,86000,715
1995/03/07,724,738,714,738,6000,738
1995/03/09,718,718,718,718,3000,718
1995/03/10,718,718,718,718,2000,718
1995/03/13,728,728,728,728,8000,728
1995/03/14,728,729,728,728,19000,728
1995/03/15,718,720,718,720,15000,720
1995/03/16,720,720,715,715,13000,715
1995/03/17,716,721,715,715,70000,715
1995/03/20,715,715,715,715,707000,715
1995/03/22,713,720,713,720,2000,720
1995/03/23,710,715,710,715,10000,715
1995/03/24,715,715,715,715,65000,715
1995/03/27,716,725,716,725,732000,725
1995/03/28,698,698,698,698,2000,698
1995/03/29,715,715,715,715,12000,715
1995/03/30,723,723,695,695,23000,695
1995/03/31,720,720,720,720,23000,720
1995/04/03,720,720,720,720,11000,720
1995/04/04,690,692,670,685,36000,685
1995/04/05,720,720,720,720,2000,720
1995/04/06,700,700,699,700,52000,700
1995/04/07,700,700,695,700,29000,700
1995/04/10,690,690,690,690,1000,690
1995/04/11,680,690,670,690,14000,690
1995/04/12,690,690,690,690,13000,690
1995/04/13,676,690,675,690,15000,690
1995/04/14,690,690,690,690,12000,690
1995/04/17,680,710,680,700,31000,700
1995/04/18,700,710,691,710,34000,710
1995/04/19,700,725,700,725,38000,725
1995/04/20,727,749,727,730,42000,730
1995/04/21,740,750,740,745,29000,745
1995/04/24,730,740,720,720,14000,720
1995/04/25,719,742,711,742,6000,742
1995/04/28,750,750,750,750,3000,750
1995/05/01,750,750,750,750,12000,750
1995/05/02,750,764,750,760,12000,760
1995/05/08,770,770,767,768,3000,768
1995/05/09,759,760,750,760,5000,760
1995/05/10,750,750,750,750,1000,750
1995/05/11,740,740,740,740,5000,740
1995/05/12,740,760,740,760,5000,760
1995/05/15,750,752,750,750,10000,750
1995/05/16,749,750,749,750,17000,750
1995/05/17,750,750,740,740,46000,740
1995/05/18,740,740,740,740,4000,740
1995/05/19,740,740,730,735,22000,735
1995/05/22,735,740,735,740,21000,740
1995/05/23,740,742,740,741,17000,741
1995/05/24,740,740,740,740,3000,740
1995/05/25,740,740,731,732,21000,732
1995/05/29,720,722,720,722,4000,722
1995/05/30,722,722,722,722,2000,722
1995/05/31,723,723,723,723,3000,723
1995/06/01,723,723,723,723,7000,723
1995/06/02,753,753,753,753,3000,753
1995/06/05,763,763,758,763,8000,763
1995/06/06,773,773,768,768,5000,768
1995/06/07,767,767,767,767,2000,767
1995/06/08,742,742,742,742,5000,742
1995/06/09,750,750,730,730,18000,730
1995/06/13,730,730,720,720,10000,720
1995/06/14,719,720,719,720,12000,720
1995/06/16,719,719,718,719,19000,719
1995/06/19,718,718,700,700,22000,700
1995/06/20,687,687,687,687,58000,687
1995/06/21,686,687,686,687,15000,687
1995/06/23,687,687,685,685,17000,685
1995/06/28,655,656,655,655,52000,655
1995/06/29,661,662,650,650,175000,650
1995/07/03,651,651,651,651,1000,651
1995/07/04,675,680,675,680,5000,680
1995/07/05,681,683,680,683,3000,683
1995/07/06,700,700,700,700,1000,700
1995/07/07,739,740,730,730,72000,730
1995/07/10,730,730,730,730,14000,730
1995/07/11,730,740,730,740,3000,740
1995/07/12,730,740,730,739,9000,739
1995/07/13,732,732,730,730,17000,730
1995/07/14,730,732,730,730,34000,730
1995/07/18,710,710,710,710,1000,710
1995/07/20,670,670,662,662,3000,662
1995/07/21,681,691,675,675,21000,675
1995/07/24,695,695,675,675,12000,675
1995/07/25,695,695,695,695,1000,695
1995/07/26,696,719,695,719,13000,719
1995/07/27,719,719,718,719,27000,719
1995/07/28,709,709,709,709,1000,709
1995/07/31,715,740,715,740,20000,740
1995/08/01,750,760,750,750,40000,750
1995/08/02,754,754,754,754,1000,754
1995/08/03,774,780,774,780,18000,780
1995/08/04,790,800,790,800,9000,800
1995/08/07,800,800,800,800,3000,800
1995/08/08,799,799,792,792,20000,792
1995/08/09,784,784,784,784,1000,784
1995/08/11,784,786,784,785,6000,785
1995/08/14,785,785,769,769,10000,769
1995/08/15,774,796,774,796,10000,796
1995/08/16,800,800,796,796,17000,796
1995/08/17,797,800,797,800,10000,800
1995/08/18,801,801,800,801,27000,801
1995/08/21,801,801,801,801,13000,801
1995/08/22,810,830,810,830,8000,830
1995/08/23,840,840,840,840,1000,840
1995/08/25,802,802,801,801,12000,801
1995/08/28,821,850,821,850,24000,850
1995/08/29,850,850,850,850,1000,850
1995/08/30,815,815,815,815,1000,815
1995/09/01,791,791,781,781,19000,781
1995/09/04,800,800,800,800,1000,800
1995/09/05,792,792,792,792,1000,792
1995/09/06,793,800,793,793,11000,793
1995/09/07,793,795,793,795,8000,795
1995/09/08,775,775,775,775,20000,775
1995/09/11,775,775,775,775,2000,775
1995/09/12,775,775,775,775,4000,775
1995/09/14,774,774,774,774,1000,774
1995/09/18,774,775,765,775,30000,775
1995/09/19,775,776,775,775,9000,775
1995/09/21,823,823,823,823,4000,823
1995/09/22,824,824,824,824,22000,824
1995/09/25,824,824,814,814,177000,814
1995/09/26,814,814,775,775,21000,775
1995/09/27,795,795,776,787,24000,787
1995/09/28,790,790,785,790,18000,790
1995/10/02,780,780,765,775,23000,775
1995/10/03,755,755,755,755,8000,755
1995/10/04,755,755,755,755,5000,755
1995/10/05,755,755,755,755,52000,755
1995/10/06,756,756,756,756,10000,756
1995/10/09,756,760,756,760,4000,760
1995/10/11,760,760,760,760,33000,760
1995/10/12,759,759,756,756,15000,756
1995/10/13,756,756,752,752,13000,752
1995/10/16,754,754,754,754,2000,754
1995/10/17,759,759,759,759,2000,759
1995/10/18,760,760,759,759,53000,759
1995/10/19,759,759,759,759,11000,759
1995/10/20,778,798,778,790,7000,790
1995/10/23,786,793,786,793,4000,793
1995/10/24,793,793,793,793,8000,793
1995/10/25,789,789,789,789,1000,789
1995/10/27,753,753,736,742,32000,742
1995/10/30,755,755,750,750,6000,750
1995/11/01,755,755,753,753,23000,753
1995/11/02,755,755,753,755,17000,755
1995/11/06,755,765,755,765,11000,765
1995/11/07,765,775,765,775,25000,775
1995/11/08,775,775,773,773,10000,773
1995/11/09,771,771,770,770,14000,770
1995/11/10,770,770,768,768,5000,768
1995/11/13,770,800,770,800,8000,800
1995/11/14,781,798,781,790,31000,790
1995/11/15,780,780,780,780,5000,780
1995/11/17,779,780,779,780,8000,780
1995/11/20,780,790,780,790,12000,790
1995/11/21,790,795,790,795,35000,795
1995/11/22,795,795,780,780,24000,780
1995/11/24,765,765,763,765,31000,765
1995/11/27,765,775,765,775,3000,775
1995/11/28,775,775,775,775,12000,775
1995/11/30,775,775,775,775,8000,775
1995/12/01,775,785,775,785,38000,785
1995/12/04,785,785,776,776,9000,776
1995/12/05,776,776,776,776,11000,776
1995/12/06,776,776,776,776,3000,776
1995/12/07,775,775,775,775,2000,775
1995/12/08,783,783,775,775,15000,775
1995/12/11,777,777,777,777,2000,777
1995/12/12,780,780,780,780,2000,780
1995/12/13,780,780,780,780,5000,780
1995/12/14,782,801,782,801,27000,801
1995/12/15,815,830,814,830,7000,830
1995/12/18,828,850,828,849,8000,849
1995/12/19,849,849,830,830,7000,830
1995/12/20,831,848,830,844,8000,844
1995/12/21,844,844,830,840,19000,840
1995/12/22,830,847,830,830,15000,830
1995/12/25,843,843,840,840,3000,840
1995/12/26,840,840,840,840,19000,840
1995/12/27,844,844,839,839,10000,839
1995/12/28,789,809,789,799,14000,799
1995/12/29,805,805,799,799,29000,799
1996/01/04,803,805,800,800,30000,800
1996/01/05,803,809,800,805,43000,805
1996/01/08,805,830,805,830,12000,830
1996/01/09,830,830,815,830,16000,830
1996/01/10,830,850,830,840,43000,840
1996/01/11,840,845,838,840,37000,840
1996/01/12,844,866,844,866,12000,866
1996/01/16,856,865,856,865,22000,865
1996/01/17,875,875,863,865,123000,865
1996/01/18,864,865,856,856,17000,856
1996/01/19,846,860,846,860,60000,860
1996/01/22,863,876,863,867,8000,867
1996/01/23,860,860,845,845,13000,845
1996/01/24,865,865,864,864,6000,864
1996/01/25,864,898,864,890,54000,890
1996/01/26,886,887,880,881,15000,881
1996/01/29,881,881,881,881,6000,881
1996/01/30,884,884,882,882,5000,882
1996/01/31,881,900,881,900,5000,900
1996/02/01,900,905,877,877,19000,877
1996/02/02,877,883,870,883,16000,883
1996/02/05,883,883,878,878,5000,878
1996/02/06,878,878,875,875,28000,875
1996/02/07,860,860,855,860,239000,860
1996/02/08,860,860,860,860,8000,860
1996/02/09,860,860,860,860,8000,860
1996/02/13,860,860,855,860,10000,860
1996/02/14,860,860,857,857,34000,857
1996/02/15,857,857,847,850,8000,850
1996/02/16,850,850,827,827,12000,827
1996/02/19,828,845,828,845,5000,845
1996/02/20,842,842,842,842,1000,842
1996/02/21,827,827,809,814,33000,814
1996/02/22,814,815,814,815,38000,815
1996/02/23,815,815,815,815,6000,815
1996/02/26,815,815,815,815,9000,815
1996/02/27,815,815,800,800,22000,800
1996/02/28,800,805,800,805,11000,805
1996/02/29,810,812,810,812,2000,812
1996/03/01,812,817,812,812,29000,812
1996/03/04,812,812,812,812,5000,812
1996/03/05,805,815,805,815,26000,815
1996/03/06,815,818,815,818,8000,818
1996/03/07,815,815,806,806,45000,806
1996/03/08,806,806,801,805,58000,805
1996/03/11,805,810,799,805,25000,805
1996/03/12,805,805,805,805,20000,805
1996/03/14,805,805,805,805,1000,805
1996/03/15,805,845,805,845,17000,845
1996/03/18,845,845,845,845,1000,845
1996/03/19,844,850,844,849,12000,849
1996/03/21,848,848,848,848,4000,848
1996/03/22,848,848,848,848,3000,848
1996/03/25,848,848,838,843,12000,843
1996/03/26,836,843,836,843,18000,843
1996/03/27,842,850,842,850,22000,850
1996/03/28,855,855,850,850,81000,850
1996/03/29,851,851,851,851,3000,851
1996/04/01,851,874,851,874,10000,874
1996/04/02,887,914,887,910,88000,910
1996/04/03,915,945,915,945,21000,945
1996/04/04,919,920,919,919,5000,919
1996/04/05,919,919,912,912,10000,912
1996/04/08,912,912,907,907,4000,907
1996/04/09,896,910,880,910,24000,910
1996/04/11,900,912,900,912,11000,912
1996/04/12,890,891,890,890,111000,890
1996/04/15,890,900,890,900,13000,900
1996/04/16,899,899,880,880,15000,880
1996/04/17,880,880,880,880,6000,880
1996/04/18,880,889,880,889,9000,889
1996/04/19,889,889,879,889,8000,889
1996/04/22,889,891,889,890,19000,890
1996/04/23,895,899,890,890,110000,890
1996/04/24,890,900,890,900,63000,900
1996/04/25,900,910,900,904,16000,904
1996/04/26,904,925,904,916,6000,916
1996/04/30,917,948,917,945,12000,945
1996/05/01,946,950,925,950,31000,950
1996/05/02,953,980,952,970,29000,970
1996/05/07,967,970,960,970,29000,970
1996/05/08,980,980,970,980,15000,980
1996/05/09,970,995,970,995,27000,995
1996/05/10,992,995,992,995,23000,995
1996/05/13,985,1040,985,1000,40000,1000
1996/05/14,1000,1000,990,995,27000,995
1996/05/15,994,999,994,998,25000,998
1996/05/16,998,1000,989,996,87000,996
1996/05/17,985,990,985,990,128000,990
1996/05/20,988,988,967,977,17000,977
1996/05/21,967,967,952,957,81000,957
1996/05/22,952,957,950,957,42000,957
1996/05/23,957,957,953,956,37000,956
1996/05/24,956,956,952,952,22000,952
1996/05/28,953,970,953,953,6000,953
1996/05/29,964,980,964,980,4000,980
1996/05/30,980,980,977,977,6000,977
1996/05/31,977,977,977,977,2000,977
1996/06/03,977,977,977,977,9000,977
1996/06/04,970,970,970,970,5000,970
1996/06/06,970,970,953,953,2000,953
1996/06/07,954,954,953,953,3000,953
1996/06/10,953,953,952,952,19000,952
1996/06/11,955,975,955,965,4000,965
1996/06/12,963,963,960,960,8000,960
1996/06/14,970,970,960,960,62000,960
1996/06/17,960,960,960,960,7000,960
1996/06/18,961,978,960,960,27000,960
1996/06/19,960,960,960,960,20000,960
1996/06/20,960,960,940,940,11000,940
1996/06/21,940,945,940,944,5000,944
1996/06/24,945,962,935,960,142000,960
1996/06/25,945,945,940,940,27000,940
1996/06/26,960,960,950,950,4000,950
1996/06/27,960,960,959,960,4000,960
1996/06/28,961,980,961,980,33000,980
1996/07/01,960,965,960,963,47000,963
1996/07/02,963,964,953,953,28000,953
1996/07/03,954,955,950,950,27000,950
1996/07/04,950,955,950,952,9000,952
1996/07/05,953,955,952,953,11000,953
1996/07/08,952,955,952,955,18000,955
1996/07/09,953,953,953,953,3000,953
1996/07/10,955,955,953,953,7000,953
1996/07/12,954,954,951,951,21000,951
1996/07/15,953,953,953,953,2000,953
1996/07/16,950,950,950,950,4000,950
1996/07/17,950,953,950,953,7000,953
1996/07/18,960,960,960,960,2000,960
1996/07/19,959,959,953,953,24000,953
1996/07/22,952,952,952,952,2000,952
1996/07/23,912,912,912,912,2000,912
1996/07/25,882,886,882,882,15000,882
1996/07/26,882,883,880,880,20000,880
1996/07/29,877,877,877,877,1000,877
1996/07/30,877,877,875,876,73000,876
1996/07/31,886,886,886,886,6000,886
1996/08/01,887,896,887,896,5000,896
1996/08/02,896,908,896,908,6000,908
1996/08/06,909,909,909,909,1000,909
1996/08/07,909,909,909,909,3000,909
1996/08/08,910,910,908,908,6000,908
1996/08/09,908,908,900,900,15000,900
1996/08/12,901,901,901,901,1000,901
1996/08/13,905,905,901,901,7000,901
1996/08/14,911,911,901,901,17000,901
1996/08/15,901,901,901,901,12000,901
1996/08/16,902,902,902,902,2000,902
1996/08/19,902,902,902,902,9000,902
1996/08/20,902,902,901,901,8000,901
1996/08/21,901,901,901,901,5000,901
1996/08/22,900,900,900,900,2000,900
1996/08/23,898,898,885,885,2000,885
1996/08/27,875,875,875,875,3000,875
1996/08/28,860,860,850,850,7000,850
1996/08/29,847,847,845,845,2000,845
1996/08/30,846,848,845,846,15000,846
1996/09/02,847,847,847,847,7000,847
1996/09/04,858,858,857,857,2000,857
1996/09/05,857,858,857,858,2000,858
1996/09/06,858,858,855,855,29000,855
1996/09/10,858,858,858,858,7000,858
1996/09/11,868,868,868,868,1000,868
1996/09/12,868,868,868,868,1000,868
1996/09/13,898,898,898,898,19000,898
1996/09/17,898,903,898,903,10000,903
1996/09/18,903,903,895,895,116000,895
1996/09/19,868,868,868,868,2000,868
1996/09/20,877,880,877,880,40000,880
1996/09/24,881,881,875,875,20000,875
1996/09/26,868,870,859,859,104000,859
1996/09/27,868,868,865,865,36000,865
1996/10/01,865,865,850,865,25000,865
1996/10/02,864,864,850,850,3000,850
1996/10/03,850,850,850,850,10000,850
1996/10/04,850,850,850,850,20000,850
1996/10/07,859,859,855,855,7000,855
1996/10/08,855,855,855,855,15000,855
1996/10/09,855,855,850,851,14000,851
1996/10/11,855,855,850,855,12000,855
1996/10/14,854,854,850,850,18000,850
1996/10/15,850,867,850,866,42000,866
1996/10/16,866,866,860,860,10000,860
1996/10/18,860,860,860,860,4000,860
1996/10/21,865,865,865,865,1000,865
1996/10/22,850,850,850,850,3000,850
1996/10/23,850,850,845,845,24000,845
1996/10/24,845,845,845,845,17000,845
1996/10/25,845,845,845,845,1000,845
1996/10/28,841,845,841,845,27000,845
1996/10/29,845,845,845,845,3000,845
1996/10/31,825,851,825,851,5000,851
1996/11/01,851,851,851,851,9000,851
1996/11/06,851,851,851,851,8000,851
1996/11/07,855,855,851,851,47000,851
1996/11/08,841,851,841,851,3000,851
1996/11/11,855,855,855,855,2000,855
1996/11/13,851,851,835,845,23000,845
1996/11/14,825,825,825,825,4000,825
1996/11/18,826,826,824,825,24000,825
1996/11/20,833,833,824,833,20000,833
1996/11/21,825,825,825,825,2000,825
1996/11/22,825,830,824,830,42000,830
1996/11/25,830,830,825,825,19000,825
1996/11/26,829,829,829,829,6000,829
1996/11/27,829,829,825,825,7000,825
1996/11/28,825,825,825,825,8000,825
1996/11/29,825,825,825,825,42000,825
1996/12/02,825,825,825,825,31000,825
1996/12/03,825,825,825,825,17000,825
1996/12/04,825,825,825,825,5000,825
1996/12/05,832,832,832,832,5000,832
1996/12/06,825,825,825,825,20000,825
1996/12/09,825,825,825,825,72000,825
1996/12/10,825,825,825,825,27000,825
1996/12/11,825,825,825,825,16000,825
1996/12/12,825,825,825,825,6000,825
1996/12/13,824,830,823,830,28000,830
1996/12/16,825,825,825,825,1000,825
1996/12/17,825,830,825,825,20000,825
1996/12/18,825,825,825,825,5000,825
1996/12/19,825,826,820,820,50000,820
1996/12/20,821,821,790,790,9000,790
1996/12/24,791,791,791,791,4000,791
1996/12/25,791,791,790,790,21000,790
1996/12/26,791,791,790,790,16000,790
1996/12/27,791,799,791,799,8000,799
1996/12/30,791,791,791,791,1000,791
1997/01/07,791,799,791,791,16000,791
1997/01/08,790,791,790,791,20000,791
1997/01/09,780,780,780,780,1000,780
1997/01/10,770,770,768,768,6000,768
1997/01/13,741,748,741,748,9000,748
1997/01/14,741,745,735,745,7000,745
1997/01/16,745,745,741,742,9000,742
1997/01/17,740,740,736,740,7000,740
1997/01/20,740,740,740,740,4000,740
1997/01/21,710,710,710,710,2000,710
1997/01/22,712,712,712,712,3000,712
1997/01/23,712,712,710,712,24000,712
1997/01/24,713,713,712,712,15000,712
1997/01/27,712,712,710,710,9000,710
1997/01/28,706,706,706,706,3000,706
1997/01/29,706,710,701,701,22000,701
1997/01/30,681,681,671,671,3000,671
1997/01/31,672,677,672,673,12000,673
1997/02/04,700,711,700,711,12000,711
1997/02/05,714,714,714,714,7000,714
1997/02/06,720,725,719,725,12000,725
1997/02/07,725,725,725,725,11000,725
1997/02/10,725,725,724,724,3000,724
1997/02/13,726,726,726,726,2000,726
1997/02/14,720,720,720,720,1000,720
1997/02/19,706,706,706,706,1000,706
1997/02/20,706,723,706,723,22000,723
1997/02/21,710,719,710,710,11000,710
1997/02/24,710,712,700,700,22000,700
1997/02/25,700,700,700,700,11000,700
1997/02/26,700,700,699,699,27000,699
1997/02/27,690,690,690,690,23000,690
1997/02/28,680,693,680,693,7000,693
1997/03/03,693,693,693,693,11000,693
1997/03/04,685,685,685,685,1000,685
1997/03/05,685,685,685,685,8000,685
1997/03/06,680,681,680,681,7000,681
1997/03/07,680,680,680,680,13000,680
1997/03/10,680,680,672,672,4000,672
1997/03/11,672,672,665,670,141000,670
1997/03/12,670,670,670,670,4000,670
1997/03/13,665,665,665,665,10000,665
1997/03/14,665,665,656,657,19000,657
1997/03/17,664,664,656,656,9000,656
1997/03/18,660,665,660,665,35000,665
1997/03/19,665,665,661,661,24000,661
1997/03/21,666,670,666,670,12000,670
1997/03/24,665,666,665,665,11000,665
1997/03/25,666,666,665,665,12000,665
1997/03/26,665,665,661,661,8000,661
1997/03/27,662,663,662,663,2000,663
1997/03/28,662,662,662,662,1000,662
1997/03/31,662,662,662,662,41000,662
1997/04/01,665,671,664,664,5000,664
1997/04/02,665,674,664,674,13000,674
1997/04/03,674,674,665,665,19000,665
1997/04/04,673,674,668,668,5000,668
1997/04/07,668,670,668,669,26000,669
1997/04/08,668,668,665,666,9000,666
1997/04/09,666,666,665,665,6000,665
1997/04/10,666,670,665,665,19000,665
1997/04/14,661,661,661,661,37000,661
1997/04/15,665,668,660,660,22000,660
1997/04/16,663,663,663,663,3000,663
1997/04/17,668,668,668,668,2000,668
1997/04/18,671,671,671,671,2000,671
1997/04/21,674,680,674,680,7000,680
1997/04/22,681,685,680,685,12000,685
1997/04/23,685,686,685,686,27000,686
1997/04/25,687,687,680,680,6000,680
1997/05/01,700,701,700,701,3000,701
1997/05/06,715,726,715,726,8000,726
1997/05/07,726,726,726,726,1000,726
1997/05/08,726,726,710,710,9000,710
1997/05/12,710,719,710,718,20000,718
1997/05/15,710,710,710,710,10000,710
1997/05/16,710,710,708,708,11000,708
1997/05/19,708,708,708,708,1000,708
1997/05/20,708,710,708,710,5000,710
1997/05/21,705,705,705,705,6000,705
1997/05/22,705,706,705,706,8000,706
1997/05/23,706,706,706,706,1000,706
1997/05/26,706,706,706,706,5000,706
1997/05/27,706,706,706,706,21000,706
1997/05/28,706,706,706,706,7000,706
1997/05/29,711,711,710,710,26000,710
1997/05/30,709,709,706,706,11000,706
1997/06/03,707,708,707,707,13000,707
1997/06/04,707,708,707,707,26000,707
1997/06/05,707,707,706,706,8000,706
1997/06/06,706,706,705,706,17000,706
1997/06/09,706,706,706,706,9000,706
1997/06/10,705,706,705,706,25000,706
1997/06/11,706,706,706,706,11000,706
1997/06/12,705,707,703,707,53000,707
1997/06/13,705,705,700,700,18000,700
1997/06/16,705,705,699,699,8000,699
1997/06/17,699,700,699,700,30000,700
1997/06/18,700,700,700,700,10000,700
1997/06/19,705,705,705,705,2000,705
1997/06/20,705,712,702,712,62000,712
1997/06/23,705,705,695,697,17000,697
1997/06/24,697,697,695,697,5000,697
1997/06/25,697,700,697,700,19000,700
1997/06/26,700,700,699,700,11000,700
1997/06/30,700,700,700,700,6000,700
1997/07/01,697,697,675,675,13000,675
1997/07/02,675,675,675,675,1000,675
1997/07/03,680,680,670,670,16000,670
1997/07/04,680,680,680,680,10000,680
1997/07/07,681,681,680,680,5000,680
1997/07/08,680,680,680,680,8000,680
1997/07/09,675,675,675,675,2000,675
1997/07/11,675,675,675,675,1000,675
1997/07/15,675,676,675,675,19000,675
1997/07/16,678,678,678,678,2000,678
1997/07/17,673,675,673,674,29000,674
1997/07/18,679,679,677,677,13000,677
1997/07/22,690,690,687,687,4000,687
1997/07/23,687,687,675,675,13000,675
1997/07/24,675,675,674,674,6000,674
1997/07/25,673,673,665,668,25000,668
1997/07/28,675,675,675,675,4000,675
1997/07/30,675,675,670,670,16000,670
1997/08/01,675,675,674,674,7000,674
1997/08/04,674,680,674,680,2000,680
1997/08/07,681,681,670,675,30000,675
1997/08/11,680,680,680,680,30000,680
1997/08/13,679,679,679,679,1000,679
1997/08/15,679,679,679,679,4000,679
1997/08/18,689,689,680,680,2000,680
1997/08/19,709,709,709,709,2000,709
1997/08/20,709,709,708,708,2000,708
1997/08/21,680,680,680,680,4000,680
1997/08/22,680,680,680,680,3000,680
1997/08/28,680,680,680,680,3000,680
1997/08/29,680,680,680,680,1000,680
1997/09/01,680,680,680,680,11000,680
1997/09/05,650,650,650,650,3000,650
1997/09/09,645,645,645,645,1000,645
1997/09/11,635,635,635,635,1000,635
1997/09/17,585,620,585,620,21000,620
1997/09/18,609,609,609,609,10000,609
1997/09/19,630,630,630,630,2000,630
1997/09/22,630,630,600,600,75000,600
1997/09/24,600,600,600,600,2000,600
1997/09/25,600,600,600,600,6000,600
1997/09/26,603,603,599,600,17000,600
1997/09/29,599,599,585,585,8000,585
1997/09/30,565,565,565,565,3000,565
1997/10/01,565,565,565,565,1000,565
1997/10/02,566,566,565,565,4000,565
1997/10/03,565,575,565,575,7000,575
1997/10/06,565,565,565,565,10000,565
1997/10/07,565,565,565,565,11000,565
1997/10/08,560,560,560,560,2000,560
1997/10/09,560,560,560,560,1000,560
1997/10/13,560,560,550,555,18000,555
1997/10/14,556,556,550,554,18000,554
1997/10/15,554,555,551,555,13000,555
1997/10/17,551,551,551,551,1000,551
1997/10/20,551,551,530,530,2000,530
1997/10/21,536,536,536,536,3000,536
1997/10/22,535,535,535,535,3000,535
1997/10/23,535,536,535,535,7000,535
1997/10/27,535,535,535,535,4000,535
1997/10/28,535,535,525,534,20000,534
1997/10/29,536,541,536,541,11000,541
1997/10/30,541,541,541,541,2000,541
1997/10/31,535,537,535,535,23000,535
1997/11/04,555,555,555,555,1000,555
1997/11/05,575,575,575,575,12000,575
1997/11/06,575,575,574,574,6000,574
1997/11/07,573,600,573,600,3000,600
1997/11/13,574,574,566,570,5000,570
1997/11/14,573,578,573,578,2000,578
1997/11/17,580,590,580,590,7000,590
1997/11/18,610,610,610,610,1000,610
1997/11/20,599,600,599,600,3000,600
1997/11/21,596,596,595,595,4000,595
1997/11/27,593,593,593,593,3000,593
1997/11/28,600,600,596,596,6000,596
1997/12/01,586,586,584,584,15000,584
1997/12/02,554,554,535,535,27000,535
1997/12/04,535,535,535,535,20000,535
1997/12/05,530,532,530,532,13000,532
1997/12/08,530,530,530,530,1000,530
1997/12/09,529,529,525,525,4000,525
1997/12/10,525,525,510,520,22000,520
1997/12/11,502,502,502,502,4000,502
1997/12/12,520,520,489,490,27000,490
1997/12/15,490,490,480,480,3000,480
1997/12/16,480,480,477,477,11000,477
1997/12/17,462,462,452,460,6000,460
1997/12/18,451,451,425,429,46000,429
1997/12/19,391,394,391,394,2000,394
1997/12/24,320,320,320,320,9000,320
1997/12/25,320,320,305,305,19000,305
1997/12/26,300,300,300,300,8000,300
1997/12/29,300,300,289,289,17000,289
1998/01/05,289,290,289,289,36000,289
1998/01/06,296,300,290,300,8000,300
1998/01/07,310,310,310,310,2000,310
1998/01/08,310,310,305,305,3000,305
1998/01/12,305,305,305,305,9000,305
1998/01/13,303,314,303,311,17000,311
1998/01/14,311,311,311,311,3000,311
1998/01/16,312,323,312,323,29000,323
1998/01/19,325,335,325,335,37000,335
1998/01/20,335,335,330,332,85000,332
1998/01/21,332,341,332,337,15000,337
1998/01/22,322,335,322,335,12000,335
1998/01/23,331,340,331,340,26000,340
1998/01/26,395,395,395,395,21000,395
1998/01/27,389,410,389,410,9000,410
1998/01/28,421,425,420,421,31000,421
1998/01/29,437,456,436,436,23000,436
1998/01/30,436,440,436,436,9000,436
1998/02/02,426,426,426,426,19000,426
1998/02/03,396,396,386,386,21000,386
1998/02/04,391,392,391,392,9000,392
1998/02/05,397,397,397,397,1000,397
1998/02/06,400,400,400,400,2000,400
1998/02/09,430,430,420,420,8000,420
1998/02/10,416,430,416,430,11000,430
1998/02/12,433,440,430,435,12000,435
1998/02/13,435,435,430,430,9000,430
1998/02/16,410,410,406,408,13000,408
1998/02/17,408,410,408,410,6000,410
1998/02/18,410,410,410,410,2000,410
1998/02/19,409,409,408,408,8000,408
1998/02/23,409,409,409,409,4000,409
1998/02/24,409,409,409,409,2000,409
1998/02/25,408,413,406,413,18000,413
1998/02/26,420,425,420,425,3000,425
1998/02/27,430,435,430,435,3000,435
1998/03/02,455,460,455,460,42000,460
1998/03/03,470,470,470,470,33000,470
1998/03/04,464,465,464,465,4000,465
1998/03/05,465,466,465,465,53000,465
1998/03/06,460,460,455,456,5000,456
1998/03/09,456,456,456,456,2000,456
1998/03/10,460,460,460,460,3000,460
1998/03/11,465,465,460,460,7000,460
1998/03/12,460,460,455,460,10000,460
1998/03/13,465,465,465,465,20000,465
1998/03/16,466,466,460,460,20000,460
1998/03/17,465,465,460,465,14000,465
1998/03/18,470,470,465,465,13000,465
1998/03/19,462,464,460,460,9000,460
1998/03/20,460,465,450,450,24000,450
1998/03/23,453,454,450,450,15000,450
1998/03/24,445,446,440,440,9000,440
1998/03/25,438,445,438,445,17000,445
1998/03/26,448,448,442,442,2000,442
1998/03/27,440,440,436,439,10000,439
1998/03/31,405,405,395,400,6000,400
1998/04/01,423,436,406,406,18000,406
1998/04/03,365,370,356,361,8000,361
1998/04/06,361,361,330,361,44000,361
1998/04/07,365,368,365,367,9000,367
1998/04/08,382,382,382,382,2000,382
1998/04/09,380,380,370,374,7000,374
1998/04/10,374,374,365,365,11000,365
1998/04/13,366,366,365,365,12000,365
1998/04/14,365,365,365,365,4000,365
1998/04/15,365,365,365,365,1000,365
1998/04/16,365,365,365,365,5000,365
1998/04/17,380,380,365,365,2000,365
1998/04/20,365,365,365,365,10000,365
1998/04/21,365,365,365,365,2000,365
1998/04/22,365,366,365,365,6000,365
1998/04/23,365,365,365,365,6000,365
1998/04/27,384,384,370,370,3000,370
1998/04/28,380,380,380,380,1000,380
1998/04/30,380,390,380,380,26000,380
1998/05/01,390,390,390,390,17000,390
1998/05/06,390,390,390,390,1000,390
1998/05/07,381,381,380,380,3000,380
1998/05/08,380,383,380,383,41000,383
1998/05/11,380,380,380,380,1000,380
1998/05/12,380,383,380,383,5000,383
1998/05/14,384,384,384,384,8000,384
1998/05/15,380,380,380,380,3000,380
1998/05/18,381,381,381,381,2000,381
1998/05/20,381,382,381,382,3000,382
1998/05/21,385,389,385,389,6000,389
1998/05/22,404,404,399,400,12000,400
1998/05/25,401,403,401,403,2000,403
1998/05/26,403,404,403,404,3000,404
1998/05/27,400,400,400,400,1000,400
1998/05/29,403,410,403,410,17000,410
1998/06/01,435,435,430,430,18000,430
1998/06/02,430,430,430,430,1000,430
1998/06/09,415,420,415,418,51000,418
1998/06/10,418,418,403,403,33000,403
1998/06/11,403,418,403,418,13000,418
1998/06/12,418,418,404,404,42000,404
1998/06/16,403,404,403,404,10000,404
1998/06/17,404,404,404,404,2000,404
1998/06/18,404,404,395,395,5000,395
1998/06/22,400,400,400,400,1000,400
1998/06/23,395,395,395,395,1000,395
1998/06/24,400,400,400,400,3000,400
1998/06/25,400,400,399,400,8000,400
1998/06/26,401,401,395,395,5000,395
1998/06/29,395,395,395,395,1000,395
1998/06/30,403,405,403,405,14000,405
1998/07/01,430,440,430,430,52000,430
1998/07/02,429,429,421,421,8000,421
1998/07/03,429,429,421,421,4000,421
1998/07/06,431,435,430,430,4000,430
1998/07/07,432,432,432,432,5000,432
1998/07/08,440,440,440,440,21000,440
1998/07/09,445,450,445,449,13000,449
1998/07/10,450,450,440,445,134000,445
1998/07/13,445,445,440,445,88000,445
1998/07/14,448,448,444,444,124000,444
1998/07/15,450,470,450,465,9000,465
1998/07/16,465,470,465,470,19000,470
1998/07/17,470,470,470,470,1000,470
1998/07/21,470,470,468,468,7000,468
1998/07/22,456,456,441,441,8000,441
1998/07/23,435,435,433,433,8000,433
1998/07/24,432,433,432,433,7000,433
1998/07/27,430,430,430,430,1000,430
1998/07/28,430,430,430,430,11000,430
1998/07/29,430,431,430,430,6000,430
1998/07/30,430,430,430,430,14000,430
1998/07/31,435,435,435,435,1000,435
1998/08/03,435,435,435,435,15000,435
1998/08/04,430,430,430,430,5000,430
1998/08/05,425,430,425,430,12000,430
1998/08/10,420,430,420,430,16000,430
1998/08/11,430,430,415,420,9000,420
1998/08/12,420,420,420,420,5000,420
1998/08/13,420,420,420,420,18000,420
1998/08/14,430,430,429,429,3000,429
1998/08/17,434,434,409,409,3000,409
1998/08/18,410,425,410,425,11000,425
1998/08/19,435,435,435,435,5000,435
1998/08/20,435,435,410,410,3000,410
1998/08/21,410,410,410,410,10000,410
1998/08/24,410,410,410,410,12000,410
1998/08/25,408,408,407,407,3000,407
1998/08/26,400,400,400,400,1000,400
1998/08/27,380,380,380,380,1000,380
1998/08/28,380,380,379,380,6000,380
1998/08/31,390,390,380,380,11000,380
1998/09/01,400,400,380,380,30000,380
1998/09/02,382,382,380,380,18000,380
1998/09/03,360,360,360,360,1000,360
1998/09/04,354,354,330,330,29000,330
1998/09/07,320,327,300,304,39000,304
1998/09/08,325,334,306,306,56000,306
1998/09/09,316,320,316,320,19000,320
1998/09/10,320,344,320,340,30000,340
1998/09/11,340,340,339,340,42000,340
1998/09/14,330,330,330,330,9000,330
1998/09/16,330,330,328,329,14000,329
1998/09/17,330,330,330,330,12000,330
1998/09/18,325,325,316,316,34000,316
1998/09/21,316,316,308,309,17000,309
1998/09/22,309,309,309,309,8000,309
1998/09/24,311,312,310,312,21000,312
1998/09/25,312,314,312,314,2000,314
1998/09/28,314,316,314,316,6000,316
1998/09/30,331,331,326,328,10000,328
1998/10/01,333,333,315,315,23000,315
1998/10/02,314,315,312,312,11000,312
1998/10/05,310,312,308,309,21000,309
1998/10/06,314,314,314,314,1000,314
1998/10/07,314,314,312,314,5000,314
1998/10/08,316,316,315,315,4000,315
1998/10/09,315,315,315,315,13000,315
1998/10/12,320,320,320,320,8000,320
1998/10/13,320,320,320,320,1000,320
1998/10/14,310,313,310,313,6000,313
1998/10/15,320,320,310,310,5000,310
1998/10/16,330,330,329,329,3000,329
1998/10/19,319,319,310,310,8000,310
1998/10/20,310,310,310,310,5000,310
1998/10/21,310,310,310,310,12000,310
1998/10/22,310,310,310,310,27000,310
1998/10/23,306,310,306,306,4000,306
1998/10/26,306,306,306,306,7000,306
1998/10/27,306,307,306,307,2000,307
1998/10/28,308,308,308,308,2000,308
1998/10/29,309,309,309,309,1000,309
1998/10/30,315,315,310,310,2000,310
1998/11/02,325,325,322,322,22000,322
1998/11/04,320,320,320,320,1000,320
1998/11/05,322,322,315,315,13000,315
1998/11/06,315,315,310,310,7000,310
1998/11/09,312,312,301,301,13000,301
1998/11/10,302,305,302,305,23000,305
1998/11/11,305,307,305,305,15000,305
1998/11/12,307,307,307,307,5000,307
1998/11/13,306,306,295,295,8000,295
1998/11/16,295,299,295,295,28000,295
1998/11/17,298,298,293,295,46000,295
1998/11/18,296,300,296,299,22000,299
1998/11/19,308,308,304,306,21000,306
1998/11/20,304,304,300,300,27000,300
1998/11/24,320,320,320,320,7000,320
1998/11/25,319,319,319,319,13000,319
1998/11/26,318,319,315,317,35000,317
1998/11/27,325,340,325,335,119000,335
1998/11/30,339,339,330,331,64000,331
1998/12/01,337,337,325,325,22000,325
1998/12/02,328,328,321,323,18000,323
1998/12/03,322,322,322,322,2000,322
1998/12/04,339,339,327,327,27000,327
1998/12/07,327,328,325,325,9000,325
1998/12/08,320,320,318,318,11000,318
1998/12/09,318,325,315,325,22000,325
1998/12/11,315,316,313,313,16000,313
1998/12/14,313,313,313,313,1000,313
1998/12/15,312,312,310,310,6000,310
1998/12/16,313,313,310,310,3000,310
1998/12/17,310,310,306,306,10000,306
1998/12/18,310,310,309,309,3000,309
1998/12/21,303,308,303,308,7000,308
1998/12/22,308,308,308,308,1000,308
1998/12/24,303,305,302,305,14000,305
1998/12/25,302,303,302,302,10000,302
1998/12/28,303,303,303,303,3000,303
1998/12/29,301,303,301,303,7000,303
1998/12/30,303,303,298,300,4000,300
1999/01/04,310,310,300,300,20000,300
1999/01/05,299,299,298,298,7000,298
1999/01/06,300,303,298,303,11000,303
1999/01/07,300,300,300,300,1000,300
1999/01/08,300,300,295,296,10000,296
1999/01/11,296,298,295,298,6000,298
1999/01/12,295,295,295,295,1000,295
1999/01/13,295,295,293,293,6000,293
1999/01/14,291,291,290,290,16000,290
1999/01/18,290,290,287,287,7000,287
1999/01/19,300,300,290,290,6000,290
1999/01/20,290,300,290,300,18000,300
1999/01/21,300,300,300,300,1000,300
1999/01/22,299,299,298,299,9000,299
1999/01/25,296,298,287,288,21000,288
1999/01/26,290,294,290,294,16000,294
1999/01/27,298,298,290,290,8000,290
1999/01/28,293,293,290,290,6000,290
1999/01/29,291,291,288,289,11000,289
1999/02/01,300,300,290,291,26000,291
1999/02/02,296,296,288,290,27000,290
1999/02/03,289,289,289,289,9000,289
1999/02/04,289,289,287,287,14000,287
1999/02/05,287,287,284,284,34000,284
1999/02/08,285,285,285,285,19000,285
1999/02/09,285,288,285,285,14000,285
1999/02/10,282,282,282,282,2000,282
1999/02/12,285,285,285,285,20000,285
1999/02/15,283,284,275,275,44000,275
1999/02/16,274,277,274,277,69000,277
1999/02/17,282,282,277,277,30000,277
1999/02/18,277,277,277,277,15000,277
1999/02/19,277,277,275,277,36000,277
1999/02/22,277,280,275,280,80000,280
1999/02/23,280,282,279,282,40000,282
1999/02/24,282,282,280,282,21000,282
1999/02/25,279,279,277,278,18000,278
1999/02/26,275,276,271,271,71000,271
1999/03/01,276,276,261,274,382000,274
1999/03/02,274,277,274,275,47000,275
1999/03/03,275,277,275,277,20000,277
1999/03/04,277,280,277,278,37000,278
1999/03/05,278,283,278,283,56000,283
1999/03/08,286,290,286,287,38000,287
1999/03/09,287,290,287,290,21000,290
1999/03/10,290,290,284,284,26000,284
1999/03/11,290,290,278,290,76000,290
1999/03/12,289,291,285,291,31000,291
1999/03/15,295,300,295,295,22000,295
1999/03/16,300,310,300,310,70000,310
1999/03/17,305,309,300,304,42000,304
1999/03/18,303,307,300,300,77000,300
1999/03/19,300,305,300,304,17000,304
1999/03/23,310,315,309,313,79000,313
1999/03/24,312,323,312,320,50000,320
1999/03/25,319,325,318,323,55000,323
1999/03/26,315,316,312,312,27000,312
1999/03/29,312,312,299,299,32000,299
1999/03/30,296,296,295,296,18000,296
1999/03/31,309,309,299,305,24000,305
1999/04/01,320,320,313,313,22000,313
1999/04/02,313,313,299,299,10000,299
1999/04/05,300,304,300,304,10000,304
1999/04/06,310,310,302,302,6000,302
1999/04/07,305,310,303,303,7000,303
1999/04/08,313,320,310,320,58000,320
1999/04/09,322,330,320,330,64000,330
1999/04/12,330,334,322,322,40000,322
1999/04/13,322,330,322,330,30000,330
1999/04/14,332,333,330,332,60000,332
1999/04/15,331,334,331,331,24000,331
1999/04/16,329,329,326,326,15000,326
1999/04/19,331,333,330,330,53000,330
1999/04/20,330,330,326,326,47000,326
1999/04/21,326,326,322,322,16000,322
1999/04/22,321,321,320,320,2000,320
1999/04/23,320,320,320,320,3000,320
1999/04/26,321,321,303,305,49000,305
1999/04/27,315,315,310,313,14000,313
1999/04/28,320,320,315,315,38000,315
1999/04/30,320,320,319,320,32000,320
1999/05/06,335,338,330,338,191000,338
1999/05/07,338,338,333,335,72000,335
1999/05/10,345,349,340,348,60000,348
1999/05/11,349,349,335,337,104000,337
1999/05/12,339,348,339,347,35000,347
1999/05/13,345,345,342,343,28000,343
1999/05/14,344,348,344,347,102000,347
1999/05/17,340,340,330,339,48000,339
1999/05/18,330,337,330,331,25000,331
1999/05/19,333,333,330,332,13000,332
1999/05/20,332,332,325,330,19000,330
1999/05/21,325,331,325,330,31000,330
1999/05/24,330,330,326,326,18000,326
1999/05/25,325,325,324,324,33000,324
1999/05/26,320,320,315,319,23000,319
1999/05/27,320,320,310,310,36000,310
1999/05/28,310,310,308,310,11000,310
1999/05/31,318,320,315,315,17000,315
1999/06/01,320,320,320,320,30000,320
1999/06/02,320,322,320,322,18000,322
1999/06/03,323,328,323,328,26000,328
1999/06/04,324,325,323,324,8000,324
1999/06/07,322,324,322,324,4000,324
1999/06/08,324,324,311,311,8000,311
1999/06/09,312,319,312,319,6000,319
1999/06/10,319,330,319,330,25000,330
1999/06/11,310,316,310,315,41000,315
1999/06/14,330,330,320,320,4000,320
1999/06/15,323,330,323,327,11000,327
1999/06/16,324,327,324,325,17000,325
1999/06/17,325,326,320,320,29000,320
1999/06/18,326,328,326,327,28000,327
1999/06/21,337,337,327,330,27000,330
1999/06/22,332,332,329,330,57000,330
1999/06/23,335,335,327,327,59000,327
1999/06/24,330,330,330,330,5000,330
1999/06/25,330,330,320,330,23000,330
1999/06/28,330,334,330,334,23000,334
1999/06/29,320,332,320,332,43000,332
1999/06/30,332,332,325,325,10000,325
1999/07/01,335,335,320,320,43000,320
1999/07/02,321,323,321,323,23000,323
1999/07/05,325,326,321,326,37000,326
1999/07/06,346,346,330,330,59000,330
1999/07/07,345,345,340,340,33000,340
1999/07/08,341,342,340,340,11000,340
1999/07/09,340,340,339,340,15000,340
1999/07/12,335,335,333,334,15000,334
1999/07/13,334,334,333,334,23000,334
1999/07/14,334,334,333,333,12000,333
1999/07/15,333,333,331,331,13000,331
1999/07/16,333,333,330,330,28000,330
1999/07/19,335,335,331,335,21000,335
1999/07/21,335,335,331,335,33000,335
1999/07/22,331,335,328,328,95000,328
1999/07/23,320,328,310,310,49000,310
1999/07/26,310,315,310,310,64000,310
1999/07/27,311,319,310,319,62000,319
1999/07/28,319,319,310,310,8000,310
1999/07/29,314,314,310,310,16000,310
1999/07/30,310,311,310,310,23000,310
1999/08/02,330,330,314,314,22000,314
1999/08/03,329,329,320,320,8000,320
1999/08/04,320,330,319,329,24000,329
1999/08/05,329,329,324,324,5000,324
1999/08/06,328,328,311,328,6000,328
1999/08/10,327,327,327,327,2000,327
1999/08/11,327,335,327,335,12000,335
1999/08/12,333,335,333,335,8000,335
1999/08/16,327,332,327,330,3000,330
1999/08/17,330,330,327,327,15000,327
1999/08/18,330,330,330,330,1000,330
1999/08/19,330,330,327,327,3000,327
1999/08/23,327,327,321,321,15000,321
1999/08/24,330,330,325,325,11000,325
1999/08/25,324,325,323,323,5000,323
1999/08/26,325,325,318,318,8000,318
1999/08/27,330,330,318,321,29000,321
1999/08/30,322,323,320,320,9000,320
1999/09/01,320,320,317,320,29000,320
1999/09/02,315,317,300,300,20000,300
1999/09/03,301,304,301,304,7000,304
1999/09/06,304,305,304,304,10000,304
1999/09/07,304,305,300,300,26000,300
1999/09/08,300,300,290,290,17000,290
1999/09/09,295,304,295,304,6000,304
1999/09/10,304,305,295,295,37000,295
1999/09/13,291,299,291,298,9000,298
1999/09/14,295,299,291,293,12000,293
1999/09/16,293,297,293,293,29000,293
1999/09/17,291,293,286,293,28000,293
1999/09/20,303,308,297,297,14000,297
1999/09/21,298,302,298,302,13000,302
1999/09/22,306,320,305,320,53000,320
1999/09/24,320,320,307,307,22000,307
1999/09/27,310,310,310,310,18000,310
1999/09/28,307,311,307,311,17000,311
1999/09/29,312,320,312,320,49000,320
1999/09/30,335,386,335,355,336000,355
1999/10/01,350,351,325,339,273000,339
1999/10/04,344,344,330,339,25000,339
1999/10/05,315,315,294,300,127000,300
1999/10/06,300,303,274,280,246000,280
1999/10/07,281,304,281,304,157000,304
1999/10/08,299,309,285,295,119000,295
1999/10/12,281,282,275,275,88000,275
1999/10/13,274,274,260,262,94000,262
1999/10/14,260,270,260,260,44000,260
1999/10/15,263,265,258,258,65000,258
1999/10/18,255,257,255,257,33000,257
1999/10/19,256,264,256,263,47000,263
1999/10/20,260,270,260,270,18000,270
1999/10/21,269,269,251,256,71000,256
1999/10/22,256,259,250,255,71000,255
1999/10/25,250,251,244,247,94000,247
1999/10/26,247,263,247,255,19000,255
1999/10/27,250,250,245,246,56000,246
1999/10/28,250,254,249,254,21000,254
1999/10/29,249,254,249,249,45000,249
1999/11/01,249,250,240,240,105000,240
1999/11/02,242,253,235,235,146000,235
1999/11/04,235,247,235,245,59000,245
1999/11/05,247,249,245,248,38000,248
1999/11/08,255,255,245,248,37000,248
1999/11/09,245,250,245,246,44000,246
1999/11/10,246,247,245,247,33000,247
1999/11/11,245,250,240,241,54000,241
1999/11/12,240,240,231,235,43000,235
1999/11/15,235,236,225,225,62000,225
1999/11/16,225,234,225,234,71000,234
1999/11/17,234,250,234,250,38000,250
1999/11/18,250,260,250,260,79000,260
1999/11/19,260,263,260,260,42000,260
1999/11/22,260,265,260,265,35000,265
1999/11/24,265,265,260,265,27000,265
1999/11/25,260,260,251,252,54000,252
1999/11/26,252,252,250,251,72000,251
1999/11/29,250,252,250,251,60000,251
1999/11/30,251,254,250,253,34000,253
1999/12/01,260,260,259,259,57000,259
1999/12/02,259,265,257,260,61000,260
1999/12/03,259,260,251,251,24000,251
1999/12/06,269,269,253,258,44000,258
1999/12/07,258,258,252,255,10000,255
1999/12/08,255,255,249,249,38000,249
1999/12/09,249,249,241,241,23000,241
1999/12/10,238,240,230,232,56000,232
1999/12/13,231,235,230,230,12000,230
1999/12/14,230,230,229,230,6000,230
1999/12/15,225,227,216,218,54000,218
1999/12/16,220,226,215,215,50000,215
1999/12/17,223,223,215,218,13000,218
1999/12/20,219,220,218,219,5000,219
1999/12/21,219,220,217,217,7000,217
1999/12/22,217,217,217,217,10000,217
1999/12/24,220,227,217,225,14000,225
1999/12/27,215,223,215,218,11000,218
1999/12/28,217,217,216,216,6000,216
1999/12/29,216,216,210,210,48000,210
1999/12/30,210,227,210,227,13000,227
2000/01/04,237,237,237,237,22000,237
2000/01/05,212,215,212,215,17000,215
2000/01/06,216,220,215,215,32000,215
2000/01/07,220,220,220,220,4000,220
2000/01/11,220,223,220,223,4000,223
2000/01/12,223,223,213,214,19000,214
2000/01/13,214,215,211,212,19000,212
2000/01/14,215,225,215,225,13000,225
2000/01/17,224,225,221,223,12000,223
2000/01/18,226,231,225,231,16000,231
2000/01/19,235,235,230,230,4000,230
2000/01/20,227,227,224,224,16000,224
2000/01/21,225,225,223,224,18000,224
2000/01/24,225,225,224,224,28000,224
2000/01/25,224,225,222,222,39000,222
2000/01/26,225,225,219,220,45000,220
2000/01/27,225,225,222,222,7000,222
2000/01/28,222,222,219,219,16000,219
2000/01/31,219,220,215,215,34000,215
2000/02/01,220,220,207,207,147000,207
2000/02/02,210,214,207,211,66000,211
2000/02/03,215,215,211,211,10000,211
2000/02/04,212,212,211,211,24000,211
2000/02/07,211,220,211,219,28000,219
2000/02/08,212,212,211,212,35000,212
2000/02/09,212,212,211,211,25000,211
2000/02/10,215,215,211,211,29000,211
2000/02/14,214,214,211,212,14000,212
2000/02/15,212,212,209,210,32000,210
2000/02/16,210,210,207,210,30000,210
2000/02/17,205,208,205,205,68000,205
2000/02/18,205,206,205,205,11000,205
2000/02/21,205,207,200,200,19000,200
2000/02/22,205,206,205,206,6000,206
2000/02/23,205,208,205,208,16000,208
2000/02/24,200,204,200,200,90000,200
2000/02/25,200,210,200,202,59000,202
2000/02/28,202,202,200,200,21000,200
2000/02/29,201,205,201,205,22000,205
2000/03/01,210,210,200,203,80000,203
2000/03/02,202,202,199,200,73000,200
2000/03/03,200,200,200,200,17000,200
2000/03/06,200,201,199,200,71000,200
2000/03/07,200,202,199,201,20000,201
2000/03/08,199,200,199,199,31000,199
2000/03/09,198,200,198,200,26000,200
2000/03/10,210,210,199,199,129000,199
2000/03/13,200,202,200,202,26000,202
2000/03/14,202,205,199,205,87000,205
2000/03/15,205,205,201,204,29000,204
2000/03/16,205,208,201,208,25000,208
2000/03/17,203,208,202,208,35000,208
2000/03/21,202,202,201,201,39000,201
2000/03/22,201,203,201,202,28000,202
2000/03/23,202,204,201,203,55000,203
2000/03/24,204,204,202,202,93000,202
2000/03/27,202,202,201,202,79000,202
2000/03/28,202,203,195,203,24000,203
2000/03/29,196,204,196,203,28000,203
2000/03/30,198,200,198,200,23000,200
2000/03/31,198,199,197,198,22000,198
2000/04/03,203,203,197,203,42000,203
2000/04/04,201,201,198,198,15000,198
2000/04/05,197,197,196,196,38000,196
2000/04/06,197,200,197,199,16000,199
2000/04/07,200,200,199,199,21000,199
2000/04/10,197,200,197,200,34000,200
2000/04/11,197,200,197,200,17000,200
2000/04/12,200,200,199,200,45000,200
2000/04/13,200,200,199,200,8000,200
2000/04/14,200,201,198,200,48000,200
2000/04/17,195,196,195,196,17000,196
2000/04/18,199,200,198,198,11000,198
2000/04/19,195,200,195,200,24000,200
2000/04/20,197,200,197,197,24000,197
2000/04/21,198,200,198,198,7000,198
2000/04/24,198,198,197,198,20000,198
2000/04/25,198,198,192,197,15000,197
2000/04/26,196,196,195,195,14000,195
2000/04/27,195,196,195,196,5000,196
2000/04/28,195,195,191,191,16000,191
2000/05/01,201,201,193,194,35000,194
2000/05/02,197,198,196,198,28000,198
2000/05/08,199,199,198,198,15000,198
2000/05/09,198,198,195,195,5000,195
2000/05/10,198,198,195,198,12000,198
2000/05/11,195,198,195,198,13000,198
2000/05/12,198,198,195,196,57000,196
2000/05/15,192,193,192,193,45000,193
2000/05/16,192,196,192,195,15000,195
2000/05/17,195,200,195,198,63000,198
2000/05/18,195,198,195,198,31000,198
2000/05/19,198,201,198,201,50000,201
2000/05/22,206,206,201,201,26000,201
2000/05/23,200,206,200,205,37000,205
2000/05/24,204,204,201,203,29000,203
2000/05/25,201,204,201,201,10000,201
2000/05/26,201,202,195,200,26000,200
2000/05/29,210,225,210,221,141000,221
2000/05/30,240,277,240,268,758000,268
2000/05/31,260,265,250,259,317000,259
2000/06/01,260,282,260,268,693000,268
2000/06/02,270,274,257,265,162000,265
2000/06/05,273,273,252,260,144000,260
2000/06/06,260,291,260,291,570000,291
2000/06/07,296,320,291,292,875000,292
2000/06/08,297,297,280,285,154000,285
2000/06/09,281,292,280,289,105000,289
2000/06/12,292,300,290,296,128000,296
2000/06/13,300,305,285,305,209000,305
2000/06/14,300,300,286,290,66000,290
2000/06/15,290,290,275,280,111000,280
2000/06/16,280,280,275,280,59000,280
2000/06/19,275,279,273,275,29000,275
2000/06/20,275,275,270,270,68000,270
2000/06/21,270,270,265,270,49000,270
2000/06/22,270,270,264,265,47000,265
2000/06/23,265,265,262,264,58000,264
2000/06/26,265,269,264,267,20000,267
2000/06/27,268,271,268,270,34000,270
2000/06/28,272,275,270,270,67000,270
2000/06/29,270,275,270,275,72000,275
2000/06/30,275,275,271,274,17000,274
2000/07/03,289,290,282,290,105000,290
2000/07/04,293,293,287,291,69000,291
2000/07/05,293,293,285,286,80000,286
2000/07/06,296,296,281,281,61000,281
2000/07/07,280,285,275,284,28000,284
2000/07/10,285,289,284,288,50000,288
2000/07/11,286,287,270,277,68000,277
2000/07/12,277,290,277,289,117000,289
2000/07/13,285,295,285,291,93000,291
2000/07/14,286,290,285,289,56000,289
2000/07/17,288,305,288,295,125000,295
2000/07/18,295,300,283,300,149000,300
2000/07/19,299,310,290,310,260000,310
2000/07/21,310,313,298,303,175000,303
2000/07/24,303,303,285,290,70000,290
2000/07/25,290,310,290,307,245000,307
2000/07/26,307,348,307,340,797000,340
2000/07/27,339,359,324,324,851000,324
2000/07/28,334,338,323,328,313000,328
2000/07/31,325,325,295,313,235000,313
2000/08/01,303,324,303,324,182000,324
2000/08/02,315,320,310,320,309000,320
2000/08/03,320,362,315,353,2194000,353
2000/08/04,355,362,330,330,907000,330
2000/08/07,331,339,331,339,261000,339
2000/08/08,341,341,321,328,240000,328
2000/08/09,326,327,310,319,253000,319
2000/08/10,320,330,320,320,127000,320
2000/08/11,321,330,320,327,124000,327
2000/08/14,332,350,327,342,169000,342
2000/08/15,341,345,335,335,148000,335
2000/08/16,340,346,337,337,156000,337
2000/08/17,342,343,330,332,87000,332
2000/08/18,342,343,335,340,101000,340
2000/08/21,342,343,335,342,82000,342
2000/08/22,342,378,342,374,755000,374
2000/08/23,379,383,361,362,284000,362
2000/08/24,362,363,345,353,206000,353
2000/08/25,351,355,346,348,104000,348
2000/08/28,350,350,345,345,113000,345
2000/08/29,345,350,340,340,98000,340
2000/08/30,340,340,331,340,124000,340
2000/08/31,340,340,330,331,77000,331
2000/09/01,331,334,331,331,106000,331
2000/09/04,330,330,310,310,71000,310
2000/09/05,310,318,310,311,71000,311
2000/09/06,311,317,310,310,35000,310
2000/09/07,315,316,305,316,43000,316
2000/09/08,316,319,310,310,27000,310
2000/09/11,315,320,311,316,83000,316
2000/09/12,312,316,312,316,27000,316
2000/09/13,310,317,310,315,57000,315
2000/09/14,316,316,315,315,60000,315
2000/09/18,310,311,295,295,38000,295
2000/09/19,292,292,281,289,37000,289
2000/09/20,289,298,283,283,40000,283
2000/09/21,284,290,284,286,35000,286
2000/09/22,287,287,283,284,32000,284
2000/09/25,295,295,284,284,20000,284
2000/09/26,288,288,284,286,24000,286
2000/09/27,285,286,279,282,53000,282
2000/09/28,277,282,273,273,24000,273
2000/09/29,269,269,262,264,60000,264
2000/10/02,274,274,261,263,52000,263
2000/10/03,270,270,261,264,40000,264
2000/10/04,262,264,261,264,16000,264
2000/10/05,266,267,264,267,10000,267
2000/10/06,265,270,261,261,16000,261
2000/10/10,261,266,261,261,10000,261
2000/10/11,261,270,256,265,25000,265
2000/10/12,264,264,260,262,11000,262
2000/10/13,260,260,256,256,21000,256
2000/10/16,260,266,258,258,10000,258
2000/10/17,265,265,258,263,6000,263
2000/10/18,260,261,255,255,19000,255
2000/10/19,255,255,252,253,22000,253
2000/10/20,255,261,250,250,49000,250
2000/10/23,255,263,254,254,14000,254
2000/10/24,254,260,253,258,12000,258
2000/10/25,250,255,248,248,23000,248
2000/10/26,249,253,245,253,19000,253
2000/10/27,254,258,254,256,11000,256
2000/10/30,256,259,255,255,14000,255
2000/10/31,255,265,255,265,30000,265
2000/11/01,285,285,280,283,35000,283
2000/11/02,278,278,270,270,8000,270
2000/11/06,258,270,258,270,13000,270
2000/11/07,262,263,262,263,10000,263
2000/11/08,278,278,275,275,11000,275
2000/11/09,275,275,263,265,7000,265
2000/11/10,265,265,263,263,4000,263
2000/11/13,263,263,260,263,18000,263
2000/11/14,263,263,260,261,8000,261
2000/11/15,265,265,260,260,18000,260
2000/11/16,264,266,260,261,15000,261
2000/11/17,264,264,264,264,5000,264
2000/11/20,267,270,257,257,35000,257
2000/11/21,260,260,249,249,36000,249
2000/11/22,244,250,230,234,30000,234
2000/11/24,235,238,233,233,44000,233
2000/11/27,235,242,234,242,18000,242
2000/11/28,250,262,249,262,13000,262
2000/11/29,256,260,256,260,5000,260
2000/11/30,261,267,250,266,10000,266
2000/12/01,279,279,273,279,56000,279
2000/12/04,280,284,280,282,28000,282
2000/12/05,281,283,265,274,63000,274
2000/12/06,277,278,270,274,25000,274
2000/12/07,273,275,273,273,67000,273
2000/12/08,275,275,266,266,68000,266
2000/12/11,266,275,266,275,49000,275
2000/12/12,268,274,268,272,5000,272
2000/12/13,268,268,266,266,12000,266
2000/12/14,267,269,265,265,15000,265
2000/12/15,265,265,264,264,5000,264
2000/12/18,263,263,257,258,36000,258
2000/12/19,257,261,255,255,26000,255
2000/12/20,255,257,255,256,25000,256
2000/12/21,255,255,235,240,32000,240
2000/12/22,245,246,240,240,32000,240
2000/12/25,241,245,241,245,17000,245
2000/12/26,246,249,245,249,21000,249
2000/12/27,249,249,249,249,8000,249
2000/12/28,249,250,249,250,15000,250
2000/12/29,250,250,249,249,5000,249
2001/01/04,264,264,254,261,37000,261
2001/01/05,258,258,253,253,11000,253
2001/01/09,251,251,243,243,15000,243
2001/01/10,243,244,240,240,43000,240
2001/01/11,245,245,228,231,91000,231
2001/01/12,231,231,229,231,21000,231
2001/01/15,236,236,232,236,10000,236
2001/01/16,241,241,236,238,31000,238
2001/01/17,240,240,237,238,31000,238
2001/01/18,238,240,238,239,18000,239
2001/01/19,240,245,238,240,29000,240
2001/01/22,245,245,239,240,27000,240
2001/01/23,240,240,239,240,18000,240
2001/01/24,239,247,238,247,33000,247
2001/01/25,246,246,238,240,55000,240
2001/01/26,240,240,237,240,98000,240
2001/01/29,245,245,242,242,21000,242
2001/01/30,241,244,241,242,25000,242
2001/01/31,242,242,241,242,32000,242
2001/02/01,242,242,238,238,109000,238
2001/02/02,240,240,236,239,86000,239
2001/02/05,240,245,239,245,93000,245
2001/02/06,245,245,242,244,61000,244
2001/02/07,245,253,245,246,104000,246
2001/02/08,251,256,246,256,121000,256
2001/02/09,255,259,255,259,91000,259
2001/02/13,263,263,259,259,26000,259
2001/02/14,259,259,254,255,37000,255
2001/02/15,254,260,251,256,47000,256
2001/02/16,260,260,256,257,19000,257
2001/02/19,257,257,256,257,33000,257
2001/02/20,257,265,255,265,80000,265
2001/02/21,260,265,260,260,36000,260
2001/02/22,260,269,258,269,160000,269
2001/02/23,272,280,272,278,83000,278
2001/02/26,279,279,270,276,66000,276
2001/02/27,276,279,274,278,23000,278
2001/02/28,279,280,278,278,23000,278
2001/03/01,280,280,277,279,24000,279
2001/03/02,279,279,273,273,46000,273
2001/03/05,275,275,266,266,51000,266
2001/03/06,268,273,267,270,42000,270
2001/03/07,270,277,270,277,18000,277
2001/03/08,272,274,272,272,12000,272
2001/03/09,275,303,275,303,230000,303
2001/03/12,298,298,285,291,62000,291
2001/03/13,285,294,285,292,75000,292
2001/03/14,292,292,290,290,32000,290
2001/03/15,288,299,275,298,83000,298
2001/03/16,290,292,288,288,28000,288
2001/03/19,293,304,290,293,75000,293
2001/03/21,298,305,297,305,95000,305
2001/03/22,310,322,307,322,169000,322
2001/03/23,325,338,325,325,221000,325
2001/03/26,336,340,334,340,197000,340
2001/03/27,339,340,327,333,104000,333
2001/03/28,336,338,333,335,49000,335
2001/03/29,330,330,325,327,64000,327
2001/03/30,320,321,312,313,97000,313
2001/04/02,313,313,286,305,51000,305
2001/04/03,303,305,299,305,52000,305
2001/04/04,303,329,303,329,120000,329
2001/04/05,330,345,330,340,220000,340
2001/04/06,345,345,325,330,110000,330
2001/04/09,330,335,327,334,69000,334
2001/04/10,339,339,331,331,19000,331
2001/04/11,337,340,332,338,60000,338
2001/04/12,340,343,340,341,55000,341
2001/04/13,345,345,338,338,76000,338
2001/04/16,343,343,338,340,37000,340
2001/04/17,340,341,336,337,64000,337
2001/04/18,338,340,338,338,30000,338
2001/04/19,340,342,335,337,63000,337
2001/04/20,333,335,331,331,30000,331
2001/04/23,332,340,332,340,30000,340
2001/04/24,340,340,335,340,24000,340
2001/04/25,340,345,335,345,37000,345
2001/04/26,348,365,345,365,143000,365
2001/04/27,365,370,360,365,100000,365
2001/05/01,375,380,375,377,87000,377
2001/05/02,377,377,360,370,42000,370
2001/05/07,368,370,367,370,29000,370
2001/05/08,366,366,351,360,46000,360
2001/05/09,360,366,360,364,61000,364
2001/05/10,365,370,363,365,42000,365
2001/05/11,365,365,360,363,27000,363
2001/05/14,351,359,350,350,150000,350
2001/05/15,350,365,347,354,61000,354
2001/05/16,358,364,358,364,104000,364
2001/05/17,368,368,361,365,15000,365
2001/05/18,360,365,358,361,36000,361
2001/05/21,368,369,360,360,41000,360
2001/05/22,365,365,361,361,51000,361
2001/05/23,365,365,362,364,22000,364
2001/05/24,363,364,360,362,21000,362
2001/05/25,360,365,357,358,20000,358
2001/05/28,357,358,350,350,24000,350
2001/05/29,335,340,330,340,30000,340
2001/05/30,339,339,330,330,28000,330
2001/05/31,330,335,326,333,44000,333
2001/06/01,348,350,343,349,44000,349
2001/06/04,345,345,340,340,8000,340
2001/06/05,345,346,340,343,22000,343
2001/06/06,350,354,349,352,27000,352
2001/06/07,350,352,350,352,36000,352
2001/06/08,355,357,355,355,67000,355
2001/06/11,355,357,355,355,15000,355
2001/06/12,355,355,355,355,27000,355
2001/06/13,350,350,347,348,13000,348
2001/06/14,347,347,342,342,24000,342
2001/06/15,340,345,338,345,23000,345
2001/06/18,349,369,349,369,102000,369
2001/06/19,380,402,379,391,284000,391
2001/06/20,400,400,390,390,154000,390
2001/06/21,390,396,390,394,72000,394
2001/06/22,395,420,395,420,285000,420
2001/06/25,430,441,426,431,255000,431
2001/06/26,434,468,434,468,365000,468
2001/06/27,466,475,451,458,215000,458
2001/06/28,460,461,445,461,228000,461
2001/06/29,464,495,461,492,226000,492
2001/07/02,507,507,470,473,262000,473
2001/07/03,468,468,455,468,205000,468
2001/07/04,458,458,449,457,104000,457
2001/07/05,473,473,462,471,79000,471
2001/07/06,470,470,453,456,50000,456
2001/07/09,441,442,436,440,95000,440
2001/07/10,435,443,430,442,73000,442
2001/07/11,439,461,433,457,116000,457
2001/07/12,470,537,470,537,515000,537
2001/07/13,557,635,550,604,2331000,604
2001/07/16,628,645,615,630,1563000,630
2001/07/17,610,618,582,603,741000,603
2001/07/18,590,624,583,620,491000,620
2001/07/19,613,613,592,606,265000,606
2001/07/23,596,600,570,571,526000,571
2001/07/24,560,595,555,595,369000,595
2001/07/25,575,612,575,612,323000,612
2001/07/26,617,620,599,605,358000,605
2001/07/27,601,620,591,618,360000,618
2001/07/30,624,650,620,650,1018000,650
2001/07/31,656,687,654,680,1136000,680
2001/08/01,698,698,659,664,618000,664
2001/08/02,670,678,663,668,326000,668
2001/08/03,669,720,660,704,979000,704
2001/08/06,700,711,692,697,314000,697
2001/08/07,707,707,690,700,412000,700
2001/08/08,700,700,663,688,524000,688
2001/08/09,668,682,668,670,299000,670
2001/08/10,670,703,669,699,505000,699
2001/08/13,698,699,681,689,170000,689
2001/08/14,688,702,688,690,130000,690
2001/08/15,699,725,687,700,472000,700
2001/08/16,700,708,686,690,264000,690
2001/08/17,688,692,676,683,101000,683
2001/08/20,669,672,655,655,269000,655
2001/08/21,645,646,622,631,507000,631
2001/08/22,620,645,620,630,222000,630
2001/08/23,635,660,635,638,155000,638
2001/08/24,628,650,623,644,171000,644
2001/08/27,629,636,625,625,119000,625
2001/08/28,623,623,582,600,379000,600
2001/08/29,585,594,582,590,123000,590
2001/08/30,585,595,580,586,213000,586
2001/08/31,593,623,586,608,416000,608
2001/09/03,628,647,620,640,372000,640
2001/09/04,640,640,621,632,127000,632
2001/09/05,621,621,584,603,221000,603
2001/09/06,600,615,600,607,105000,607
2001/09/07,596,605,594,600,151000,600
2001/09/10,586,596,585,592,126000,592
2001/09/11,591,610,591,602,171000,602
2001/09/12,562,587,562,565,415000,565
2001/09/13,570,592,570,580,145000,580
2001/09/14,583,594,583,589,80000,589
2001/09/17,575,575,530,544,213000,544
2001/09/18,535,565,535,540,242000,540
2001/09/19,541,570,541,565,126000,565
2001/09/20,585,585,550,564,190000,564
2001/09/21,554,568,546,567,96000,567
2001/09/25,564,586,564,571,97000,571
2001/09/26,571,591,569,578,109000,578
2001/09/27,578,585,575,585,55000,585
2001/09/28,586,610,586,607,113000,607
2001/10/01,620,632,610,630,170000,630
2001/10/02,660,666,655,665,589000,665
2001/10/03,689,689,660,670,316000,670
2001/10/04,675,675,649,671,143000,671
2001/10/05,669,680,660,668,197000,668
2001/10/09,648,650,641,648,85000,648
2001/10/10,628,637,627,632,57000,632
2001/10/11,632,678,632,678,143000,678
2001/10/12,678,680,664,667,137000,667
2001/10/15,647,660,647,656,38000,656
2001/10/16,651,678,651,678,62000,678
2001/10/17,677,677,660,666,81000,666
2001/10/18,658,665,642,645,104000,645
2001/10/19,643,660,640,650,67000,650
2001/10/22,648,670,647,652,80000,652
2001/10/23,660,678,660,668,87000,668
2001/10/24,662,670,660,667,68000,667
2001/10/25,667,697,664,680,267000,680
2001/10/26,680,685,675,678,145000,678
2001/10/29,676,680,675,678,35000,678
2001/10/30,663,678,663,675,44000,675
2001/10/31,675,710,673,710,282000,710
2001/11/01,710,710,689,697,144000,697
2001/11/02,698,734,698,725,654000,725
2001/11/05,745,764,742,764,1108000,764
2001/11/06,760,760,736,740,405000,740
2001/11/07,738,754,734,734,332000,734
2001/11/08,731,731,711,730,233000,730
2001/11/09,730,730,715,718,224000,718
2001/11/12,680,697,680,690,359000,690
2001/11/13,686,686,632,636,582000,636
2001/11/14,647,655,616,630,338000,630
2001/11/15,621,642,606,615,451000,615
2001/11/16,610,620,603,610,389000,610
2001/11/19,600,605,578,589,262000,589
2001/11/20,569,572,552,554,449000,554
2001/11/21,550,595,550,570,202000,570
2001/11/22,590,590,568,570,212000,570
2001/11/26,570,606,566,606,194000,606
2001/11/27,616,616,605,611,268000,611
2001/11/28,599,599,572,579,118000,579
2001/11/29,580,584,579,582,93000,582
2001/11/30,596,605,581,587,69000,587
2001/12/03,602,602,567,580,90000,580
2001/12/04,568,568,550,555,144000,555
2001/12/05,545,545,521,524,202000,524
2001/12/06,540,548,530,532,193000,532
2001/12/07,535,536,499,501,245000,501
2001/12/10,490,515,471,504,399000,504
2001/12/11,513,514,509,512,84000,512
2001/12/12,530,531,502,504,90000,504
2001/12/13,501,501,480,498,85000,498
2001/12/14,491,494,483,491,128000,491
2001/12/17,489,489,476,476,161000,476
2001/12/18,482,490,475,478,124000,478
2001/12/19,478,479,470,479,89000,479
2001/12/20,474,492,474,491,188000,491
2001/12/21,496,502,490,502,182000,502
2001/12/25,508,526,506,526,129000,526
2001/12/26,525,531,521,522,112000,522
2001/12/27,511,516,511,514,44000,514
2001/12/28,517,523,514,520,66000,520
2002/01/04,535,535,530,530,63000,530
2002/01/07,540,540,528,529,43000,529
2002/01/08,525,527,520,520,233000,520
2002/01/09,490,511,490,503,134000,503
2002/01/10,503,543,503,543,139000,543
2002/01/11,538,538,522,525,89000,525
2002/01/15,525,536,525,526,155000,526
2002/01/16,525,532,520,520,62000,520
2002/01/17,518,536,518,536,84000,536
2002/01/18,540,545,525,545,30000,545
2002/01/21,542,544,526,541,41000,541
2002/01/22,540,540,533,535,33000,535
2002/01/23,532,544,530,535,52000,535
2002/01/24,535,539,534,535,59000,535
2002/01/25,536,555,536,552,193000,552
2002/01/28,572,584,564,568,178000,568
2002/01/29,565,565,540,554,167000,554
2002/01/30,553,553,543,544,63000,544
2002/01/31,535,542,531,533,77000,533
2002/02/01,529,532,526,526,155000,526
2002/02/04,516,516,510,511,120000,511
2002/02/05,501,518,499,508,120000,508
2002/02/06,508,520,508,519,78000,519
2002/02/07,509,515,504,512,135000,512
2002/02/08,502,518,502,514,95000,514
2002/02/12,508,529,508,529,60000,529
2002/02/13,528,533,528,530,99000,530
2002/02/14,532,550,532,536,105000,536
2002/02/15,535,541,535,537,34000,537
2002/02/18,537,549,537,544,45000,544
2002/02/19,548,550,536,540,70000,540
2002/02/20,520,532,520,531,29000,531
2002/02/21,540,555,527,555,89000,555
2002/02/22,560,561,547,547,121000,547
2002/02/25,557,558,544,545,59000,545
2002/02/26,539,545,539,540,42000,540
2002/02/27,560,560,545,552,32000,552
2002/02/28,559,589,559,579,135000,579
2002/03/01,581,599,555,599,124000,599
2002/03/04,629,640,618,640,229000,640
2002/03/05,650,650,600,605,209000,605
2002/03/06,598,609,596,606,98000,606
2002/03/07,604,660,604,648,308000,648
2002/03/08,650,662,650,658,134000,658
2002/03/11,658,658,649,651,76000,651
2002/03/12,650,650,641,647,40000,647
2002/03/13,641,642,625,625,75000,625
2002/03/14,620,644,615,639,101000,639
2002/03/15,640,641,629,641,76000,641
2002/03/18,660,681,650,674,111000,674
2002/03/19,684,696,680,685,55000,685
2002/03/20,679,681,673,675,74000,675
2002/03/22,674,674,650,650,56000,650
2002/03/25,650,660,646,660,49000,660
2002/03/26,651,656,651,651,38000,651
2002/03/27,649,670,645,669,61000,669
2002/03/28,670,684,670,676,54000,676
2002/03/29,689,689,671,671,33000,671
2002/04/01,691,691,684,685,43000,685
2002/04/02,685,687,681,686,105000,686
2002/04/03,680,680,670,670,46000,670
2002/04/04,655,669,655,660,95000,660
2002/04/05,673,673,663,669,11000,669
2002/04/08,671,677,671,675,37000,675
2002/04/09,679,679,674,674,30000,674
2002/04/10,671,671,655,655,55000,655
2002/04/11,656,659,656,656,9000,656
2002/04/12,657,659,649,649,35000,649
2002/04/15,641,643,635,635,49000,635
2002/04/16,635,649,635,649,55000,649
2002/04/17,655,655,651,655,53000,655
2002/04/18,654,655,651,655,9000,655
2002/04/19,658,658,652,652,23000,652
2002/04/22,639,645,639,645,28000,645
2002/04/23,655,655,646,647,14000,647
2002/04/24,647,655,647,651,42000,651
2002/04/25,651,651,645,645,23000,645
2002/04/26,646,650,630,630,44000,630
2002/04/30,618,628,616,628,41000,628
2002/05/01,650,659,640,646,178000,646
2002/05/02,650,650,645,646,118000,646
2002/05/07,666,670,665,668,186000,668
2002/05/08,652,660,650,654,65000,654
2002/05/09,670,670,663,668,39000,668
2002/05/10,675,675,668,674,19000,674
2002/05/13,684,684,660,663,41000,663
2002/05/14,673,676,671,673,25000,673
2002/05/15,675,685,647,650,128000,650
2002/05/16,640,650,635,648,216000,648
2002/05/17,650,650,634,634,67000,634
2002/05/20,624,640,624,632,87000,632
2002/05/21,625,627,623,625,75000,625
2002/05/22,623,626,610,615,91000,615
2002/05/23,621,624,620,624,30000,624
2002/05/24,620,648,620,648,97000,648
2002/05/27,628,640,626,639,40000,639
2002/05/28,628,628,627,627,21000,627
2002/05/29,617,621,615,617,56000,617
2002/05/30,614,614,600,609,45000,609
2002/05/31,619,624,615,616,60000,616
2002/06/03,615,627,615,624,62000,624
2002/06/04,620,620,610,610,56000,610
2002/06/05,611,620,611,619,79000,619
2002/06/06,621,621,616,618,59000,618
2002/06/07,620,627,618,625,130000,625
2002/06/10,637,637,629,630,64000,630
2002/06/11,613,620,613,619,54000,619
2002/06/12,613,615,610,613,40000,613
2002/06/13,619,619,603,604,35000,604
2002/06/14,594,595,591,591,156000,591
2002/06/17,590,591,561,561,51000,561
2002/06/18,560,564,541,541,143000,541
2002/06/19,541,546,530,530,117000,530
2002/06/20,521,535,521,528,123000,528
2002/06/21,527,570,522,557,168000,557
2002/06/24,540,570,540,570,201000,570
2002/06/25,555,570,555,563,91000,563
2002/06/26,562,570,560,565,85000,565
2002/06/27,583,583,541,548,133000,548
2002/06/28,551,566,550,555,66000,555
2002/07/01,566,569,560,560,37000,560
2002/07/02,552,568,552,565,64000,565
2002/07/03,570,575,563,573,50000,573
2002/07/04,565,572,560,565,59000,565
2002/07/05,580,580,568,580,63000,580
2002/07/08,573,585,573,585,30000,585
2002/07/09,580,580,572,573,42000,573
2002/07/10,583,583,573,573,6000,573
2002/07/11,572,572,569,570,31000,570
2002/07/12,570,579,569,572,51000,572
2002/07/15,572,573,570,570,46000,570
2002/07/16,569,576,565,572,74000,572
2002/07/17,571,580,570,580,34000,580
2002/07/18,585,590,580,588,68000,588
2002/07/19,583,586,570,570,35000,570
2002/07/22,565,576,565,574,38000,574
2002/07/23,566,573,566,573,23000,573
2002/07/24,574,583,572,583,27000,583
2002/07/25,580,600,575,579,63000,579
2002/07/26,579,579,563,565,50000,565
2002/07/29,566,580,563,568,157000,568
2002/07/30,570,580,570,577,86000,577
2002/07/31,577,590,575,588,21000,588
2002/08/01,598,599,561,576,217000,576
2002/08/02,586,608,586,603,91000,603
2002/08/05,600,607,596,605,84000,605
2002/08/06,605,605,592,604,36000,604
2002/08/07,594,605,594,600,17000,600
2002/08/08,600,608,600,608,158000,608
2002/08/09,609,625,609,625,87000,625
2002/08/12,629,629,619,624,25000,624
2002/08/13,625,625,605,612,35000,612
2002/08/14,620,621,605,605,80000,605
2002/08/15,615,623,612,623,66000,623
2002/08/16,622,625,620,624,27000,624
2002/08/19,630,630,592,592,42000,592
2002/08/20,599,606,596,606,68000,606
2002/08/21,608,612,607,610,72000,610
2002/08/22,610,625,599,600,25000,600
2002/08/23,620,621,602,602,24000,602
2002/08/26,602,615,602,606,39000,606
2002/08/27,600,606,600,601,40000,601
2002/08/28,602,605,600,600,32000,600
2002/08/29,600,600,592,593,33000,593
2002/08/30,610,619,600,609,36000,609
2002/09/02,619,619,605,605,38000,605
2002/09/03,605,611,590,593,75000,593
2002/09/04,586,586,572,576,30000,576
2002/09/05,576,599,576,582,36000,582
2002/09/06,581,590,577,577,75000,577
2002/09/09,572,576,572,576,117000,576
2002/09/10,572,572,568,571,76000,571
2002/09/11,572,583,572,577,11000,577
2002/09/12,577,577,572,572,31000,572
2002/09/13,588,588,575,578,58000,578
2002/09/17,581,591,575,583,79000,583
2002/09/18,590,597,582,591,17000,591
2002/09/19,594,606,594,595,44000,595
2002/09/20,600,600,598,599,18000,599
2002/09/24,600,600,584,598,18000,598
2002/09/25,597,597,576,586,9000,586
2002/09/26,593,593,589,589,18000,589
2002/09/27,600,600,590,595,16000,595
2002/09/30,599,599,594,596,15000,596
2002/10/01,600,600,592,592,102000,592
2002/10/02,600,600,584,592,38000,592
2002/10/03,598,600,595,598,68000,598
2002/10/04,581,599,581,595,14000,595
2002/10/07,585,592,584,592,43000,592
2002/10/08,582,593,582,592,46000,592
2002/10/09,582,582,569,574,60000,574
2002/10/10,554,555,506,542,103000,542
2002/10/11,547,570,547,567,28000,567
2002/10/15,569,571,565,569,23000,569
2002/10/16,569,590,569,580,23000,580
2002/10/17,570,575,568,568,19000,568
2002/10/18,565,575,564,570,19000,570
2002/10/21,590,595,588,594,19000,594
2002/10/22,600,600,570,573,34000,573
2002/10/23,580,580,571,571,8000,571
2002/10/24,571,571,556,568,18000,568
2002/10/25,576,583,570,583,17000,583
2002/10/28,583,587,562,582,25000,582
2002/10/29,583,585,575,575,15000,575
2002/10/30,575,575,561,561,26000,561
2002/10/31,575,575,574,575,15000,575
2002/11/01,583,588,578,588,37000,588
2002/11/05,588,588,580,580,28000,580
2002/11/06,580,582,575,575,32000,575
2002/11/07,565,574,564,574,70000,574
2002/11/08,558,562,558,559,27000,559
2002/11/11,559,559,550,550,23000,550
2002/11/12,550,558,550,558,28000,558
2002/11/13,560,561,558,558,10000,558
2002/11/14,560,560,530,530,23000,530
2002/11/15,520,547,520,542,42000,542
2002/11/18,542,543,538,538,13000,538
2002/11/19,538,539,532,539,22000,539
2002/11/20,540,564,539,563,20000,563
2002/11/21,563,563,546,546,31000,546
2002/11/22,560,561,541,549,41000,549
2002/11/25,569,576,551,576,31000,576
2002/11/26,576,582,569,575,21000,575
2002/11/27,577,577,573,576,21000,576
2002/11/28,576,580,576,576,23000,576
2002/11/29,586,633,575,628,109000,628
2002/12/02,619,619,590,600,64000,600
2002/12/03,599,610,596,610,47000,610
2002/12/04,610,614,600,610,42000,610
2002/12/05,611,617,611,613,25000,613
2002/12/06,615,620,613,618,69000,618
2002/12/09,618,624,618,624,20000,624
2002/12/10,623,624,615,615,25000,615
2002/12/11,605,605,570,595,52000,595
2002/12/12,595,595,577,594,54000,594
2002/12/13,594,600,575,588,118000,588
2002/12/16,586,586,575,580,60000,580
2002/12/17,570,580,566,566,104000,566
2002/12/18,566,573,566,571,56000,571
2002/12/19,570,570,556,562,49000,562
2002/12/20,565,573,565,571,48000,571
2002/12/24,555,571,555,555,182000,555
2002/12/25,557,600,550,600,125000,600
2002/12/26,590,595,580,595,49000,595
2002/12/27,605,610,598,610,19000,610
2002/12/30,610,616,606,609,21000,609
2003/01/06,620,620,616,617,19000,617
2003/01/07,618,620,618,620,32000,620
2003/01/08,610,623,610,623,92000,623
2003/01/09,613,613,607,607,14000,607
2003/01/10,600,620,600,615,24000,615
2003/01/14,620,623,600,621,33000,621
2003/01/15,620,620,614,619,42000,619
2003/01/16,618,625,615,623,36000,623
2003/01/17,620,620,616,619,28000,619
2003/01/20,620,624,610,616,40000,616
2003/01/21,614,619,614,619,20000,619
2003/01/22,617,620,613,615,48000,615
2003/01/23,620,620,601,601,53000,601
2003/01/24,605,618,605,606,32000,606
2003/01/27,616,616,606,609,17000,609
2003/01/28,607,612,606,611,17000,611
2003/01/29,616,616,611,612,21000,612
2003/01/30,612,620,612,619,20000,619
2003/01/31,618,620,614,615,51000,615
2003/02/03,616,625,615,619,112000,619
2003/02/04,619,639,619,639,57000,639
2003/02/05,639,648,636,637,74000,637
2003/02/06,637,640,631,635,46000,635
2003/02/07,635,648,631,648,109000,648
2003/02/10,665,688,665,688,237000,688
2003/02/12,694,720,689,704,247000,704
2003/02/13,698,698,682,689,85000,689
2003/02/14,689,689,675,680,66000,680
2003/02/17,680,682,672,676,124000,676
2003/02/18,686,690,678,685,47000,685
2003/02/19,680,688,671,685,43000,685
2003/02/20,675,677,674,676,40000,676
2003/02/21,676,676,655,655,39000,655
2003/02/24,650,653,635,645,44000,645
2003/02/25,635,635,626,626,29000,626
2003/02/26,622,649,622,642,70000,642
2003/02/27,635,637,632,632,25000,632
2003/02/28,632,645,632,640,25000,640
2003/03/03,648,648,631,636,54000,636
2003/03/04,638,644,635,644,61000,644
2003/03/05,640,641,635,637,34000,637
2003/03/06,635,635,623,627,62000,627
2003/03/07,627,644,627,629,77000,629
2003/03/10,629,629,617,628,63000,628
2003/03/11,620,627,611,620,13000,620
2003/03/12,630,637,620,637,31000,637
2003/03/13,638,669,638,640,44000,640
2003/03/14,640,644,636,643,86000,643
2003/03/17,648,648,639,640,24000,640
2003/03/18,649,654,633,641,50000,641
2003/03/19,640,649,630,649,14000,649
2003/03/20,649,672,649,670,29000,670
2003/03/24,670,693,665,686,27000,686
2003/03/25,670,679,670,674,33000,674
2003/03/26,664,676,655,674,37000,674
2003/03/27,677,679,660,678,41000,678
2003/03/28,668,686,668,686,121000,686
2003/03/31,691,700,690,697,89000,697
2003/04/01,677,685,676,679,76000,679
2003/04/02,679,679,674,676,11000,676
2003/04/03,684,684,679,679,24000,679
2003/04/04,678,682,676,676,25000,676
2003/04/07,666,675,665,675,22000,675
2003/04/08,671,682,671,677,17000,677
2003/04/09,681,688,676,688,22000,688
2003/04/10,688,688,678,678,24000,678
2003/04/11,684,688,677,677,29000,677
2003/04/14,687,688,680,688,25000,688
2003/04/15,689,689,671,678,80000,678
2003/04/16,683,688,678,684,24000,684
2003/04/17,687,688,681,688,25000,688
2003/04/18,688,692,683,691,29000,691
2003/04/21,691,698,690,692,34000,692
2003/04/22,691,691,679,683,51000,683
2003/04/23,684,692,684,689,28000,689
2003/04/24,692,695,689,689,50000,689
2003/04/25,694,694,685,693,32000,693
2003/04/28,694,704,690,700,56000,700
2003/04/30,702,708,700,700,89000,700
2003/05/01,701,703,697,702,30000,702
2003/05/02,702,702,691,698,25000,698
2003/05/06,701,708,701,702,39000,702
2003/05/07,704,705,702,703,22000,703
2003/05/08,702,703,702,703,11000,703
2003/05/09,700,703,700,702,58000,702
2003/05/12,701,701,683,694,7000,694
2003/05/13,690,700,684,690,38000,690
2003/05/14,690,698,690,690,22000,690
2003/05/15,689,693,661,685,42000,685
2003/05/16,688,689,677,678,24000,678
2003/05/19,678,685,674,676,37000,676
2003/05/20,675,677,674,675,21000,675
2003/05/21,675,675,652,672,56000,672
2003/05/22,662,667,651,661,29000,661
2003/05/23,663,672,661,669,43000,669
2003/05/26,670,670,666,666,34000,666
2003/05/27,668,669,660,668,29000,668
2003/05/28,669,670,650,670,31000,670
2003/05/29,670,675,664,670,65000,670
2003/05/30,675,677,671,675,44000,675
2003/06/02,675,675,650,658,53000,658
2003/06/03,650,664,650,664,21000,664
2003/06/04,670,670,646,650,35000,650
2003/06/05,655,665,648,650,70000,650
2003/06/06,652,652,644,644,34000,644
2003/06/09,650,657,647,657,160000,657
2003/06/10,656,668,650,668,46000,668
2003/06/11,668,668,661,666,11000,666
2003/06/12,668,668,650,658,23000,658
2003/06/13,655,668,655,665,63000,665
2003/06/16,668,670,665,665,43000,665
2003/06/17,669,669,664,665,54000,665
2003/06/18,666,670,665,665,14000,665
2003/06/19,665,669,664,667,34000,667
2003/06/20,665,673,665,672,41000,672
2003/06/23,671,676,670,675,33000,675
2003/06/24,679,692,679,682,52000,682
2003/06/25,684,699,684,695,44000,695
2003/06/26,700,701,698,699,62000,699
2003/06/27,701,703,699,702,57000,702
2003/06/30,703,703,698,702,98000,702
2003/07/01,710,712,706,709,59000,709
2003/07/02,708,708,699,700,303000,700
2003/07/03,701,702,691,694,93000,694
2003/07/04,680,691,680,689,25000,689
2003/07/07,690,695,687,691,24000,691
2003/07/08,700,700,677,686,77000,686
2003/07/09,686,698,686,698,21000,698
2003/07/10,697,725,696,703,143000,703
2003/07/11,703,709,702,704,10000,704
2003/07/14,705,706,705,705,8000,705
2003/07/15,715,720,715,715,24000,715
2003/07/16,727,727,710,722,29000,722
2003/07/17,725,725,697,698,29000,698
2003/07/18,697,698,685,695,61000,695
2003/07/22,696,701,696,698,36000,698
2003/07/23,698,700,681,696,29000,696
2003/07/24,696,696,690,690,20000,690
2003/07/25,690,700,690,694,41000,694
2003/07/28,700,701,697,701,40000,701
2003/07/29,710,722,705,722,51000,722
2003/07/30,730,740,730,740,68000,740
2003/07/31,745,747,738,740,62000,740
2003/08/01,740,740,711,721,39000,721
2003/08/04,721,721,705,714,45000,714
2003/08/05,706,710,704,706,61000,706
2003/08/06,706,730,706,725,57000,725
2003/08/07,727,740,727,740,30000,740
2003/08/08,741,741,725,727,30000,727
2003/08/11,727,728,724,724,57000,724
2003/08/12,725,733,725,727,36000,727
2003/08/13,727,739,727,731,10000,731
2003/08/14,731,733,729,730,45000,730
2003/08/15,733,735,731,735,41000,735
2003/08/18,738,738,732,732,57000,732
2003/08/19,740,740,732,736,77000,736
2003/08/20,736,740,735,740,66000,740
2003/08/21,730,740,728,728,40000,728
2003/08/22,729,729,725,729,17000,729
2003/08/25,728,729,725,726,19000,726
2003/08/26,725,729,725,725,19000,725
2003/08/27,725,725,712,720,41000,720
2003/08/28,721,722,715,715,38000,715
2003/08/29,717,735,717,725,38000,725
2003/09/01,735,736,734,735,18000,735
2003/09/02,741,762,741,755,42000,755
2003/09/03,755,755,741,746,25000,746
2003/09/04,744,744,726,727,11000,727
2003/09/05,727,737,727,731,25000,731
2003/09/08,732,732,717,723,62000,723
2003/09/09,724,724,714,714,56000,714
2003/09/10,713,719,709,709,45000,709
2003/09/11,707,711,701,711,19000,711
2003/09/12,731,731,719,720,89000,720
2003/09/16,729,729,715,720,50000,720
2003/09/17,725,731,724,724,21000,724
2003/09/18,724,726,719,722,25000,722
2003/09/19,724,726,717,722,57000,722
2003/09/22,722,726,721,722,26000,722
2003/09/24,725,730,722,725,37000,725
2003/09/25,730,738,722,736,24000,736
2003/09/26,736,736,725,727,9000,727
2003/09/29,727,735,720,729,10000,729
2003/09/30,735,737,730,733,53000,733
2003/10/01,739,739,724,729,48000,729
2003/10/02,736,736,726,727,11000,727
2003/10/03,725,725,718,721,25000,721
2003/10/06,735,760,735,760,67000,760
2003/10/07,757,759,734,734,63000,734
2003/10/08,738,738,730,730,73000,730
2003/10/09,738,738,731,734,20000,734
2003/10/10,726,729,720,725,50000,725
2003/10/14,730,737,724,730,125000,730
2003/10/15,725,730,715,715,75000,715
2003/10/16,716,730,716,720,13000,720
2003/10/17,721,725,720,725,11000,725
2003/10/20,725,739,721,739,24000,739
2003/10/21,741,741,738,738,17000,738
2003/10/22,728,728,710,710,111000,710
2003/10/23,700,700,690,696,592000,696
2003/10/24,693,693,687,692,324000,692
2003/10/27,690,692,686,688,416000,688
2003/10/28,690,691,685,689,76000,689
2003/10/29,692,692,690,692,27000,692
2003/10/30,693,792,689,719,510000,719
2003/10/31,729,733,700,702,243000,702
2003/11/04,705,711,698,711,239000,711
2003/11/05,711,719,705,705,173000,705
2003/11/06,705,712,694,697,166000,697
2003/11/07,697,697,688,689,97000,689
2003/11/10,692,696,663,684,171000,684
2003/11/11,674,689,672,678,82000,678
2003/11/12,687,687,676,679,57000,679
2003/11/13,688,706,688,688,57000,688
2003/11/14,685,698,685,687,49000,687
2003/11/17,686,690,684,685,99000,685
2003/11/18,680,700,679,693,77000,693
2003/11/19,690,695,681,689,37000,689
2003/11/20,685,699,685,689,24000,689
2003/11/21,691,700,684,700,14000,700
2003/11/25,700,706,698,700,30000,700
2003/11/26,699,700,697,698,18000,698
2003/11/27,698,705,696,696,33000,696
2003/11/28,696,700,681,681,62000,681
2003/12/01,690,691,687,691,31000,691
2003/12/02,686,693,683,683,52000,683
2003/12/03,683,689,680,683,30000,683
2003/12/04,677,689,677,686,68000,686
2003/12/05,696,700,688,696,21000,696
2003/12/08,686,694,652,676,55000,676
2003/12/09,676,681,670,675,21000,675
2003/12/10,689,689,674,675,39000,675
2003/12/11,676,680,664,664,27000,664
2003/12/12,680,682,676,677,71000,677
2003/12/15,677,686,675,685,44000,685
2003/12/16,684,686,684,685,25000,685
2003/12/17,686,689,683,686,45000,686
2003/12/18,697,700,687,699,42000,699
2003/12/19,689,712,689,704,34000,704
2003/12/22,713,713,705,710,14000,710
2003/12/24,712,723,710,714,22000,714
2003/12/25,715,720,709,720,9000,720
2003/12/26,716,725,716,722,7000,722
2003/12/29,724,726,707,710,48000,710
2003/12/30,700,714,696,703,23000,703
2004/01/05,713,715,705,715,24000,715
2004/01/06,716,720,707,708,97000,708
2004/01/07,710,712,709,711,110000,711
2004/01/08,713,722,713,721,71000,721
2004/01/09,717,725,717,718,41000,718
2004/01/13,722,725,720,720,53000,720
2004/01/14,720,729,720,727,45000,727
2004/01/15,727,729,723,727,153000,727
2004/01/16,725,735,725,732,41000,732
2004/01/19,740,746,736,740,75000,740
2004/01/20,748,749,743,745,38000,745
2004/01/21,750,755,745,751,42000,751
2004/01/22,750,753,744,751,29000,751
2004/01/23,751,754,745,752,72000,752
2004/01/26,758,760,756,760,78000,760
2004/01/27,767,781,758,761,169000,761
2004/01/28,771,771,763,768,264000,768
2004/01/29,755,755,712,723,297000,723
2004/01/30,720,730,700,703,318000,703
2004/02/02,703,703,690,700,259000,700
2004/02/03,704,705,691,697,143000,697
2004/02/04,700,710,699,701,257000,701
2004/02/05,701,704,699,703,261000,703
2004/02/06,706,710,700,701,121000,701
2004/02/09,710,710,703,703,34000,703
2004/02/10,706,715,706,714,33000,714
2004/02/12,716,723,716,719,37000,719
2004/02/13,717,725,717,719,45000,719
2004/02/16,725,732,719,731,42000,731
2004/02/17,761,771,750,750,358000,750
2004/02/18,755,755,730,736,57000,736
2004/02/19,740,756,740,754,80000,754
2004/02/20,755,756,752,753,74000,753
2004/02/23,754,762,754,757,80000,757
2004/02/24,755,760,754,754,80000,754
2004/02/25,760,775,760,765,173000,765
2004/02/26,765,768,759,765,98000,765
2004/02/27,764,770,761,768,164000,768
2004/03/01,774,793,774,790,406000,790
2004/03/02,820,829,811,820,244000,820
2004/03/03,820,820,809,812,122000,812
2004/03/04,817,817,812,816,200000,816
2004/03/05,820,825,819,823,112000,823
2004/03/08,821,835,819,835,205000,835
2004/03/09,826,848,826,835,287000,835
2004/03/10,835,835,822,829,184000,829
2004/03/11,820,824,810,815,178000,815
2004/03/12,805,810,790,804,258000,804
2004/03/15,810,819,810,810,83000,810
2004/03/16,810,814,795,800,222000,800
2004/03/17,801,806,800,802,115000,802
2004/03/18,800,804,791,792,116000,792
2004/03/19,799,800,794,794,79000,794
2004/03/22,797,801,796,798,69000,798
2004/03/23,801,815,801,811,180000,811
2004/03/24,811,825,811,825,75000,825
2004/03/25,841,842,827,835,131000,835
2004/03/26,800,814,798,808,130000,808
2004/03/29,808,809,785,798,65000,798
2004/03/30,800,800,778,788,131000,788
2004/03/31,796,803,788,803,112000,803
2004/04/01,809,809,792,793,69000,793
2004/04/02,805,854,805,841,392000,841
2004/04/05,849,873,846,856,225000,856
2004/04/06,865,865,855,863,147000,863
2004/04/07,865,873,860,870,150000,870
2004/04/08,880,880,870,877,124000,877
2004/04/09,879,880,870,880,159000,880
2004/04/12,880,904,872,898,198000,898
2004/04/13,890,907,888,907,120000,907
2004/04/14,910,910,894,902,85000,902
2004/04/15,903,903,877,890,100000,890
2004/04/16,880,890,868,876,102000,876
2004/04/19,876,876,851,874,76000,874
2004/04/20,874,878,866,878,12000,878
2004/04/21,873,908,873,901,138000,901
2004/04/22,899,899,885,888,40000,888
2004/04/23,878,888,872,875,36000,875
2004/04/26,865,880,865,874,45000,874
2004/04/27,874,880,868,880,32000,880
2004/04/28,881,894,880,894,33000,894
2004/04/30,890,890,879,887,75000,887
2004/05/06,887,890,885,887,36000,887
2004/05/07,887,891,887,888,64000,888
2004/05/10,887,897,880,886,125000,886
2004/05/11,852,864,841,860,66000,860
2004/05/12,854,888,846,875,93000,875
2004/05/13,855,862,854,858,107000,858
2004/05/14,859,866,859,861,43000,861
2004/05/17,862,870,862,869,91000,869
2004/05/18,866,869,852,860,46000,860
2004/05/19,860,872,859,872,93000,872
2004/05/20,862,876,860,873,55000,873
2004/05/21,868,881,860,878,73000,878
2004/05/24,879,885,875,885,39000,885
2004/05/25,880,883,875,875,45000,875
2004/05/26,876,897,876,897,81000,897
2004/05/27,900,901,888,889,65000,889
2004/05/28,891,900,891,899,86000,899
2004/05/31,909,938,905,911,217000,911
2004/06/01,921,928,916,925,101000,925
2004/06/02,920,924,912,921,107000,921
2004/06/03,922,922,914,918,98000,918
2004/06/04,918,922,916,922,41000,922
2004/06/07,929,937,924,930,84000,930
2004/06/08,938,951,932,945,131000,945
2004/06/09,954,954,928,929,222000,929
2004/06/10,929,944,924,933,126000,933
2004/06/11,930,932,922,930,134000,930
2004/06/14,930,935,924,928,67000,928
2004/06/15,931,938,919,932,52000,932
2004/06/16,958,958,938,941,68000,941
2004/06/17,940,942,939,939,71000,939
2004/06/18,949,949,930,936,43000,936
2004/06/21,942,944,939,939,27000,939
2004/06/22,944,950,940,945,46000,945
2004/06/23,945,950,940,941,25000,941
2004/06/24,950,950,930,942,34000,942
2004/06/25,945,948,942,943,36000,943
2004/06/28,944,945,941,942,18000,942
2004/06/29,940,947,940,945,28000,945
2004/06/30,948,948,941,945,20000,945
2004/07/01,955,955,950,953,36000,953
2004/07/02,953,953,943,944,34000,944
2004/07/05,941,942,934,937,100000,937
2004/07/06,935,937,932,937,229000,937
2004/07/07,930,933,925,930,227000,930
2004/07/08,930,935,928,930,212000,930
2004/07/09,930,932,927,930,147000,930
2004/07/12,930,940,927,936,44000,936
2004/07/13,943,950,940,943,63000,943
2004/07/14,945,953,945,949,89000,949
2004/07/15,952,955,943,950,224000,950
2004/07/16,949,975,940,965,156000,965
2004/07/20,971,985,960,965,370000,965
2004/07/21,982,982,969,976,470000,976
2004/07/22,979,994,975,994,53000,994
2004/07/23,998,998,979,979,32000,979
2004/07/26,965,979,965,979,47000,979
2004/07/27,980,1000,960,969,231000,969
2004/07/28,969,975,969,975,165000,975
2004/07/29,980,985,972,981,73000,981
2004/07/30,994,994,985,988,76000,988
2004/08/02,997,1004,987,998,85000,998
2004/08/03,996,996,985,991,44000,991
2004/08/04,986,1011,967,1011,140000,1011
2004/08/05,1011,1017,1000,1010,115000,1010
2004/08/06,1011,1028,1010,1028,114000,1028
2004/08/09,1027,1029,1010,1029,39000,1029
2004/08/10,1029,1029,1023,1029,43000,1029
2004/08/11,1030,1030,1025,1030,28000,1030
2004/08/12,1029,1039,1029,1039,39000,1039
2004/08/13,1039,1043,1035,1036,46000,1036
2004/08/16,1037,1043,1030,1037,28000,1037
2004/08/17,1040,1044,1036,1044,49000,1044
2004/08/18,1049,1067,1045,1060,117000,1060
2004/08/19,1060,1081,1057,1078,184000,1078
2004/08/20,1091,1130,1091,1130,246000,1130
2004/08/23,1130,1152,1115,1128,215000,1128
2004/08/24,1130,1131,1102,1115,75000,1115
2004/08/25,1115,1124,1105,1118,55000,1118
2004/08/26,1120,1127,1090,1095,100000,1095
2004/08/27,1088,1108,1080,1098,67000,1098
2004/08/30,1097,1097,1072,1084,29000,1084
2004/08/31,1094,1094,1076,1084,44000,1084
2004/09/01,1085,1120,1084,1095,74000,1095
2004/09/02,1090,1111,1081,1084,42000,1084
2004/09/03,1087,1100,1075,1080,53000,1080
2004/09/06,1085,1100,1085,1100,33000,1100
2004/09/07,1103,1116,1103,1108,60000,1108
2004/09/08,1120,1160,1116,1136,144000,1136
2004/09/09,1149,1150,1125,1125,135000,1125
2004/09/10,1130,1135,1121,1127,126000,1127
2004/09/13,1127,1139,1125,1130,117000,1130
2004/09/14,1137,1149,1130,1142,85000,1142
2004/09/15,1143,1143,1135,1135,63000,1135
2004/09/16,1135,1135,1125,1127,62000,1127
2004/09/17,1108,1121,1108,1118,58000,1118
2004/09/21,1104,1119,1101,1118,46000,1118
2004/09/22,1121,1121,1080,1097,61000,1097
2004/09/24,1080,1114,1060,1091,43000,1091
2004/09/27,1091,1107,1088,1107,49000,1107
2004/09/28,1094,1115,1094,1103,28000,1103
2004/09/29,1120,1120,1105,1109,37000,1109
2004/09/30,1090,1110,1090,1091,38000,1091
2004/10/01,1093,1106,1091,1091,37000,1091
2004/10/04,1071,1095,1071,1090,103000,1090
2004/10/05,1080,1098,1070,1096,183000,1096
2004/10/06,1090,1098,1086,1096,94000,1096
2004/10/07,1097,1105,1090,1094,46000,1094
2004/10/08,1090,1094,1088,1090,72000,1090
2004/10/12,1088,1091,1080,1082,38000,1082
2004/10/13,1080,1090,1080,1085,27000,1085
2004/10/14,1082,1082,1065,1073,59000,1073
2004/10/15,1053,1064,1040,1051,44000,1051
2004/10/18,1039,1059,1021,1050,264000,1050
2004/10/19,1050,1070,1045,1070,65000,1070
2004/10/20,1068,1068,1050,1056,71000,1056
2004/10/21,1057,1057,1035,1046,141000,1046
2004/10/22,1046,1057,1033,1049,146000,1049
2004/10/25,1050,1074,1049,1066,43000,1066
2004/10/26,1050,1057,1050,1051,51000,1051
2004/10/27,1051,1068,1051,1061,13000,1061
2004/10/28,1070,1071,1060,1067,51000,1067
2004/10/29,1061,1076,1058,1072,124000,1072
2004/11/01,1089,1089,1055,1065,25000,1065
2004/11/02,1050,1078,1050,1061,35000,1061
2004/11/04,1061,1070,1061,1066,44000,1066
2004/11/05,1066,1076,1062,1076,36000,1076
2004/11/08,1077,1085,1077,1085,32000,1085
2004/11/09,1086,1098,1086,1095,28000,1095
2004/11/10,1095,1100,1095,1100,29000,1100
2004/11/11,1100,1100,1092,1092,23000,1092
2004/11/12,1080,1095,1080,1089,46000,1089
2004/11/15,1090,1105,1090,1105,62000,1105
2004/11/16,1105,1105,1090,1090,18000,1090
2004/11/17,1090,1090,1071,1071,59000,1071
2004/11/18,1070,1072,1066,1068,49000,1068
2004/11/19,1068,1068,1050,1055,53000,1055
2004/11/22,1050,1050,1023,1034,65000,1034
2004/11/24,1035,1050,1035,1042,15000,1042
2004/11/25,1043,1072,1043,1065,24000,1065
2004/11/26,1068,1081,1068,1070,37000,1070
2004/11/29,1067,1072,1067,1072,13000,1072
2004/11/30,1061,1065,1050,1060,26000,1060
2004/12/01,1061,1061,1040,1042,20000,1042
2004/12/02,1041,1042,1033,1036,25000,1036
2004/12/03,1056,1056,1020,1030,25000,1030
2004/12/06,1029,1029,1020,1020,16000,1020
2004/12/07,1021,1030,1012,1028,18000,1028
2004/12/08,1020,1025,1010,1022,116000,1022
2004/12/09,1040,1050,1026,1040,81000,1040
2004/12/10,1040,1045,1035,1041,176000,1041
2004/12/13,1043,1075,1043,1061,67000,1061
2004/12/14,1067,1087,1067,1084,73000,1084
2004/12/15,1088,1114,1082,1110,103000,1110
2004/12/16,1110,1115,1098,1113,65000,1113
2004/12/17,1115,1125,1108,1113,84000,1113
2004/12/20,1110,1115,1100,1113,66000,1113
2004/12/21,1113,1122,1087,1094,193000,1094
2004/12/22,1116,1116,1096,1100,52000,1100
2004/12/24,1100,1122,1099,1106,66000,1106
2004/12/27,1111,1111,1100,1103,72000,1103
2004/12/28,1114,1114,1110,1112,19000,1112
2004/12/29,1118,1120,1107,1115,36000,1115
2004/12/30,1117,1119,1111,1114,19000,1114
2005/01/04,1127,1127,1113,1113,11000,1113
2005/01/05,1121,1123,1115,1121,29000,1121
2005/01/06,1119,1120,1110,1120,31000,1120
2005/01/07,1111,1112,1097,1109,75000,1109
2005/01/11,1108,1125,1105,1120,47000,1120
2005/01/12,1120,1120,1100,1110,34000,1110
2005/01/13,1104,1108,1100,1101,20000,1101
2005/01/14,1100,1118,1100,1114,43000,1114
2005/01/17,1119,1128,1112,1120,47000,1120
2005/01/18,1120,1120,1115,1120,29000,1120
2005/01/19,1119,1119,1112,1117,29000,1117
2005/01/20,1110,1111,1109,1111,45000,1111
2005/01/21,1110,1115,1099,1103,61000,1103
2005/01/24,1105,1112,1101,1109,30000,1109
2005/01/25,1111,1119,1109,1111,32000,1111
2005/01/26,1123,1123,1111,1120,22000,1120
2005/01/27,1125,1125,1110,1115,29000,1115
2005/01/28,1110,1120,1110,1114,43000,1114
2005/01/31,1110,1130,1110,1120,38000,1120
2005/02/01,1120,1124,1119,1122,45000,1122
2005/02/02,1117,1134,1117,1129,43000,1129
2005/02/03,1133,1137,1130,1132,60000,1132
2005/02/04,1138,1143,1120,1123,64000,1123
2005/02/07,1130,1134,1128,1134,36000,1134
2005/02/08,1139,1149,1138,1145,54000,1145
2005/02/09,1160,1186,1160,1166,88000,1166
2005/02/10,1180,1180,1169,1178,90000,1178
2005/02/14,1194,1196,1170,1184,93000,1184
2005/02/15,1164,1181,1127,1180,118000,1180
2005/02/16,1180,1180,1154,1166,26000,1166
2005/02/17,1166,1178,1166,1176,58000,1176
2005/02/18,1178,1184,1175,1177,29000,1177
2005/02/21,1178,1178,1170,1175,53000,1175
2005/02/22,1177,1177,1170,1175,37000,1175
2005/02/23,1175,1175,1140,1160,40000,1160
2005/02/24,1162,1177,1162,1167,41000,1167
2005/02/25,1169,1196,1168,1196,67000,1196
2005/02/28,1185,1196,1177,1194,50000,1194
2005/03/01,1195,1195,1189,1192,31000,1192
2005/03/02,1193,1195,1186,1195,46000,1195
2005/03/03,1194,1204,1190,1200,74000,1200
2005/03/04,1199,1201,1188,1192,60000,1192
2005/03/07,1200,1209,1188,1209,31000,1209
2005/03/08,1209,1209,1187,1194,74000,1194
2005/03/09,1200,1204,1181,1184,52000,1184
2005/03/10,1204,1221,1204,1205,73000,1205
2005/03/11,1200,1210,1195,1196,83000,1196
2005/03/14,1198,1213,1198,1211,24000,1211
2005/03/15,1212,1213,1195,1195,29000,1195
2005/03/16,1201,1223,1201,1223,47000,1223
2005/03/17,1243,1243,1205,1214,34000,1214
2005/03/18,1213,1216,1207,1215,34000,1215
2005/03/22,1235,1235,1216,1217,34000,1217
2005/03/23,1236,1236,1213,1230,30000,1230
2005/03/24,1229,1229,1220,1220,32000,1220
2005/03/25,1220,1221,1218,1218,28000,1218
2005/03/28,1213,1218,1209,1212,43000,1212
2005/03/29,1212,1213,1182,1191,20000,1191
2005/03/30,1171,1174,1151,1168,51000,1168
2005/03/31,1173,1211,1167,1199,202000,1199
2005/04/01,1200,1208,1199,1199,33000,1199
2005/04/04,1198,1203,1187,1192,178000,1192
2005/04/05,1190,1211,1188,1199,206000,1199
2005/04/06,1200,1226,1199,1220,109000,1220
2005/04/07,1220,1220,1205,1211,65000,1211
2005/04/08,1212,1220,1205,1214,160000,1214
2005/04/11,1216,1216,1190,1196,13000,1196
2005/04/12,1200,1212,1200,1207,114000,1207
2005/04/13,1208,1215,1191,1215,60000,1215
2005/04/14,1215,1215,1179,1199,71000,1199
2005/04/15,1190,1190,1175,1175,48000,1175
2005/04/18,1162,1162,1130,1139,43000,1139
2005/04/19,1101,1158,1100,1140,107000,1140
2005/04/20,1141,1166,1141,1149,32000,1149
2005/04/21,1169,1170,1143,1162,127000,1162
2005/04/22,1182,1182,1161,1170,27000,1170
2005/04/25,1170,1171,1148,1150,82000,1150
2005/04/26,1151,1156,1150,1154,48000,1154
2005/04/27,1155,1167,1150,1157,45000,1157
2005/04/28,1157,1178,1156,1168,29000,1168
2005/05/02,1179,1179,1164,1165,34000,1165
2005/05/06,1167,1178,1157,1169,35000,1169
2005/05/09,1153,1190,1153,1190,29000,1190
2005/05/10,1188,1188,1165,1178,46000,1178
2005/05/11,1173,1173,1158,1159,54000,1159
2005/05/12,1160,1160,1152,1158,70000,1158
2005/05/13,1157,1186,1150,1157,63000,1157
2005/05/16,1155,1156,1148,1148,34000,1148
2005/05/17,1152,1152,1138,1138,71000,1138
2005/05/18,1139,1146,1138,1138,30000,1138
2005/05/19,1158,1162,1150,1150,54000,1150
2005/05/20,1140,1141,1133,1136,25000,1136
2005/05/23,1136,1145,1136,1143,51000,1143
2005/05/24,1144,1147,1143,1145,26000,1145
2005/05/25,1145,1146,1138,1140,54000,1140
2005/05/26,1140,1140,1138,1138,21000,1138
2005/05/27,1138,1138,1121,1136,43000,1136
2005/05/30,1137,1152,1135,1139,30000,1139
2005/05/31,1140,1144,1130,1143,27000,1143
2005/06/01,1143,1160,1142,1160,62000,1160
2005/06/02,1175,1175,1148,1151,31000,1151
2005/06/03,1147,1164,1140,1164,33000,1164
2005/06/06,1179,1179,1140,1152,21000,1152
2005/06/07,1146,1174,1146,1168,44000,1168
2005/06/08,1176,1176,1169,1174,28000,1174
2005/06/09,1193,1193,1170,1171,21000,1171
2005/06/10,1186,1186,1173,1181,38000,1181
2005/06/13,1161,1181,1161,1180,7000,1180
2005/06/14,1166,1182,1166,1179,15000,1179
2005/06/15,1184,1190,1167,1190,29000,1190
2005/06/16,1196,1207,1188,1188,38000,1188
2005/06/17,1200,1200,1185,1200,30000,1200
2005/06/20,1220,1220,1200,1204,44000,1204
2005/06/21,1211,1211,1200,1205,33000,1205
2005/06/22,1211,1224,1207,1209,57000,1209
2005/06/23,1211,1220,1209,1209,18000,1209
2005/06/24,1209,1209,1202,1203,16000,1203
2005/06/27,1204,1204,1180,1198,50000,1198
2005/06/28,1200,1228,1198,1204,47000,1204
2005/06/29,1209,1209,1181,1197,34000,1197
2005/06/30,1201,1201,1179,1180,121000,1180
2005/07/01,1220,1220,1200,1209,46000,1209
2005/07/04,1211,1225,1208,1221,30000,1221
2005/07/05,1219,1219,1200,1208,32000,1208
2005/07/06,1219,1219,1200,1217,14000,1217
2005/07/07,1217,1219,1200,1217,53000,1217
2005/07/08,1219,1229,1211,1215,112000,1215
2005/07/11,1216,1229,1196,1227,26000,1227
2005/07/12,1228,1228,1209,1214,38000,1214
2005/07/13,1214,1214,1205,1214,19000,1214
2005/07/14,1218,1225,1207,1207,37000,1207
2005/07/15,1223,1229,1223,1227,41000,1227
2005/07/19,1228,1228,1216,1218,22000,1218
2005/07/20,1225,1259,1225,1259,97000,1259
2005/07/21,1254,1260,1247,1250,27000,1250
2005/07/22,1250,1270,1250,1254,57000,1254
2005/07/25,1254,1255,1236,1253,31000,1253
2005/07/26,1254,1255,1246,1254,45000,1254
2005/07/27,1254,1254,1249,1249,28000,1249
2005/07/28,1250,1255,1246,1247,80000,1247
2005/07/29,1260,1260,1253,1254,22000,1254
2005/08/01,1294,1320,1286,1288,95000,1288
2005/08/02,1289,1300,1289,1290,45000,1290
2005/08/03,1291,1301,1255,1270,50000,1270
2005/08/04,1271,1291,1241,1245,69000,1245
2005/08/05,1247,1260,1220,1227,70000,1227
2005/08/08,1228,1253,1223,1244,63000,1244
2005/08/09,1260,1280,1255,1279,44000,1279
2005/08/10,1298,1310,1295,1297,70000,1297
2005/08/11,1300,1306,1287,1301,106000,1301
2005/08/12,1301,1309,1293,1309,107000,1309
2005/08/15,1305,1314,1288,1314,33000,1314
2005/08/16,1312,1314,1296,1308,107000,1308
2005/08/17,1301,1308,1298,1304,76000,1304
2005/08/18,1324,1324,1293,1304,55000,1304
2005/08/19,1309,1324,1309,1324,60000,1324
2005/08/22,1307,1334,1307,1327,49000,1327
2005/08/23,1334,1342,1325,1333,65000,1333
2005/08/24,1336,1366,1336,1364,89000,1364
2005/08/25,1364,1364,1322,1342,36000,1342
2005/08/26,1362,1455,1361,1448,271000,1448
2005/08/29,1411,1448,1410,1430,125000,1430
2005/08/30,1432,1434,1415,1428,62000,1428
2005/08/31,1438,1438,1418,1429,64000,1429
2005/09/01,1430,1463,1425,1426,210000,1426
2005/09/02,1430,1450,1420,1426,80000,1426
2005/09/05,1414,1423,1401,1420,65000,1420
2005/09/06,1410,1411,1370,1373,80000,1373
2005/09/07,1390,1403,1370,1403,110000,1403
2005/09/08,1404,1404,1340,1343,80000,1343
2005/09/09,1323,1365,1303,1355,167000,1355
2005/09/12,1370,1370,1330,1350,40000,1350
2005/09/13,1355,1387,1347,1366,69000,1366
2005/09/14,1366,1381,1357,1381,52000,1381
2005/09/15,1381,1381,1358,1371,64000,1371
2005/09/16,1373,1373,1343,1353,54000,1353
2005/09/20,1361,1379,1348,1351,58000,1351
2005/09/21,1350,1350,1326,1346,67000,1346
2005/09/22,1330,1359,1330,1359,36000,1359
2005/09/26,1379,1396,1364,1396,27000,1396
2005/09/27,1377,1377,1351,1351,15000,1351
2005/09/28,1355,1380,1355,1370,16000,1370
2005/09/29,1374,1374,1336,1366,45000,1366
2005/09/30,1383,1388,1341,1372,47000,1372
2005/10/03,1366,1366,1340,1345,24000,1345
2005/10/04,1345,1351,1327,1351,18000,1351
2005/10/05,1352,1357,1339,1346,36000,1346
2005/10/06,1332,1340,1303,1306,31000,1306
2005/10/07,1315,1315,1281,1298,42000,1298
2005/10/11,1280,1280,1259,1280,52000,1280
2005/10/12,1300,1300,1285,1298,49000,1298
2005/10/13,1280,1298,1277,1297,43000,1297
2005/10/14,1299,1299,1271,1293,54000,1293
2005/10/17,1293,1295,1286,1287,33000,1287
2005/10/18,1287,1288,1270,1281,25000,1281
2005/10/19,1261,1280,1260,1280,68000,1280
2005/10/20,1279,1296,1276,1286,45000,1286
2005/10/21,1285,1297,1272,1294,25000,1294
2005/10/24,1300,1310,1287,1287,76000,1287
2005/10/25,1287,1300,1286,1298,57000,1298
2005/10/26,1301,1333,1301,1313,37000,1313
2005/10/27,1313,1319,1299,1316,81000,1316
2005/10/28,1316,1319,1308,1319,52000,1319
2005/10/31,1333,1378,1333,1369,85000,1369
2005/11/01,1409,1416,1392,1412,67000,1412
2005/11/02,1420,1444,1400,1441,81000,1441
2005/11/04,1443,1480,1423,1453,55000,1453
2005/11/07,1458,1521,1422,1456,128000,1456
2005/11/08,1470,1470,1378,1399,122000,1399
2005/11/09,1418,1437,1373,1380,74000,1380
2005/11/10,1387,1419,1387,1390,39000,1390
2005/11/11,1391,1412,1367,1367,94000,1367
2005/11/14,1377,1377,1347,1347,32000,1347
2005/11/15,1348,1378,1286,1286,85000,1286
2005/11/16,1326,1362,1326,1355,69000,1355
2005/11/17,1356,1381,1350,1381,37000,1381
2005/11/18,1400,1449,1388,1441,102000,1441
2005/11/21,1437,1437,1392,1400,57000,1400
2005/11/22,1401,1438,1400,1434,79000,1434
2005/11/24,1415,1419,1394,1394,33000,1394
2005/11/25,1414,1422,1370,1420,65000,1420
2005/11/28,1433,1433,1407,1424,25000,1424
2005/11/29,1434,1437,1427,1437,37000,1437
2005/11/30,1416,1417,1371,1388,147000,1388
2005/12/01,1381,1402,1381,1402,40000,1402
2005/12/02,1420,1465,1419,1461,99000,1461
2005/12/05,1460,1533,1460,1522,120000,1522
2005/12/06,1520,1520,1461,1461,112000,1461
2005/12/07,1461,1500,1461,1476,59000,1476
2005/12/08,1467,1500,1467,1495,73000,1495
2005/12/09,1489,1515,1479,1494,120000,1494
2005/12/12,1514,1567,1510,1556,66000,1556
2005/12/13,1556,1568,1540,1568,25000,1568
2005/12/14,1598,1598,1522,1560,60000,1560
2005/12/15,1562,1630,1562,1620,113000,1620
2005/12/16,1599,1614,1574,1612,44000,1612
2005/12/19,1629,1701,1629,1681,107000,1681
2005/12/20,1636,1750,1636,1750,88000,1750
2005/12/21,1762,1779,1700,1724,123000,1724
2005/12/22,1700,1731,1671,1706,55000,1706
2005/12/26,1706,1707,1661,1706,47000,1706
2005/12/27,1706,1719,1693,1694,27000,1694
2005/12/28,1701,1750,1690,1742,110000,1742
2005/12/29,1742,1745,1693,1710,70000,1710
2005/12/30,1750,1830,1750,1805,50000,1805
2006/01/04,1785,1808,1745,1750,43000,1750
2006/01/05,1769,1797,1756,1765,34000,1765
2006/01/06,1795,1811,1740,1763,78000,1763
2006/01/10,1763,1794,1699,1705,81000,1705
2006/01/11,1711,1715,1696,1714,51000,1714
2006/01/12,1744,1750,1710,1733,53000,1733
2006/01/13,1730,1742,1730,1734,23000,1734
2006/01/16,1734,1734,1700,1714,32000,1714
2006/01/17,1710,1779,1698,1725,103000,1725
2006/01/18,1700,1700,1425,1500,133000,1500
2006/01/19,1530,1668,1530,1662,71000,1662
2006/01/20,1663,1670,1631,1635,58000,1635
2006/01/23,1600,1628,1572,1572,68000,1572
2006/01/24,1573,1605,1572,1594,29000,1594
2006/01/25,1578,1627,1575,1575,100000,1575
2006/01/26,1605,1699,1604,1699,100000,1699
2006/01/27,1698,1704,1648,1698,152000,1698
2006/01/30,1759,1759,1673,1673,89000,1673
2006/01/31,1676,1770,1675,1770,111000,1770
2006/02/01,1711,1849,1711,1813,188100,1813
2006/02/02,1835,1879,1784,1862,120300,1862
2006/02/03,1802,1830,1761,1788,109400,1788
2006/02/06,1788,1857,1720,1857,52500,1857
2006/02/07,1800,1810,1781,1794,96300,1794
2006/02/08,1800,1800,1748,1748,48700,1748
2006/02/09,1770,1817,1741,1760,33500,1760
2006/02/10,1740,1789,1720,1735,56400,1735
2006/02/13,1717,1724,1635,1645,87900,1645
2006/02/14,1675,1805,1663,1786,122800,1786
2006/02/15,1790,1818,1750,1775,72800,1775
2006/02/16,1715,1751,1695,1714,91500,1714
2006/02/17,1684,1697,1603,1630,99900,1630
2006/02/20,1551,1696,1551,1600,100100,1600
2006/02/21,1700,1714,1670,1712,254300,1712
2006/02/22,1713,1749,1700,1702,132100,1702
2006/02/23,1702,1718,1702,1710,66600,1710
2006/02/24,1709,1731,1704,1726,208900,1726
2006/02/27,1708,1727,1706,1720,105000,1720
2006/02/28,1708,1715,1705,1706,151800,1706
2006/03/01,1708,1712,1700,1701,201100,1701
2006/03/02,1695,1712,1695,1703,157100,1703
2006/03/03,1700,1709,1698,1704,81300,1704
2006/03/06,1692,1704,1670,1694,117400,1694
2006/03/07,1665,1710,1665,1706,119300,1706
2006/03/08,1690,1713,1690,1703,69100,1703
2006/03/09,1703,1749,1703,1749,17700,1749
2006/03/10,1690,1775,1690,1744,97300,1744
2006/03/13,1780,1790,1775,1790,32500,1790
2006/03/14,1788,1788,1735,1749,76100,1749
2006/03/15,1750,1777,1726,1732,48000,1732
2006/03/16,1749,1749,1692,1693,56300,1693
2006/03/17,1701,1728,1698,1711,40000,1711
2006/03/20,1720,1755,1710,1729,61000,1729
2006/03/22,1730,1730,1702,1702,95300,1702
2006/03/23,1710,1711,1691,1696,78600,1696
2006/03/24,1696,1703,1694,1694,46000,1694
2006/03/27,1696,1700,1570,1700,130500,1700
2006/03/28,1680,1689,1601,1671,78500,1671
2006/03/29,1690,1705,1655,1693,51300,1693
2006/03/30,1695,1695,1661,1665,33700,1665
2006/03/31,1650,1700,1632,1653,34300,1653
2006/04/03,1654,1671,1641,1659,55300,1659
2006/04/04,1655,1661,1640,1656,61200,1656
2006/04/05,1655,1696,1642,1646,97200,1646
2006/04/06,1651,1667,1651,1657,63500,1657
2006/04/07,1670,1683,1660,1683,73100,1683
2006/04/10,1690,1707,1663,1698,76700,1698
2006/04/11,1705,1715,1668,1706,62500,1706
2006/04/12,1706,1706,1673,1673,46100,1673
2006/04/13,1691,1697,1657,1685,49800,1685
2006/04/14,1698,1714,1680,1694,45900,1694
2006/04/17,1719,1719,1661,1668,56500,1668
2006/04/18,1669,1678,1643,1676,41600,1676
2006/04/19,1706,1707,1665,1665,37900,1665
2006/04/20,1663,1674,1650,1663,36500,1663
2006/04/21,1649,1675,1641,1659,34800,1659
2006/04/24,1644,1658,1594,1605,63800,1605
2006/04/25,1606,1648,1606,1639,57700,1639
2006/04/26,1601,1656,1585,1652,78000,1652
2006/04/27,1622,1650,1600,1609,91300,1609
2006/04/28,1609,1609,1564,1603,121600,1603
2006/05/01,1630,1666,1629,1651,114600,1651
2006/05/02,1655,1710,1655,1698,92600,1698
2006/05/08,1683,1711,1671,1683,38200,1683
2006/05/09,1697,1697,1680,1683,32400,1683
2006/05/10,1649,1662,1610,1623,144500,1623
2006/05/11,1642,1655,1618,1637,43400,1637
2006/05/12,1642,1660,1632,1645,69700,1645
2006/05/15,1651,1669,1634,1635,89200,1635
2006/05/16,1618,1647,1591,1591,58400,1591
2006/05/17,1589,1639,1589,1610,74400,1610
2006/05/18,1600,1618,1555,1608,36100,1608
2006/05/19,1598,1625,1584,1625,44100,1625
2006/05/22,1650,1650,1566,1579,63400,1579
2006/05/23,1560,1584,1540,1545,117300,1545
2006/05/24,1515,1558,1515,1554,52100,1554
2006/05/25,1550,1570,1522,1550,71900,1550
2006/05/26,1551,1580,1550,1574,72300,1574
2006/05/29,1634,1639,1580,1597,59800,1597
2006/05/30,1610,1630,1597,1609,53300,1609
2006/05/31,1561,1610,1561,1576,33800,1576
2006/06/01,1636,1649,1586,1596,43500,1596
2006/06/02,1536,1637,1516,1637,269900,1637
2006/06/05,1590,1700,1520,1675,205400,1675
2006/06/06,1645,1669,1613,1643,63200,1643
2006/06/07,1651,1695,1651,1659,101600,1659
2006/06/08,1659,1660,1588,1608,83700,1608
2006/06/09,1580,1594,1517,1590,141300,1590
2006/06/12,1555,1590,1540,1575,41000,1575
2006/06/13,1576,1599,1545,1551,48400,1551
2006/06/14,1551,1598,1550,1568,121100,1568
2006/06/15,1568,1585,1560,1580,29400,1580
2006/06/16,1590,1699,1590,1671,109300,1671
2006/06/19,1671,1730,1670,1680,76000,1680
2006/06/20,1680,1698,1646,1683,32500,1683
2006/06/21,1690,1690,1619,1643,25800,1643
2006/06/22,1643,1700,1643,1698,55900,1698
2006/06/23,1698,1713,1670,1710,55600,1710
2006/06/26,1681,1709,1680,1703,49100,1703
2006/06/27,1700,1708,1652,1706,32200,1706
2006/06/28,1676,1681,1644,1650,41600,1650
2006/06/29,1620,1691,1620,1656,58600,1656
2006/06/30,1650,1696,1650,1662,33600,1662
2006/07/03,1700,1700,1651,1662,40600,1662
2006/07/04,1688,1695,1658,1686,32800,1686
2006/07/05,1686,1686,1663,1676,10600,1676
2006/07/06,1676,1683,1640,1655,20600,1655
2006/07/07,1679,1681,1657,1675,15800,1675
2006/07/10,1705,1799,1680,1784,167400,1784
2006/07/11,1724,1775,1724,1775,84200,1775
2006/07/12,1771,1774,1750,1761,31000,1761
2006/07/13,1746,1769,1735,1767,21000,1767
2006/07/14,1768,1784,1740,1756,43900,1756
2006/07/18,1757,1768,1735,1755,59100,1755
2006/07/19,1735,1760,1734,1751,47700,1751
2006/07/20,1752,1799,1720,1799,90400,1799
2006/07/21,1790,1790,1770,1773,42800,1773
2006/07/24,1795,1795,1762,1791,24600,1791
2006/07/25,1780,1810,1762,1764,51300,1764
2006/07/26,1764,1773,1715,1718,34000,1718
2006/07/27,1718,1745,1695,1733,57700,1733
2006/07/28,1686,1716,1686,1703,78400,1703
2006/07/31,1700,1725,1680,1687,36900,1687
2006/08/01,1697,1710,1680,1689,67200,1689
2006/08/02,1670,1702,1664,1693,53000,1693
2006/08/03,1675,1699,1629,1653,97500,1653
2006/08/04,1675,1675,1620,1643,45600,1643
2006/08/07,1621,1649,1620,1621,38900,1621
2006/08/08,1625,1680,1625,1672,44300,1672
2006/08/09,1673,1685,1640,1685,41700,1685
2006/08/10,1699,1746,1699,1733,44100,1733
2006/08/11,1744,1750,1725,1730,21700,1730
2006/08/14,1731,1748,1727,1747,21400,1747
2006/08/15,1718,1749,1687,1733,33300,1733
2006/08/16,1775,1800,1752,1799,122700,1799
2006/08/17,1800,1807,1792,1797,50700,1797
2006/08/18,1780,1815,1780,1812,58500,1812
2006/08/21,1813,1813,1791,1801,39100,1801
2006/08/22,1810,1828,1790,1828,50200,1828
2006/08/23,1828,1835,1819,1833,33700,1833
2006/08/24,1825,1835,1815,1832,33500,1832
2006/08/25,1830,1848,1815,1824,48300,1824
2006/08/28,1823,1840,1813,1818,35900,1818
2006/08/29,1822,1830,1721,1822,28400,1822
2006/08/30,1828,1843,1797,1813,28500,1813
2006/08/31,1815,1844,1815,1842,18700,1842
2006/09/01,1842,1842,1812,1827,15700,1827
2006/09/04,1791,1845,1791,1833,35500,1833
2006/09/05,1829,1829,1802,1815,10900,1815
2006/09/06,1805,1807,1778,1782,36800,1782
2006/09/07,1765,1778,1717,1728,55300,1728
2006/09/08,1733,1780,1728,1751,68900,1751
2006/09/11,1721,1725,1672,1678,104500,1678
2006/09/12,1700,1705,1674,1674,26800,1674
2006/09/13,1704,1704,1657,1657,27100,1657
2006/09/14,1656,1675,1650,1659,28300,1659
2006/09/15,1651,1661,1649,1655,16800,1655
2006/09/19,1684,1699,1659,1669,17400,1669
2006/09/20,1669,1677,1630,1660,24300,1660
2006/09/21,1662,1681,1651,1669,15200,1669
2006/09/22,1660,1671,1638,1659,26400,1659
2006/09/25,1662,1670,1650,1667,20000,1667
2006/09/26,1671,1672,1612,1633,15800,1633
2006/09/27,1649,1695,1635,1676,16300,1676
2006/09/28,1689,1689,1666,1689,7800,1689
2006/09/29,1695,1695,1676,1676,24200,1676
2006/10/02,1693,1693,1676,1684,16900,1684
2006/10/03,1676,1683,1632,1644,28000,1644
2006/10/04,1650,1664,1630,1638,27700,1638
2006/10/05,1642,1677,1636,1677,32000,1677
2006/10/06,1677,1677,1645,1647,12400,1647
2006/10/10,1649,1660,1638,1641,18300,1641
2006/10/11,1640,1657,1620,1620,23900,1620
2006/10/12,1648,1662,1635,1640,24600,1640
2006/10/13,1610,1640,1610,1632,21700,1632
2006/10/16,1620,1650,1620,1641,22700,1641
2006/10/17,1640,1648,1621,1635,20100,1635
2006/10/18,1636,1677,1620,1669,64900,1669
2006/10/19,1759,1759,1681,1692,64100,1692
2006/10/20,1691,1691,1663,1681,22000,1681
2006/10/23,1663,1690,1660,1683,30000,1683
2006/10/24,1684,1684,1659,1668,28400,1668
2006/10/25,1652,1685,1650,1657,20700,1657
2006/10/26,1657,1670,1636,1647,23600,1647
2006/10/27,1633,1640,1604,1610,62100,1610
2006/10/30,1576,1609,1524,1525,113100,1525
2006/10/31,1526,1550,1523,1532,50200,1532
2006/11/01,1560,1560,1523,1535,31600,1535
2006/11/02,1525,1526,1500,1522,28200,1522
2006/11/06,1506,1537,1505,1524,28200,1524
2006/11/07,1550,1550,1530,1542,23500,1542
2006/11/08,1550,1557,1505,1529,42600,1529
2006/11/09,1524,1539,1511,1525,38100,1525
2006/11/10,1549,1549,1503,1517,38000,1517
2006/11/13,1516,1517,1457,1467,57100,1467
2006/11/14,1460,1520,1460,1508,36100,1508
2006/11/15,1510,1510,1472,1493,36400,1493
2006/11/16,1473,1501,1464,1471,24100,1471
2006/11/17,1473,1489,1465,1472,41300,1472
2006/11/20,1461,1473,1368,1377,74600,1377
2006/11/21,1337,1344,1282,1284,93400,1284
2006/11/22,1284,1303,1252,1303,68800,1303
2006/11/24,1310,1344,1290,1310,42400,1310
2006/11/27,1303,1341,1303,1328,33100,1328
2006/11/28,1320,1338,1303,1336,37100,1336
2006/11/29,1350,1430,1339,1366,42700,1366
2006/11/30,1379,1399,1365,1390,49900,1390
2006/12/01,1404,1410,1388,1399,35200,1399
2006/12/04,1389,1405,1380,1399,24900,1399
2006/12/05,1386,1386,1356,1360,41500,1360
2006/12/06,1356,1370,1346,1365,34400,1365
2006/12/07,1365,1389,1365,1381,32900,1381
2006/12/08,1368,1386,1368,1372,45600,1372
2006/12/11,1390,1410,1375,1407,32800,1407
2006/12/12,1427,1427,1389,1394,26800,1394
2006/12/13,1400,1408,1383,1395,23200,1395
2006/12/14,1397,1404,1382,1395,29100,1395
2006/12/15,1385,1414,1380,1389,19400,1389
2006/12/18,1391,1402,1387,1394,15000,1394
2006/12/19,1395,1395,1380,1382,49900,1382
2006/12/20,1399,1399,1382,1398,39600,1398
2006/12/21,1395,1397,1386,1395,45500,1395
2006/12/22,1396,1396,1370,1373,25000,1373
2006/12/25,1371,1377,1343,1347,35700,1347
2006/12/26,1331,1336,1311,1335,50100,1335
2006/12/27,1341,1367,1318,1331,28300,1331
2006/12/28,1330,1330,1302,1311,68900,1311
2006/12/29,1313,1321,1306,1308,17700,1308
2007/01/04,1348,1348,1330,1331,18800,1331
2007/01/05,1333,1333,1305,1307,44800,1307
2007/01/09,1310,1320,1307,1312,43400,1312
2007/01/10,1314,1317,1289,1292,125400,1292
2007/01/11,1298,1318,1284,1286,92700,1286
2007/01/12,1287,1294,1268,1280,96100,1280
2007/01/15,1320,1382,1312,1382,150000,1382
2007/01/16,1360,1377,1359,1363,46500,1363
2007/01/17,1370,1379,1360,1369,58700,1369
2007/01/18,1370,1382,1369,1376,42200,1376
2007/01/19,1385,1399,1377,1386,38200,1386
2007/01/22,1403,1419,1393,1412,49600,1412
2007/01/23,1414,1418,1397,1407,21100,1407
2007/01/24,1405,1408,1397,1397,35600,1397
2007/01/25,1397,1397,1366,1368,51600,1368
2007/01/26,1361,1375,1357,1368,40300,1368
2007/01/29,1368,1391,1352,1366,40300,1366
2007/01/30,1371,1376,1358,1358,23100,1358
2007/01/31,1368,1373,1335,1336,44800,1336
2007/02/01,1335,1380,1322,1375,77400,1375
2007/02/02,1379,1392,1356,1386,78400,1386
2007/02/05,1536,1540,1488,1495,313200,1495
2007/02/06,1512,1527,1487,1499,176400,1499
2007/02/07,1525,1525,1485,1492,119100,1492
2007/02/08,1506,1513,1482,1486,53700,1486
2007/02/09,1475,1509,1470,1504,85100,1504
2007/02/13,1512,1519,1502,1511,64100,1511
2007/02/14,1520,1531,1494,1497,63800,1497
2007/02/15,1520,1529,1514,1528,51800,1528
2007/02/16,1500,1519,1500,1515,47300,1515
2007/02/19,1517,1528,1507,1513,32000,1513
2007/02/20,1513,1515,1501,1503,40500,1503
2007/02/21,1504,1527,1503,1525,51600,1525
2007/02/22,1529,1550,1528,1541,57100,1541
2007/02/23,1550,1565,1546,1565,73200,1565
2007/02/26,1580,1615,1575,1577,96500,1577
2007/02/27,1565,1590,1557,1561,75500,1561
2007/02/28,1480,1518,1450,1512,95500,1512
2007/03/01,1512,1530,1500,1512,71200,1512
2007/03/02,1514,1525,1492,1505,69300,1505
2007/03/05,1495,1503,1449,1453,73000,1453
2007/03/06,1450,1485,1432,1483,63900,1483
2007/03/07,1521,1521,1485,1488,62600,1488
2007/03/08,1488,1525,1485,1514,45400,1514
2007/03/09,1509,1526,1508,1520,80500,1520
2007/03/12,1560,1561,1543,1560,72900,1560
2007/03/13,1561,1567,1543,1543,52000,1543
2007/03/14,1500,1515,1500,1503,95900,1503
2007/03/15,1505,1520,1490,1505,88400,1505
2007/03/16,1500,1511,1484,1485,62200,1485
2007/03/19,1485,1502,1484,1497,43200,1497
2007/03/20,1517,1517,1500,1505,38400,1505
2007/03/22,1523,1529,1510,1514,84100,1514
2007/03/23,1517,1525,1508,1524,88500,1524
2007/03/26,1536,1545,1520,1539,148300,1539
2007/03/27,1479,1498,1435,1456,158300,1456
2007/03/28,1463,1477,1446,1453,94800,1453
2007/03/29,1413,1433,1407,1424,74600,1424
2007/03/30,1433,1458,1412,1422,115600,1422
2007/04/02,1425,1432,1379,1381,90000,1381
2007/04/03,1381,1388,1361,1371,78300,1371
2007/04/04,1387,1425,1387,1425,89400,1425
2007/04/05,1411,1420,1404,1404,41800,1404
2007/04/06,1413,1423,1412,1416,39200,1416
2007/04/09,1436,1456,1429,1456,49200,1456
2007/04/10,1458,1458,1436,1437,64600,1437
2007/04/11,1445,1454,1430,1436,53200,1436
2007/04/12,1445,1445,1423,1436,53000,1436
2007/04/13,1439,1447,1424,1424,56200,1424
2007/04/16,1438,1450,1424,1432,63400,1432
2007/04/17,1452,1455,1432,1434,71600,1434
2007/04/18,1450,1472,1440,1469,83100,1469
2007/04/19,1470,1474,1447,1467,78000,1467
2007/04/20,1474,1477,1467,1470,58900,1470
2007/04/23,1480,1496,1478,1488,99400,1488
2007/04/24,1499,1510,1490,1507,90100,1507
2007/04/25,1515,1515,1495,1507,96700,1507
2007/04/26,1515,1518,1507,1514,49600,1514
2007/04/27,1524,1550,1515,1550,112900,1550
2007/05/01,1558,1559,1545,1550,63600,1550
2007/05/02,1557,1567,1548,1565,92800,1565
2007/05/07,1570,1589,1570,1589,74300,1589
2007/05/08,1530,1559,1502,1559,169500,1559
2007/05/09,1559,1570,1520,1528,102300,1528
2007/05/10,1515,1533,1500,1500,78800,1500
2007/05/11,1500,1500,1471,1496,49100,1496
2007/05/14,1500,1502,1480,1481,48500,1481
2007/05/15,1480,1489,1451,1455,85600,1455
2007/05/16,1440,1458,1427,1436,48800,1436
2007/05/17,1437,1457,1436,1439,41700,1439
2007/05/18,1439,1452,1422,1426,31700,1426
2007/05/21,1438,1459,1426,1437,21300,1437
2007/05/22,1437,1449,1428,1448,30800,1448
2007/05/23,1451,1471,1451,1462,20300,1462
2007/05/24,1462,1480,1449,1465,34700,1465
2007/05/25,1465,1476,1412,1459,73700,1459
2007/05/28,1439,1446,1398,1403,81000,1403
2007/05/29,1403,1417,1402,1414,36600,1414
2007/05/30,1406,1432,1406,1418,36200,1418
2007/05/31,1432,1442,1416,1442,33200,1442
2007/06/01,1482,1489,1470,1473,56300,1473
2007/06/04,1492,1495,1460,1493,65400,1493
2007/06/05,1497,1497,1473,1484,38100,1484
2007/06/06,1465,1514,1453,1501,93500,1501
2007/06/07,1501,1511,1497,1511,54000,1511
2007/06/08,1541,1541,1461,1490,107200,1490
2007/06/11,1490,1504,1468,1494,53600,1494
2007/06/12,1476,1484,1466,1469,33700,1469
2007/06/13,1465,1490,1445,1484,35300,1484
2007/06/14,1484,1528,1479,1522,71800,1522
2007/06/15,1530,1550,1500,1550,43100,1550
2007/06/18,1549,1549,1534,1546,47600,1546
2007/06/19,1548,1548,1536,1542,24300,1542
2007/06/20,1540,1559,1529,1552,57600,1552
2007/06/21,1520,1546,1511,1544,30400,1544
2007/06/22,1527,1546,1523,1531,25700,1531
2007/06/25,1530,1530,1497,1497,26900,1497
2007/06/26,1500,1526,1472,1479,26300,1479
2007/06/27,1465,1484,1430,1441,63300,1441
2007/06/28,1458,1485,1455,1481,39000,1481
2007/06/29,1492,1520,1492,1505,28400,1505
2007/07/02,1535,1535,1496,1499,48000,1499
2007/07/03,1490,1516,1490,1499,46700,1499
2007/07/04,1508,1508,1491,1492,23400,1492
2007/07/05,1484,1510,1484,1502,29800,1502
2007/07/06,1501,1508,1470,1487,37500,1487
2007/07/09,1477,1499,1477,1490,21800,1490
2007/07/10,1660,1661,1615,1620,316200,1620
2007/07/11,1602,1620,1577,1597,114300,1597
2007/07/12,1597,1625,1585,1597,50900,1597
2007/07/13,1600,1620,1600,1611,36600,1611
2007/07/17,1619,1620,1610,1615,46800,1615
2007/07/18,1585,1615,1573,1583,93700,1583
2007/07/19,1582,1611,1582,1611,38600,1611
2007/07/20,1609,1615,1602,1605,43900,1605
2007/07/23,1600,1603,1578,1594,37200,1594
2007/07/24,1602,1624,1590,1621,50300,1621
2007/07/25,1600,1620,1595,1610,28400,1610
2007/07/26,1600,1614,1581,1586,34700,1586
2007/07/27,1548,1561,1539,1545,66500,1545
2007/07/30,1510,1556,1504,1551,30300,1551
2007/07/31,1551,1560,1522,1552,64900,1552
2007/08/01,1552,1552,1516,1521,50200,1521
2007/08/02,1538,1546,1516,1534,61500,1534
2007/08/03,1530,1559,1524,1556,40200,1556
2007/08/06,1551,1610,1526,1608,63600,1608
2007/08/07,1608,1630,1594,1620,74100,1620
2007/08/08,1620,1639,1588,1639,80700,1639
2007/08/09,1635,1642,1568,1577,152900,1577
2007/08/10,1578,1600,1524,1527,128700,1527
2007/08/13,1557,1621,1553,1612,106500,1612
2007/08/14,1560,1615,1560,1596,53900,1596
2007/08/15,1609,1609,1573,1574,33300,1574
2007/08/16,1544,1546,1505,1528,47200,1528
2007/08/17,1558,1558,1480,1484,65000,1484
2007/08/20,1485,1510,1459,1479,50500,1479
2007/08/21,1499,1520,1478,1505,33400,1505
2007/08/22,1511,1530,1500,1502,31800,1502
2007/08/23,1540,1541,1472,1520,63100,1520
2007/08/24,1490,1501,1480,1488,47600,1488
2007/08/27,1500,1519,1482,1488,25900,1488
2007/08/28,1470,1499,1470,1476,32600,1476
2007/08/29,1471,1494,1466,1485,76900,1485
2007/08/30,1501,1501,1475,1484,28200,1484
2007/08/31,1497,1531,1476,1531,46100,1531
2007/09/03,1561,1568,1534,1546,21800,1546
2007/09/04,1516,1538,1507,1520,25300,1520
2007/09/05,1502,1508,1468,1473,41300,1473
2007/09/06,1450,1463,1440,1463,44300,1463
2007/09/07,1443,1469,1443,1448,32600,1448
2007/09/10,1428,1446,1419,1425,24400,1425
2007/09/11,1416,1446,1406,1432,35100,1432
2007/09/12,1433,1453,1419,1427,35800,1427
2007/09/13,1447,1447,1422,1424,25800,1424
2007/09/14,1404,1438,1404,1418,53600,1418
2007/09/18,1425,1436,1400,1401,20900,1401
2007/09/19,1420,1448,1420,1440,17500,1440
2007/09/20,1485,1485,1414,1422,40500,1422
2007/09/21,1422,1423,1401,1410,24700,1410
2007/09/25,1430,1430,1380,1405,30700,1405
2007/09/26,1425,1437,1420,1432,28900,1432
2007/09/27,1451,1481,1430,1480,34000,1480
2007/09/28,1499,1500,1451,1469,24800,1469
2007/10/01,1484,1497,1455,1464,21200,1464
2007/10/02,1484,1510,1484,1500,24400,1500
2007/10/03,1530,1547,1524,1546,37300,1546
2007/10/04,1516,1530,1511,1530,17100,1530
2007/10/05,1510,1524,1487,1493,51700,1493
2007/10/09,1512,1543,1512,1524,19000,1524
2007/10/10,1529,1533,1519,1525,19100,1525
2007/10/11,1526,1550,1516,1549,32500,1549
2007/10/12,1547,1547,1524,1524,23700,1524
2007/10/15,1525,1548,1508,1541,21900,1541
2007/10/16,1547,1547,1517,1518,22600,1518
2007/10/17,1491,1500,1475,1488,21400,1488
2007/10/18,1508,1526,1488,1502,14100,1502
2007/10/19,1484,1486,1466,1467,28400,1467
2007/10/22,1447,1466,1439,1446,15200,1446
2007/10/23,1449,1472,1441,1456,17000,1456
2007/10/24,1448,1478,1436,1441,23100,1441
2007/10/25,1441,1446,1409,1436,23800,1436
2007/10/26,1422,1442,1417,1426,22700,1426
2007/10/29,1427,1450,1427,1440,40500,1440
2007/10/30,1422,1448,1416,1439,31300,1439
2007/10/31,1454,1526,1450,1522,67600,1522
2007/11/01,1523,1540,1495,1528,52400,1528
2007/11/02,1458,1497,1452,1476,39800,1476
2007/11/05,1479,1489,1454,1467,28100,1467
2007/11/06,1467,1482,1463,1471,44500,1471
2007/11/07,1460,1482,1446,1449,25800,1449
2007/11/08,1409,1431,1406,1419,47100,1419
2007/11/09,1422,1456,1419,1440,30700,1440
2007/11/12,1417,1428,1390,1401,39000,1401
2007/11/13,1415,1435,1390,1414,45400,1414
2007/11/14,1430,1439,1409,1421,62800,1421
2007/11/15,1425,1455,1425,1442,29500,1442
2007/11/16,1423,1432,1388,1395,46600,1395
2007/11/19,1411,1411,1380,1387,49900,1387
2007/11/20,1382,1384,1344,1362,62600,1362
2007/11/21,1367,1380,1351,1355,67800,1355
2007/11/22,1335,1370,1335,1341,41600,1341
2007/11/26,1370,1393,1368,1382,52700,1382
2007/11/27,1340,1377,1328,1375,102100,1375
2007/11/28,1380,1392,1371,1388,58600,1388
2007/11/29,1390,1416,1386,1401,58600,1401
2007/11/30,1409,1480,1408,1459,139600,1459
2007/12/03,1450,1500,1449,1491,77900,1491
2007/12/04,1493,1493,1465,1470,18100,1470
2007/12/05,1470,1484,1458,1478,32300,1478
2007/12/06,1490,1490,1476,1486,39600,1486
2007/12/07,1490,1510,1487,1487,61400,1487
2007/12/10,1489,1503,1480,1488,37300,1488
2007/12/11,1487,1503,1475,1484,41200,1484
2007/12/12,1481,1487,1466,1485,37600,1485
2007/12/13,1467,1490,1460,1460,39100,1460
2007/12/14,1460,1470,1450,1455,64500,1455
2007/12/17,1455,1460,1422,1422,36200,1422
2007/12/18,1405,1444,1402,1437,45100,1437
2007/12/19,1419,1434,1415,1415,21500,1415
2007/12/20,1430,1430,1393,1395,50200,1395
2007/12/21,1390,1391,1369,1391,86700,1391
2007/12/25,1411,1420,1378,1391,45100,1391
2007/12/26,1401,1418,1390,1410,40800,1410
2007/12/27,1412,1412,1392,1404,26500,1404
2007/12/28,1396,1400,1378,1380,21800,1380
2008/01/04,1389,1389,1322,1324,48300,1324
2008/01/07,1325,1332,1301,1314,61100,1314
2008/01/08,1310,1327,1297,1304,83200,1304
2008/01/09,1298,1304,1283,1297,103700,1297
2008/01/10,1292,1298,1273,1277,83900,1277
2008/01/11,1277,1289,1244,1245,88400,1245
2008/01/15,1245,1245,1166,1166,86800,1166
2008/01/16,1131,1157,1125,1126,86600,1126
2008/01/17,1146,1166,1134,1159,67300,1159
2008/01/18,1139,1200,1129,1193,70900,1193
2008/01/21,1195,1215,1151,1152,68300,1152
2008/01/22,1132,1147,1100,1103,82700,1103
2008/01/23,1122,1140,1112,1136,64300,1136
2008/01/24,1195,1195,1158,1177,59800,1177
2008/01/25,1198,1235,1187,1228,53000,1228
2008/01/28,1211,1214,1160,1166,69300,1166
2008/01/29,1186,1222,1186,1222,68600,1222
2008/01/30,1220,1223,1181,1198,99400,1198
2008/01/31,1199,1260,1187,1248,86700,1248
2008/02/01,1247,1266,1238,1251,55500,1251
2008/02/04,1280,1305,1271,1290,52300,1290
2008/02/05,1275,1281,1220,1224,208200,1224
2008/02/06,1200,1204,1175,1175,118200,1175
2008/02/07,1188,1223,1186,1223,69100,1223
2008/02/08,1223,1232,1204,1205,70500,1205
2008/02/12,1205,1205,1157,1180,89700,1180
2008/02/13,1220,1220,1160,1164,89600,1164
2008/02/14,1184,1208,1176,1199,44300,1199
2008/02/15,1180,1213,1180,1199,70600,1199
2008/02/18,1213,1225,1203,1209,48600,1209
2008/02/19,1224,1234,1212,1220,88500,1220
2008/02/20,1224,1224,1185,1186,89200,1186
2008/02/21,1206,1225,1206,1220,48900,1220
2008/02/22,1225,1225,1212,1221,45300,1221
2008/02/25,1232,1240,1229,1234,63600,1234
2008/02/26,1250,1250,1212,1213,66800,1213
2008/02/27,1217,1230,1217,1225,106000,1225
2008/02/28,1225,1225,1212,1220,62700,1220
2008/02/29,1215,1233,1213,1222,94300,1222
2008/03/03,1227,1227,1208,1208,97400,1208
2008/03/04,1208,1215,1195,1205,71600,1205
2008/03/05,1213,1219,1205,1211,46700,1211
2008/03/06,1215,1226,1208,1223,53200,1223
2008/03/07,1211,1228,1206,1219,46100,1219
2008/03/10,1219,1220,1200,1208,76600,1208
2008/03/11,1196,1226,1196,1220,50400,1220
2008/03/12,1233,1249,1230,1240,60800,1240
2008/03/13,1231,1254,1216,1225,75500,1225
2008/03/14,1205,1218,1202,1203,105300,1203
2008/03/17,1201,1201,1181,1188,54400,1188
2008/03/18,1188,1190,1125,1153,91300,1153
2008/03/19,1204,1204,1161,1171,77800,1171
2008/03/21,1185,1201,1180,1201,62100,1201
2008/03/24,1203,1230,1203,1215,62900,1215
2008/03/25,1226,1240,1224,1238,107800,1238
2008/03/26,1140,1180,1140,1168,81000,1168
2008/03/27,1148,1168,1141,1162,44300,1162
2008/03/28,1142,1179,1142,1177,43500,1177
2008/03/31,1178,1185,1147,1179,43000,1179
2008/04/01,1184,1195,1172,1182,38800,1182
2008/04/02,1193,1198,1186,1195,39900,1195
2008/04/03,1195,1200,1188,1197,51100,1197
2008/04/04,1190,1195,1165,1183,23400,1183
2008/04/07,1196,1196,1176,1191,19700,1191
2008/04/08,1192,1199,1183,1184,42100,1184
2008/04/09,1193,1193,1166,1175,24000,1175
2008/04/10,1169,1172,1157,1158,20500,1158
2008/04/11,1158,1173,1143,1173,53900,1173
2008/04/14,1160,1168,1140,1167,47200,1167
2008/04/15,1160,1176,1157,1176,38100,1176
2008/04/16,1176,1189,1170,1186,20800,1186
2008/04/17,1180,1188,1168,1179,39100,1179
2008/04/18,1180,1180,1142,1160,29200,1160
2008/04/21,1172,1175,1157,1163,23400,1163
2008/04/22,1151,1162,1151,1156,18900,1156
2008/04/23,1156,1168,1156,1158,21300,1158
2008/04/24,1154,1158,1149,1149,20100,1149
2008/04/25,1151,1169,1151,1165,26900,1165
2008/04/28,1165,1180,1158,1174,21700,1174
2008/04/30,1165,1179,1165,1169,28600,1169
2008/05/01,1170,1175,1160,1160,23600,1160
2008/05/02,1161,1179,1160,1179,23400,1179
2008/05/07,1165,1179,1165,1176,35200,1176
2008/05/08,1175,1175,1162,1162,50900,1162
2008/05/09,1163,1164,1139,1140,36200,1140
2008/05/12,1140,1146,1122,1125,60800,1125
2008/05/13,1120,1144,1120,1138,24600,1138
2008/05/14,1135,1177,1131,1169,39400,1169
2008/05/15,1177,1187,1172,1175,51100,1175
2008/05/16,1187,1187,1161,1174,28100,1174
2008/05/19,1175,1180,1156,1161,33400,1161
2008/05/20,1150,1166,1150,1155,19300,1155
2008/05/21,1152,1173,1117,1121,52500,1121
2008/05/22,1111,1117,1101,1114,32100,1114
2008/05/23,1112,1113,1101,1109,51100,1109
2008/05/26,1101,1106,1090,1097,61100,1097
2008/05/27,1097,1109,1097,1105,30000,1105
2008/05/28,1090,1094,1060,1064,51700,1064
2008/05/29,1065,1081,1051,1079,36600,1079
2008/05/30,1081,1101,1077,1089,40900,1089
2008/06/02,1092,1100,1083,1087,37700,1087
2008/06/03,1084,1084,1051,1057,41400,1057
2008/06/04,1060,1088,1060,1081,31000,1081
2008/06/05,1079,1096,1065,1093,19800,1093
2008/06/06,1092,1092,1070,1074,30600,1074
2008/06/09,1070,1074,1052,1052,43800,1052
2008/06/10,1054,1069,1043,1047,29500,1047
2008/06/11,1040,1046,1036,1044,33500,1044
2008/06/12,1030,1042,1010,1035,52400,1035
2008/06/13,1014,1023,1001,1018,62000,1018
2008/06/16,1038,1038,1008,1026,24400,1026
2008/06/17,1037,1037,1025,1030,27000,1030
2008/06/18,1034,1038,1020,1022,38400,1022
2008/06/19,1027,1027,1003,1005,44000,1005
2008/06/20,1025,1033,1005,1011,31600,1011
2008/06/23,1010,1015,1005,1009,26700,1009
2008/06/24,1005,1025,1005,1020,22600,1020
2008/06/25,1020,1027,1012,1022,31800,1022
2008/06/26,1018,1020,1013,1014,23000,1014
2008/06/27,1011,1016,1006,1008,32000,1008
2008/06/30,1009,1046,1005,1038,51000,1038
2008/07/01,1075,1089,1055,1075,68700,1075
2008/07/02,1081,1081,1050,1075,44500,1075
2008/07/03,1074,1110,1050,1110,47000,1110
2008/07/04,1110,1112,1086,1101,36800,1101
2008/07/07,1110,1128,1103,1116,25600,1116
2008/07/08,1115,1116,1058,1069,37900,1069
2008/07/09,1138,1138,1108,1108,52800,1108
2008/07/10,1100,1125,1093,1118,27800,1118
2008/07/11,1115,1115,1085,1092,31200,1092
2008/07/14,1083,1118,1075,1076,26300,1076
2008/07/15,1070,1080,1063,1065,18200,1065
2008/07/16,1052,1093,1052,1074,26100,1074
2008/07/17,1094,1100,1085,1099,20800,1099
2008/07/18,1094,1099,1040,1064,26900,1064
2008/07/22,1084,1099,1071,1098,24500,1098
2008/07/23,1098,1115,1092,1102,31400,1102
2008/07/24,1120,1137,1118,1133,36300,1133
2008/07/25,1113,1135,1086,1093,29700,1093
2008/07/28,1102,1111,1080,1083,24500,1083
2008/07/29,1063,1069,1040,1046,45600,1046
2008/07/30,1057,1063,1047,1054,44700,1054
2008/07/31,1070,1076,1054,1059,40400,1059
2008/08/01,1061,1073,1022,1032,43900,1032
2008/08/04,1052,1052,1022,1022,25500,1022
2008/08/05,1012,1026,1000,1003,71900,1003
2008/08/06,1022,1087,1018,1078,103300,1078
2008/08/07,1070,1078,1050,1070,44000,1070
2008/08/08,1070,1085,1056,1077,44600,1077
2008/08/11,1077,1098,1072,1096,39800,1096
2008/08/12,1096,1106,1093,1099,34400,1099
2008/08/13,1099,1099,1055,1068,43200,1068
2008/08/14,1068,1089,1060,1062,20300,1062
2008/08/15,1062,1070,1055,1067,23900,1067
2008/08/18,1070,1095,1066,1070,59800,1070
2008/08/19,1065,1065,1025,1037,32300,1037
2008/08/20,1037,1055,1036,1055,34900,1055
2008/08/21,1055,1055,1031,1046,31900,1046
2008/08/22,1046,1054,1026,1047,40400,1047
2008/08/25,1053,1089,1053,1079,27500,1079
2008/08/26,1073,1082,1048,1082,20100,1082
2008/08/27,1082,1084,1040,1061,28000,1061
2008/08/28,1061,1077,1047,1059,27000,1059
2008/08/29,1079,1105,1062,1105,77900,1105
2008/09/01,1099,1099,1069,1074,30900,1074
2008/09/02,1075,1094,1045,1053,32300,1053
2008/09/03,1069,1093,1069,1088,35500,1088
2008/09/04,1089,1095,1071,1083,33100,1083
2008/09/05,1061,1095,1061,1072,39900,1072
2008/09/08,1065,1100,1065,1094,46400,1094
2008/09/09,1098,1098,1067,1072,38700,1072
2008/09/10,1068,1088,1057,1071,46700,1071
2008/09/11,1040,1055,1031,1031,46700,1031
2008/09/12,1025,1039,1000,1011,86800,1011
2008/09/16,1010,1031,987,1014,49200,1014
2008/09/17,1019,1055,1016,1050,61000,1050
2008/09/18,1000,1084,996,1062,82100,1062
2008/09/19,1066,1079,1051,1075,68500,1075
2008/09/22,1075,1088,1065,1080,45700,1080
2008/09/24,1074,1095,1068,1082,46100,1082
2008/09/25,1060,1092,1050,1076,30500,1076
2008/09/26,1060,1081,1040,1043,52300,1043
2008/09/29,1062,1084,1052,1054,25600,1054
2008/09/30,1040,1050,1013,1036,26600,1036
2008/10/01,1068,1076,1054,1067,37400,1067
2008/10/02,1074,1074,1050,1051,16600,1051
2008/10/03,1048,1048,1019,1024,39800,1024
2008/10/06,1019,1039,996,1010,49500,1010
2008/10/07,985,1027,973,1009,54200,1009
2008/10/08,989,1031,989,1019,68000,1019
2008/10/09,1000,1020,990,997,49500,997
2008/10/10,977,990,923,981,61900,981
2008/10/14,1018,1056,991,994,134800,994
2008/10/15,994,995,952,988,119200,988
2008/10/16,982,985,934,969,67100,969
2008/10/17,989,1012,983,1000,90000,1000
2008/10/20,1000,1034,991,1033,78900,1033
2008/10/21,1043,1046,982,992,93300,992
2008/10/22,990,998,961,961,71200,961
2008/10/23,961,995,953,995,61100,995
2008/10/24,995,995,961,977,74200,977
2008/10/27,950,970,931,938,95900,938
2008/10/28,928,1024,928,1024,121000,1024
2008/10/29,1024,1049,1005,1040,116600,1040
2008/10/30,1020,1107,1020,1079,157100,1079
2008/10/31,1079,1145,1079,1125,131600,1125
2008/11/04,1105,1133,1088,1116,171200,1116
2008/11/05,1112,1115,1081,1109,153200,1109
2008/11/06,1089,1117,1044,1114,123200,1114
2008/11/07,1098,1100,1058,1082,131100,1082
2008/11/10,1063,1093,1021,1025,194700,1025
2008/11/11,1005,1040,982,985,69900,985
2008/11/12,951,990,951,965,67700,965
2008/11/13,941,961,925,935,72300,935
2008/11/14,930,947,835,850,145700,850
2008/11/17,849,874,848,860,85100,860
2008/11/18,854,882,850,877,39100,877
2008/11/19,882,897,859,880,37700,880
2008/11/20,880,880,839,841,32600,841
2008/11/21,835,882,821,870,28900,870
2008/11/25,841,850,811,847,62500,847
2008/11/26,817,833,802,809,47700,809
2008/11/27,800,824,786,798,64400,798
2008/11/28,783,795,770,791,51100,791
2008/12/01,789,789,763,765,57900,765
2008/12/02,695,719,686,688,123500,688
2008/12/03,715,723,694,721,62500,721
2008/12/04,722,736,704,715,42200,715
2008/12/05,710,756,710,740,78500,740
2008/12/08,749,763,726,758,42300,758
2008/12/09,739,751,728,738,32100,738
2008/12/10,728,731,718,722,39100,722
2008/12/11,742,749,717,728,61700,728
2008/12/12,748,760,731,734,96100,734
2008/12/15,754,781,744,764,41900,764
2008/12/16,751,764,718,731,66600,731
2008/12/17,730,730,687,702,76900,702
2008/12/18,692,697,670,670,75700,670
2008/12/19,660,682,660,660,41600,660
2008/12/22,662,680,662,679,32200,679
2008/12/24,678,678,665,673,29600,673
2008/12/25,669,674,655,664,22100,664
2008/12/26,670,680,666,671,20000,671
2008/12/29,681,688,660,686,26700,686
2008/12/30,686,698,683,692,20300,692
2009/01/05,710,710,672,679,13300,679
2009/01/06,689,696,684,696,22800,696
2009/01/07,701,723,700,715,54700,715
2009/01/08,715,720,705,706,95200,706
2009/01/09,712,719,706,710,52400,710
2009/01/13,700,706,681,682,62200,682
2009/01/14,689,689,665,667,72700,667
2009/01/15,667,688,661,674,54000,674
2009/01/16,678,709,678,702,43600,702
2009/01/19,709,715,695,705,25300,705
2009/01/20,685,690,684,686,25200,686
2009/01/21,675,690,675,681,20100,681
2009/01/22,690,690,672,681,23700,681
2009/01/23,676,681,670,672,30000,672
2009/01/26,667,678,665,668,19600,668
2009/01/27,675,690,672,683,33600,683
2009/01/28,681,685,670,685,39300,685
2009/01/29,686,696,676,680,31400,680
2009/01/30,675,680,664,676,40200,676
2009/02/02,676,676,661,670,29200,670
2009/02/03,660,667,647,648,50100,648
2009/02/04,643,654,641,644,48300,644
2009/02/05,646,658,644,646,32300,646
2009/02/06,643,661,631,633,62700,633
2009/02/09,631,635,610,610,29100,610
2009/02/10,608,655,601,606,26400,606
2009/02/12,607,607,587,590,36200,590
2009/02/13,591,597,585,588,36900,588
2009/02/16,589,598,585,588,35200,588
2009/02/17,590,594,573,576,35800,576
2009/02/18,562,581,560,581,23600,581
2009/02/19,587,589,571,581,17300,581
2009/02/20,574,585,570,573,27100,573
2009/02/23,560,569,554,557,27700,557
2009/02/24,539,547,524,528,40500,528
2009/02/25,530,533,499,508,57000,508
2009/02/26,500,506,487,497,65300,497
2009/02/27,493,523,489,510,51800,510
2009/03/02,516,518,505,514,39200,514
2009/03/03,504,509,500,501,35500,501
2009/03/04,500,522,500,521,31700,521
2009/03/05,531,545,529,542,38600,542
2009/03/06,542,564,536,548,49900,548
2009/03/09,548,549,533,533,20300,533
2009/03/10,529,530,516,517,38400,517
2009/03/11,518,529,515,516,52900,516
2009/03/12,512,520,500,505,37600,505
2009/03/13,500,521,500,515,62700,515
2009/03/16,525,538,525,530,40500,530
2009/03/17,540,540,529,529,47500,529
2009/03/18,540,557,537,544,53600,544
2009/03/19,554,555,545,549,23100,549
2009/03/23,549,568,548,568,52600,568
2009/03/24,588,588,576,579,72200,579
2009/03/25,581,583,568,578,182100,578
2009/03/26,558,562,542,547,113500,547
2009/03/27,551,559,542,542,59900,542
2009/03/30,547,550,527,527,48200,527
2009/03/31,517,526,511,517,42100,517
2009/04/01,527,539,514,521,30700,521
2009/04/02,530,544,523,543,38600,543
2009/04/03,544,545,524,531,23900,531
2009/04/06,532,536,521,527,36200,527
2009/04/07,525,534,524,528,20500,528
2009/04/08,518,527,510,510,37400,510
2009/04/09,510,525,510,525,27000,525
2009/04/10,525,525,500,517,25600,517
2009/04/13,517,535,517,524,36700,524
2009/04/14,528,532,520,520,21200,520
2009/04/15,527,530,515,517,28600,517
2009/04/16,525,528,513,516,24400,516
2009/04/17,515,523,515,517,17100,517
2009/04/20,515,518,506,518,24700,518
2009/04/21,511,517,501,504,34200,504
2009/04/22,504,504,492,494,31700,494
2009/04/23,491,494,485,494,39700,494
2009/04/24,494,494,485,485,32700,485
2009/04/27,492,493,485,488,23400,488
2009/04/28,485,487,476,477,38500,477
2009/04/30,482,495,479,481,38300,481
2009/05/01,490,494,480,482,31700,482
2009/05/07,491,496,484,495,45200,495
2009/05/08,498,500,479,480,90100,480
2009/05/11,485,488,485,485,34200,485
2009/05/12,488,495,485,486,23200,486
2009/05/13,489,491,486,488,26400,488
2009/05/14,486,490,484,484,24400,484
2009/05/15,484,493,484,487,26200,487
2009/05/18,486,493,486,489,35000,489
2009/05/19,494,496,490,491,23100,491
2009/05/20,498,500,497,499,27800,499
2009/05/21,499,499,490,492,29800,492
2009/05/22,495,497,485,487,36600,487
2009/05/25,495,499,490,492,29400,492
2009/05/26,499,502,494,497,37700,497
2009/05/27,500,510,498,498,40100,498
2009/05/28,502,507,501,504,32500,504
2009/05/29,505,506,497,497,48200,497
2009/06/01,499,508,499,505,65900,505
2009/06/02,509,518,506,509,57800,509
2009/06/03,519,519,509,515,60200,515
2009/06/04,515,522,514,519,80200,519
2009/06/05,517,529,517,525,69800,525
2009/06/08,530,534,523,525,64400,525
2009/06/09,527,527,520,521,53300,521
2009/06/10,520,528,520,525,48200,525
2009/06/11,526,539,526,534,39500,534
2009/06/12,538,548,535,545,105300,545
2009/06/15,560,569,554,565,116400,565
2009/06/16,560,563,536,543,123600,543
2009/06/17,540,552,540,547,52500,547
2009/06/18,550,551,543,547,37600,547
2009/06/19,548,555,535,535,114800,535
2009/06/22,545,554,540,546,60200,546
2009/06/23,548,561,544,552,107000,552
2009/06/24,555,565,555,562,43000,562
2009/06/25,565,577,565,575,63300,575
2009/06/26,591,601,582,599,87500,599
2009/06/29,619,638,609,627,144400,627
2009/06/30,628,648,628,643,127000,643
2009/07/01,653,680,648,677,152000,677
2009/07/02,684,686,650,661,146200,661
2009/07/03,632,648,617,644,104800,644
2009/07/06,644,644,628,637,63300,637
2009/07/07,642,655,638,648,46200,648
2009/07/08,648,648,617,633,76400,633
2009/07/09,613,618,606,610,64800,610
2009/07/10,612,618,606,618,40500,618
2009/07/13,635,635,603,604,70600,604
2009/07/14,612,612,602,605,44700,605
2009/07/15,614,614,590,595,51900,595
2009/07/16,612,614,597,602,31700,602
2009/07/17,602,610,591,600,42300,600
2009/07/21,615,619,600,610,30600,610
2009/07/22,615,615,605,611,28400,611
2009/07/23,614,618,610,612,30400,612
2009/07/24,619,632,616,621,32600,621
2009/07/27,629,642,625,634,42600,634
2009/07/28,641,642,626,637,40200,637
2009/07/29,642,644,638,640,18700,640
2009/07/30,644,646,628,638,41000,638
2009/07/31,643,647,641,642,38900,642
2009/08/03,643,649,638,644,72400,644
2009/08/04,653,669,612,631,89000,631
2009/08/05,645,649,618,631,73300,631
2009/08/06,622,635,622,629,21300,629
2009/08/07,634,635,622,630,35900,630
2009/08/10,635,645,635,638,31300,638
2009/08/11,639,653,639,645,50600,645
2009/08/12,645,653,642,642,47200,642
2009/08/13,644,653,643,650,18600,650
2009/08/14,654,666,654,660,56200,660
2009/08/17,645,660,645,658,61000,658
2009/08/18,657,673,650,671,51700,671
2009/08/19,680,689,675,679,44100,679
2009/08/20,682,696,671,694,65500,694
2009/08/21,699,705,684,692,66400,692
2009/08/24,692,699,687,690,64500,690
2009/08/25,682,691,682,687,37100,687
2009/08/26,693,696,687,694,24900,694
2009/08/27,691,691,686,691,32000,691
2009/08/28,691,694,683,689,42700,689
2009/08/31,690,709,686,691,44500,691
2009/09/01,691,701,690,698,23500,698
2009/09/02,689,699,684,691,35000,691
2009/09/03,691,698,690,690,41700,690
2009/09/04,691,696,690,691,41200,691
2009/09/07,691,695,691,693,15400,693
2009/09/08,691,694,686,690,27900,690
2009/09/09,689,689,680,681,21000,681
2009/09/10,680,697,680,691,54300,691
2009/09/11,696,696,682,685,55500,685
2009/09/14,690,691,681,688,36600,688
2009/09/15,693,694,684,686,43500,686
2009/09/16,690,692,685,686,55100,686
2009/09/17,687,691,686,690,46000,690
2009/09/18,691,696,689,696,57600,696
2009/09/24,704,720,701,719,152800,719
2009/09/25,710,710,671,687,72500,687
2009/09/28,676,677,651,662,81400,662
2009/09/29,661,666,656,666,29700,666
2009/09/30,660,674,660,674,23800,674
2009/10/01,675,675,653,659,27100,659
2009/10/02,651,652,625,642,53800,642
2009/10/05,651,651,626,630,28800,630
2009/10/06,632,637,624,636,35200,636
2009/10/07,641,665,630,653,41500,653
2009/10/08,654,669,634,652,29400,652
2009/10/09,659,668,647,662,39800,662
2009/10/13,666,681,662,667,37300,667
2009/10/14,668,676,655,675,44100,675
2009/10/15,680,688,674,680,28200,680
2009/10/16,675,678,667,678,17400,678
2009/10/19,667,668,658,659,50800,659
2009/10/20,650,658,638,641,76300,641
2009/10/21,636,645,636,644,28700,644
2009/10/22,635,635,624,634,37200,634
2009/10/23,635,635,616,619,59400,619
2009/10/26,624,644,624,641,37800,641
2009/10/27,641,641,628,632,42700,632
2009/10/28,625,628,619,624,38800,624
2009/10/29,619,640,619,636,55200,636
2009/10/30,642,642,637,639,29800,639
2009/11/02,635,635,619,630,27800,630
2009/11/04,625,644,625,643,63500,643
2009/11/05,641,656,632,639,70200,639
2009/11/06,637,637,627,634,22600,634
2009/11/09,638,638,627,631,18000,631
2009/11/10,627,627,620,624,45300,624
2009/11/11,629,636,621,625,16800,625
2009/11/12,627,633,616,618,28600,618
2009/11/13,615,627,615,621,15500,621
2009/11/16,625,629,616,616,15700,616
2009/11/17,615,615,601,605,37600,605
2009/11/18,610,624,605,622,58100,622
2009/11/19,612,634,601,627,73600,627
2009/11/20,613,630,611,623,40800,623
2009/11/24,613,614,604,606,47200,606
2009/11/25,603,610,598,602,40500,602
2009/11/26,599,600,595,596,44200,596
2009/11/27,589,604,588,592,36200,592
2009/11/30,589,594,586,593,75900,593
2009/12/01,600,623,595,623,57600,623
2009/12/02,633,633,609,611,51300,611
2009/12/03,631,648,624,645,62200,645
2009/12/04,642,642,632,635,26400,635
2009/12/07,636,650,636,646,25300,646
2009/12/08,636,640,630,636,24700,636
2009/12/09,642,644,636,640,19900,640
2009/12/10,650,652,635,638,42400,638
2009/12/11,638,640,631,639,50700,639
2009/12/14,630,640,627,639,24700,639
2009/12/15,630,632,620,630,32900,630
2009/12/16,626,638,624,625,60900,625
2009/12/17,627,634,627,628,17800,628
2009/12/18,620,623,617,621,50700,621
2009/12/21,617,622,617,619,15200,619
2009/12/22,620,628,619,624,23900,624
2009/12/24,630,637,630,630,19200,630
2009/12/25,632,636,623,624,20400,624
2009/12/28,626,636,624,633,25300,633
2009/12/29,636,637,635,637,15300,637
2009/12/30,642,644,633,633,26900,633
2010/01/04,633,648,633,641,19100,641
2010/01/05,639,641,631,631,45900,631
2010/01/06,629,629,625,626,70900,626
2010/01/07,626,635,626,631,25400,631
2010/01/08,630,635,629,635,62500,635
2010/01/12,637,648,637,648,31200,648
2010/01/13,649,664,648,653,41300,653
2010/01/14,667,667,654,663,39000,663
2010/01/15,664,675,664,672,56100,672
2010/01/18,672,679,668,673,24500,673
2010/01/19,675,679,675,678,26300,678
2010/01/20,680,683,672,673,35100,673
2010/01/21,673,680,670,678,35300,678
2010/01/22,667,675,666,675,36000,675
2010/01/25,675,680,670,677,29600,677
2010/01/26,675,683,669,669,37600,669
2010/01/27,671,672,661,661,21600,661
2010/01/28,662,677,660,669,21100,669
2010/01/29,675,675,661,662,33400,662
2010/02/01,655,662,650,653,46800,653
2010/02/02,655,657,651,651,25400,651
2010/02/03,650,653,650,652,35800,652
2010/02/04,660,661,653,658,22300,658
2010/02/05,654,660,652,653,35100,653
2010/02/08,654,659,650,651,44700,651
2010/02/09,650,652,641,645,37300,645
2010/02/10,646,650,645,648,21200,648
2010/02/12,649,655,647,655,19700,655
2010/02/15,660,665,655,658,20300,658
2010/02/16,664,669,660,666,21900,666
2010/02/17,674,674,664,671,22100,671
2010/02/18,662,668,662,666,27700,666
2010/02/19,671,674,658,661,32400,661
2010/02/22,671,678,669,673,30600,673
2010/02/23,675,676,665,671,25200,671
2010/02/24,674,679,668,674,38600,674
2010/02/25,677,683,666,675,47000,675
2010/02/26,675,690,675,688,41300,688
2010/03/01,693,698,685,694,33900,694
2010/03/02,691,700,691,698,44900,698
2010/03/03,697,710,696,710,37300,710
2010/03/04,710,714,706,710,37900,710
2010/03/05,714,721,711,716,66700,716
2010/03/08,720,729,720,725,63200,725
2010/03/09,731,745,731,739,75400,739
2010/03/10,746,750,741,747,71900,747
2010/03/11,752,759,752,754,59600,754
2010/03/12,754,754,721,742,129500,742
2010/03/15,734,739,723,727,97500,727
2010/03/16,723,734,723,729,55700,729
2010/03/17,737,748,732,737,47200,737
2010/03/18,738,748,738,744,45700,744
2010/03/19,747,750,746,748,38500,748
2010/03/23,751,759,751,754,83000,754
2010/03/24,760,766,759,762,85100,762
2010/03/25,762,769,761,764,88400,764
2010/03/26,769,773,765,773,253200,773
2010/03/29,733,751,725,737,203700,737
2010/03/30,732,733,711,730,133500,730
2010/03/31,730,732,720,723,49900,723
2010/04/01,715,715,702,709,92300,709
2010/04/02,705,707,691,700,67000,700
2010/04/05,694,708,691,708,59100,708
2010/04/06,709,722,708,715,75100,715
2010/04/07,718,722,714,719,37000,719
2010/04/08,712,722,712,718,30700,718
2010/04/09,716,724,715,721,34100,721
2010/04/12,730,730,722,722,24600,722
2010/04/13,722,730,721,722,30300,722
2010/04/14,723,730,722,723,31800,723
2010/04/15,724,729,724,725,18800,725
2010/04/16,725,726,720,720,23700,720
2010/04/19,719,722,708,712,30300,712
2010/04/20,708,720,708,714,27700,714
2010/04/21,717,720,714,715,37800,715
2010/04/22,715,715,704,708,56000,708
2010/04/23,710,714,706,713,21000,713
2010/04/26,724,728,720,728,38400,728
2010/04/27,725,728,717,726,27200,726
2010/04/28,715,718,711,712,46600,712
2010/04/30,716,726,713,723,23900,723
2010/05/06,714,720,707,711,73400,711
2010/05/07,705,728,690,725,114200,725
2010/05/10,723,729,715,728,62900,728
2010/05/11,732,736,720,727,65300,727
2010/05/12,722,733,722,724,19100,724
2010/05/13,729,730,724,730,38400,730
2010/05/14,721,729,718,718,37100,718
2010/05/17,718,724,703,711,55700,711
2010/05/18,715,723,712,717,23200,717
2010/05/19,713,716,708,714,27100,714
2010/05/20,706,717,706,710,23100,710
2010/05/21,699,710,673,691,58100,691
2010/05/24,682,692,681,686,24800,686
2010/05/25,682,685,678,680,25800,680
2010/05/26,670,688,661,682,51400,682
2010/05/27,671,682,667,678,27900,678
2010/05/28,688,693,683,685,28100,685
2010/05/31,685,707,680,698,35200,698
2010/06/01,699,699,694,694,12700,694
2010/06/02,681,693,681,692,15400,692
2010/06/03,695,718,691,712,23400,712
2010/06/04,724,724,709,712,22900,712
2010/06/07,701,715,701,701,18200,701
2010/06/08,697,710,697,706,14100,706
2010/06/09,705,713,701,702,22400,702
2010/06/10,712,716,705,712,13900,712
2010/06/11,719,724,710,720,45300,720
2010/06/14,728,729,726,726,20300,726
2010/06/15,723,727,723,725,8200,725
2010/06/16,726,730,725,729,22900,729
2010/06/17,729,730,727,729,9300,729
2010/06/18,729,732,725,731,15700,731
2010/06/21,731,748,731,739,24600,739
2010/06/22,735,736,725,736,30900,736
2010/06/23,721,730,720,726,12600,726
2010/06/24,720,735,720,727,5200,727
2010/06/25,718,725,718,724,11500,724
2010/06/28,724,732,715,720,14300,720
2010/06/29,721,724,720,721,8600,721
2010/06/30,712,719,710,717,22900,717
2010/07/01,715,715,701,705,26300,705
2010/07/02,700,717,700,706,16100,706
2010/07/05,706,715,706,714,19400,714
2010/07/06,712,721,712,721,10700,721
2010/07/07,713,722,706,710,26800,710
2010/07/08,719,722,712,720,15700,720
2010/07/09,732,732,722,727,32300,727
2010/07/12,729,731,727,727,10400,727
2010/07/13,728,728,716,716,19200,716
2010/07/14,730,730,723,728,14100,728
2010/07/15,723,727,723,723,8000,723
2010/07/16,719,721,698,707,33100,707
2010/07/20,701,706,701,705,11400,705
2010/07/21,705,706,696,696,35700,696
2010/07/22,686,702,683,696,26800,696
2010/07/23,700,704,697,697,16000,697
2010/07/26,698,708,696,701,18800,701
2010/07/27,702,706,701,704,12700,704
2010/07/28,709,712,704,706,21000,706
2010/07/29,704,707,702,702,22900,702
2010/07/30,703,703,699,700,23700,700
2010/08/02,709,709,701,701,12300,701
2010/08/03,709,712,706,707,13600,707
2010/08/04,707,709,698,699,30600,699
2010/08/05,705,708,700,703,16500,703
2010/08/06,700,704,698,701,16300,701
2010/08/09,700,708,700,705,11800,705
2010/08/10,707,710,700,702,29700,702
2010/08/11,701,712,695,695,38700,695
2010/08/12,691,695,686,691,26000,691
2010/08/13,692,705,691,702,17500,702
2010/08/16,702,705,700,703,10500,703
2010/08/17,701,704,700,701,17000,701
2010/08/18,704,706,700,704,10900,704
2010/08/19,703,708,703,707,13700,707
2010/08/20,702,707,700,700,19200,700
2010/08/23,701,701,695,695,16800,695
2010/08/24,695,709,695,708,23800,708
2010/08/25,698,708,696,704,14700,704
2010/08/26,701,703,698,702,21100,702
2010/08/27,699,717,699,717,36700,717
2010/08/30,729,729,721,725,16200,725
2010/08/31,720,721,704,704,24300,704
2010/09/01,710,714,702,708,31900,708
2010/09/02,719,719,710,716,15100,716
2010/09/03,716,722,716,719,10900,719
2010/09/06,723,730,719,730,23500,730
2010/09/07,725,734,725,731,14600,731
2010/09/08,730,730,720,723,17800,723
2010/09/09,733,733,723,726,10300,726
2010/09/10,728,732,727,732,45400,732
2010/09/13,733,734,728,733,20500,733
2010/09/14,735,736,727,731,22900,731
2010/09/15,731,738,731,734,27300,734
2010/09/16,738,739,727,729,29600,729
2010/09/17,728,738,726,732,32400,732
2010/09/21,740,740,727,727,32000,727
2010/09/22,729,733,727,729,30600,729
2010/09/24,728,735,725,728,56900,728
2010/09/27,727,735,727,731,64600,731
2010/09/28,716,721,701,712,42000,712
2010/09/29,717,723,716,721,23100,721
2010/09/30,723,725,708,708,21600,708
2010/10/01,713,713,704,712,15500,712
2010/10/04,711,719,707,707,15100,707
2010/10/05,707,718,703,715,13500,715
2010/10/06,717,717,707,712,20900,712
2010/10/07,708,718,708,713,13300,713
2010/10/08,707,713,705,705,12600,705
2010/10/12,708,708,697,697,30600,697
2010/10/13,697,698,684,686,39000,686
2010/10/14,686,691,681,685,25300,685
2010/10/15,685,685,672,672,33400,672
2010/10/18,672,685,672,683,10500,683
2010/10/19,677,689,677,679,14200,679
2010/10/20,673,673,661,668,24700,668
2010/10/21,668,669,661,662,16500,662
2010/10/22,664,669,658,667,17700,667
2010/10/25,660,670,654,658,30900,658
2010/10/26,655,663,655,662,15600,662
2010/10/27,663,669,662,662,11400,662
2010/10/28,659,659,650,653,42300,653
2010/10/29,651,651,641,648,22900,648
2010/11/01,642,648,641,644,21400,644
2010/11/02,643,645,640,643,12600,643
2010/11/04,643,667,643,663,15800,663
2010/11/05,663,670,650,654,43000,654
2010/11/08,655,661,654,661,18600,661
2010/11/09,663,668,662,663,12900,663
2010/11/10,661,669,661,665,27100,665
2010/11/11,664,669,663,665,17400,665
2010/11/12,664,669,664,665,20500,665
2010/11/15,665,669,664,667,6200,667
2010/11/16,669,669,663,664,17500,664
2010/11/17,661,673,661,673,14900,673
2010/11/18,678,689,676,687,28100,687
2010/11/19,690,696,684,687,16400,687
2010/11/22,690,690,687,688,8100,688
2010/11/24,687,690,685,689,17100,689
2010/11/25,689,689,685,688,16100,688
2010/11/26,688,696,688,689,20300,689
2010/11/29,689,698,688,696,12600,696
2010/11/30,692,695,680,680,21700,680
2010/12/01,680,690,678,690,19900,690
2010/12/02,700,700,691,696,16000,696
2010/12/03,691,705,691,702,22400,702
2010/12/06,702,708,702,708,10200,708
2010/12/07,708,718,705,718,35300,718
2010/12/08,715,719,712,716,14800,716
2010/12/09,725,728,716,722,35900,722
2010/12/10,725,728,712,713,62800,713
2010/12/13,708,717,708,716,21400,716
2010/12/14,715,720,712,720,25100,720
2010/12/15,720,722,716,722,18400,722
2010/12/16,724,724,713,720,23500,720
2010/12/17,722,725,720,725,24400,725
2010/12/20,725,725,721,722,15100,722
2010/12/21,724,726,724,724,16000,724
2010/12/22,725,727,721,722,16500,722
2010/12/24,726,726,720,720,13900,720
2010/12/27,720,723,718,720,11500,720
2010/12/28,718,720,718,720,12200,720
2010/12/29,720,725,720,724,15400,724
2010/12/30,724,725,720,722,9900,722
2011/01/04,727,733,725,727,20500,727
2011/01/05,728,730,727,727,19700,727
2011/01/06,730,730,724,726,26300,726
2011/01/07,725,729,723,727,26000,727
2011/01/11,728,735,727,731,21700,731
2011/01/12,739,740,730,730,22000,730
2011/01/13,732,739,732,735,15900,735
2011/01/14,739,740,736,738,22700,738
2011/01/17,739,750,739,747,15700,747
2011/01/18,750,758,749,753,27400,753
2011/01/19,754,756,751,752,18500,752
2011/01/20,733,741,732,739,61400,739
2011/01/21,740,742,728,728,26900,728
2011/01/24,726,731,726,731,12300,731
2011/01/25,736,745,732,742,13500,742
2011/01/26,743,744,739,739,9300,739
2011/01/27,742,747,742,745,12200,745
2011/01/28,745,747,733,733,24700,733
2011/01/31,737,740,731,735,25500,735
2011/02/01,741,741,735,739,20800,739
2011/02/02,745,752,744,746,25700,746
2011/02/03,750,751,747,748,17100,748
2011/02/04,755,767,755,760,43100,760
2011/02/07,770,775,766,775,29500,775
2011/02/08,777,781,773,780,33500,780
2011/02/09,783,784,779,781,17000,781
2011/02/10,781,782,777,782,13300,782
2011/02/14,783,786,783,785,19100,785
2011/02/15,785,798,785,792,28300,792
2011/02/16,792,795,791,794,16500,794
2011/02/17,798,801,793,801,29800,801
2011/02/18,804,805,801,802,27200,802
2011/02/21,804,805,798,798,45400,798
2011/02/22,798,799,791,792,32800,792
2011/02/23,790,797,785,785,24000,785
2011/02/24,785,788,779,779,35200,779
2011/02/25,779,794,779,788,21200,788
2011/02/28,790,800,781,794,42800,794
2011/03/01,798,811,797,809,46300,809
2011/03/02,805,809,800,800,39400,800
2011/03/03,804,809,802,807,20200,807
2011/03/04,811,814,807,810,35500,810
2011/03/07,815,815,807,809,30900,809
2011/03/08,810,817,810,811,28500,811
2011/03/09,813,818,812,812,21700,812
2011/03/10,817,823,813,816,46100,816
2011/03/11,811,813,808,808,97300,808
2011/03/14,678,748,671,742,85000,742
2011/03/15,740,740,663,700,109400,700
2011/03/16,685,740,685,740,71700,740
2011/03/17,710,742,706,735,61000,735
2011/03/18,746,798,746,786,75300,786
2011/03/22,801,805,790,801,47400,801
2011/03/23,805,805,798,798,40700,798
2011/03/24,803,805,800,800,42100,800
2011/03/25,803,805,800,805,84600,805
2011/03/28,808,812,785,785,265800,785
2011/03/29,777,808,766,804,261200,804
2011/03/30,790,802,785,802,56800,802
2011/03/31,802,804,791,803,64000,803
2011/04/01,800,803,792,800,78300,800
2011/04/04,797,798,787,790,26700,790
2011/04/05,785,806,783,805,111800,805
2011/04/06,805,814,796,810,91700,810
2011/04/07,810,812,803,807,47500,807
2011/04/08,802,812,795,808,54100,808
2011/04/11,798,809,797,804,26800,804
2011/04/12,799,805,796,801,21100,801
2011/04/13,800,806,795,805,17300,805
2011/04/14,800,807,799,805,23500,805
2011/04/15,800,808,800,803,22300,803
2011/04/18,803,804,800,800,25100,800
2011/04/19,796,799,753,788,58600,788
2011/04/20,789,804,787,800,26900,800
2011/04/21,802,804,798,800,17400,800
2011/04/22,800,805,796,805,23100,805
2011/04/25,802,805,798,799,12300,799
2011/04/26,798,805,796,797,13600,797
2011/04/27,797,805,797,798,23600,798
2011/04/28,798,805,797,805,30200,805
2011/05/02,809,814,804,813,37900,813
2011/05/06,800,814,797,814,25000,814
2011/05/09,811,822,809,821,30700,821
2011/05/10,821,827,812,827,26900,827
2011/05/11,829,835,825,825,25800,825
2011/05/12,818,820,801,808,23700,808
2011/05/13,805,810,795,800,29600,800
2011/05/16,798,804,790,801,21200,801
2011/05/17,801,801,796,797,16000,797
2011/05/18,796,810,796,805,20500,805
2011/05/19,804,809,799,801,12200,801
2011/05/20,800,812,798,803,19800,803
2011/05/23,803,803,795,801,9100,801
2011/05/24,801,807,796,796,15100,796
2011/05/25,797,809,797,803,15100,803
2011/05/26,803,808,803,803,17900,803
2011/05/27,804,805,801,802,13200,802
2011/05/30,805,805,795,798,18000,798
2011/05/31,798,812,798,808,33900,808
2011/06/01,808,809,800,807,21000,807
2011/06/02,798,809,798,808,22300,808
2011/06/03,809,809,793,795,19600,795
2011/06/06,800,813,800,802,19200,802
2011/06/07,802,811,802,804,11400,804
2011/06/08,802,809,802,806,8000,806
2011/06/09,805,811,800,807,11600,807
2011/06/10,818,820,808,809,55900,809
2011/06/13,799,810,799,804,17100,804
2011/06/14,806,807,800,805,15800,805
2011/06/15,805,805,801,805,12600,805
2011/06/16,800,805,796,799,33300,799
2011/06/17,798,805,790,791,35400,791
2011/06/20,794,797,793,794,9700,794
2011/06/21,797,803,793,803,14000,803
2011/06/22,804,810,804,809,29900,809
2011/06/23,809,810,803,807,14200,807
2011/06/24,807,808,805,807,12900,807
2011/06/27,801,801,790,794,29300,794
2011/06/28,794,804,794,796,10800,796
2011/06/29,803,805,800,804,11500,804
2011/06/30,806,808,793,808,35400,808
2011/07/01,810,812,808,809,33700,809
2011/07/04,815,822,814,822,19700,822
2011/07/05,822,823,815,815,12000,815
2011/07/06,813,822,813,822,13900,822
2011/07/07,822,826,818,822,18800,822
2011/07/08,821,826,821,822,18900,822
2011/07/11,828,833,825,829,42000,829
2011/07/12,829,830,827,829,12800,829
2011/07/13,829,834,829,833,14600,833
2011/07/14,835,835,829,829,15000,829
2011/07/15,824,832,824,830,8900,830
2011/07/19,831,834,831,832,12800,832
2011/07/20,834,840,834,836,13500,836
2011/07/21,837,838,829,835,18800,835
2011/07/22,835,837,829,833,12800,833
2011/07/25,832,832,825,828,6300,828
2011/07/26,825,827,822,823,10300,823
2011/07/27,818,823,811,814,12600,814
2011/07/28,808,811,798,810,14200,810
2011/07/29,808,808,796,797,13300,797
2011/08/01,800,818,799,815,18300,815
2011/08/02,809,812,805,805,6800,805
2011/08/03,794,797,790,790,26000,790
2011/08/04,800,800,790,793,19500,793
2011/08/05,783,789,770,784,33600,784
2011/08/08,774,775,767,769,20700,769
2011/08/09,754,780,752,773,45800,773
2011/08/10,783,787,766,787,10900,787
2011/08/11,786,807,786,807,18100,807
2011/08/12,822,834,804,821,24100,821
2011/08/15,822,824,815,816,10900,816
2011/08/16,820,824,817,818,12600,818
2011/08/17,819,824,816,820,16500,820
2011/08/18,820,822,815,815,9900,815
2011/08/19,803,812,803,805,15300,805
2011/08/22,805,812,805,806,13200,806
2011/08/23,800,813,797,813,22500,813
2011/08/24,813,816,804,813,17700,813
2011/08/25,816,816,807,808,14000,808
2011/08/26,810,815,810,815,8000,815
2011/08/29,804,819,796,819,12100,819
2011/08/30,821,824,807,819,31200,819
2011/08/31,819,823,816,822,11400,822
2011/09/01,824,825,820,824,12200,824
2011/09/02,824,825,811,825,14200,825
2011/09/05,825,825,820,825,5900,825
2011/09/06,815,826,815,826,14400,826
2011/09/07,826,830,824,829,18400,829
2011/09/08,829,835,826,835,19000,835
2011/09/09,836,847,836,845,42500,845
2011/09/12,812,826,812,820,19500,820
2011/09/13,820,830,816,830,8700,830
2011/09/14,831,843,830,832,16100,832
2011/09/15,841,841,833,840,13200,840
2011/09/16,839,847,835,847,24300,847
2011/09/20,835,849,832,840,18100,840
2011/09/21,816,843,816,822,26800,822
2011/09/22,805,815,790,800,35200,800
2011/09/26,794,795,780,787,29800,787
2011/09/27,792,819,785,819,41000,819
2011/09/28,815,840,812,840,35900,840
2011/09/29,839,856,839,856,42100,856
2011/09/30,859,870,840,870,28200,870
2011/10/03,867,867,837,848,14100,848
2011/10/04,849,849,821,821,8300,821
2011/10/05,818,818,790,791,16500,791
2011/10/06,796,818,796,818,8100,818
2011/10/07,818,831,818,821,16700,821
2011/10/11,820,833,807,824,16500,824
2011/10/12,825,825,798,798,25700,798
2011/10/13,811,821,798,799,14000,799
2011/10/14,796,796,786,786,17800,786
2011/10/17,799,805,794,800,7700,800
2011/10/18,788,797,788,789,5700,789
2011/10/19,800,806,792,799,8500,799
2011/10/20,791,798,785,785,12600,785
2011/10/21,785,787,781,782,4300,782
2011/10/24,781,795,781,794,6300,794
2011/10/25,784,787,770,776,12700,776
2011/10/26,767,774,764,772,8100,772
2011/10/27,767,780,760,780,14000,780
2011/10/28,790,804,789,799,20000,799
2011/10/31,799,804,781,781,13900,781
2011/11/01,781,789,778,778,8900,778
2011/11/02,771,780,764,766,17000,766
2011/11/04,768,777,768,777,6400,777
2011/11/07,770,780,764,780,9000,780
2011/11/08,766,780,762,762,5200,762
2011/11/09,771,777,764,777,9600,777
2011/11/10,769,769,751,759,15700,759
2011/11/11,759,759,742,748,15800,748
2011/11/14,748,748,738,742,6100,742
2011/11/15,738,747,737,739,5100,739
2011/11/16,739,747,739,740,3500,740
2011/11/17,740,745,734,745,10100,745
2011/11/18,734,738,724,727,18100,727
2011/11/21,725,733,723,729,8300,729
2011/11/22,720,734,713,724,19100,724
2011/11/24,715,715,674,679,43900,679
2011/11/25,674,685,674,678,10100,678
2011/11/28,684,686,680,681,11400,681
2011/11/29,690,699,687,699,14500,699
2011/11/30,700,703,690,703,17100,703
2011/12/01,710,715,698,702,17800,702
2011/12/02,708,708,698,699,7600,699
2011/12/05,699,700,696,698,9700,698
2011/12/06,698,698,685,685,16200,685
2011/12/07,685,690,681,682,16500,682
2011/12/08,682,693,677,684,16200,684
2011/12/09,684,686,680,684,50200,684
2011/12/12,689,691,681,681,16100,681
2011/12/13,680,684,680,682,12700,682
2011/12/14,682,683,678,678,9400,678
2011/12/15,678,682,673,673,10900,673
2011/12/16,672,673,660,660,18300,660
2011/12/19,659,660,654,654,18800,654
2011/12/20,652,658,652,654,14900,654
2011/12/21,660,660,654,654,8400,654
2011/12/22,655,659,654,654,11600,654
2011/12/26,654,660,654,654,13400,654
2011/12/27,660,668,654,667,11100,667
2011/12/28,669,670,665,666,8500,666
2011/12/29,669,669,663,667,8900,667
2011/12/30,670,695,670,694,11000,694
2012/01/04,695,698,694,695,24900,695
2012/01/05,696,696,691,691,6500,691
2012/01/06,692,693,682,690,9800,690
2012/01/10,698,703,690,690,26700,690
2012/01/11,691,696,688,689,8800,689
2012/01/12,688,688,675,675,13800,675
2012/01/13,675,677,675,675,15400,675
2012/01/16,675,675,672,674,5200,674
2012/01/17,674,675,673,674,5000,674
2012/01/18,677,685,674,677,16300,677
2012/01/19,675,679,671,671,10900,671
2012/01/20,672,675,669,672,28600,672
2012/01/23,682,694,672,687,23500,687
2012/01/24,686,692,685,686,9700,686
2012/01/25,687,691,686,687,16400,687
2012/01/26,689,690,686,688,7200,688
2012/01/27,688,694,685,686,10800,686
2012/01/30,693,695,689,693,9700,693
2012/01/31,694,695,692,694,10000,694
2012/02/01,694,697,693,693,16100,693
2012/02/02,697,697,690,690,20800,690
2012/02/03,689,691,684,684,23700,684
2012/02/06,685,685,681,681,24600,681
2012/02/07,680,680,677,677,26100,677
2012/02/08,677,678,674,676,43300,676
2012/02/09,675,679,674,676,27300,676
2012/02/10,677,678,673,675,27000,675
2012/02/13,674,677,674,674,25500,674
2012/02/14,676,679,674,676,34600,676
2012/02/15,675,678,674,675,46600,675
2012/02/16,676,676,674,674,40700,674
2012/02/17,675,677,674,674,43000,674
2012/02/20,677,680,675,675,54900,675
2012/02/21,678,679,676,676,38100,676
2012/02/22,677,679,676,676,60200,676
2012/02/23,678,679,677,677,65900,677
2012/02/24,677,680,677,677,74600,677
2012/02/27,682,705,681,698,173200,698
2012/02/28,701,725,695,716,159600,716
2012/02/29,722,723,708,712,123900,712
2012/03/01,713,713,704,709,83100,709
2012/03/02,710,732,706,726,128800,726
2012/03/05,729,741,723,729,120200,729
2012/03/06,733,737,721,723,65800,723
2012/03/07,712,720,712,720,55400,720
2012/03/08,722,727,720,724,27600,724
2012/03/09,728,731,721,725,96600,725
2012/03/12,726,729,723,725,46000,725
2012/03/13,726,729,724,724,23500,724
2012/03/14,729,732,722,722,66600,722
2012/03/15,725,730,724,727,31900,727
2012/03/16,729,735,727,730,40200,730
2012/03/19,734,743,733,741,46800,741
2012/03/21,743,746,733,733,66700,733
2012/03/22,734,739,732,732,65200,732
2012/03/23,732,736,732,734,37900,734
2012/03/26,737,740,734,734,81300,734
2012/03/27,735,744,735,743,141000,743
2012/03/28,708,716,707,710,105600,710
2012/03/29,707,709,703,707,48200,707
2012/03/30,708,709,704,704,23800,704
2012/04/02,703,703,691,693,59000,693
2012/04/03,691,691,679,680,79300,680
2012/04/04,680,681,661,664,90300,664
2012/04/05,665,672,664,671,27800,671
2012/04/06,670,671,667,670,25200,670
2012/04/09,667,668,663,663,27500,663
2012/04/10,662,665,660,660,26900,660
2012/04/11,658,659,652,653,41600,653
2012/04/12,654,660,652,657,35400,657
2012/04/13,657,661,652,655,24800,655
2012/04/16,653,655,651,651,27400,651
2012/04/17,649,651,644,649,37800,649
2012/04/18,654,666,651,663,26900,663
2012/04/19,653,657,651,652,21600,652
2012/04/20,652,657,651,656,20500,656
2012/04/23,659,661,655,657,30600,657
2012/04/24,652,654,648,648,27300,648
2012/04/25,650,654,650,652,10700,652
2012/04/26,655,657,652,654,19400,654
2012/04/27,653,655,648,650,31100,650
2012/05/01,650,652,642,642,24900,642
2012/05/02,641,651,641,651,29500,651
2012/05/07,647,650,643,644,27700,644
2012/05/08,640,642,622,625,64200,625
2012/05/09,623,623,606,608,43400,608
2012/05/10,601,610,600,602,34100,602
2012/05/11,603,605,595,595,38200,595
2012/05/14,594,595,581,582,37700,582
2012/05/15,580,581,551,564,53500,564
2012/05/16,561,565,551,553,28600,553
2012/05/17,551,554,542,550,61200,550
2012/05/18,542,547,539,541,47700,541
2012/05/21,540,545,536,537,24300,537
2012/05/22,545,547,540,542,16400,542
2012/05/23,543,544,535,535,30200,535
2012/05/24,535,538,535,535,11300,535
2012/05/25,536,536,531,531,26500,531
2012/05/28,541,541,531,531,16600,531
2012/05/29,530,532,527,528,22800,528
2012/05/30,529,532,525,529,30300,529
2012/05/31,525,539,525,539,21400,539
2012/06/01,539,539,531,531,15100,531
2012/06/04,527,535,523,526,23600,526
2012/06/05,527,531,524,531,24000,531
2012/06/06,532,535,528,533,28100,533
2012/06/07,543,546,535,546,26000,546
2012/06/08,540,545,531,537,52300,537
2012/06/11,537,547,537,540,18200,540
2012/06/12,536,545,535,545,21000,545
2012/06/13,547,554,547,551,28400,551
2012/06/14,550,555,545,554,22700,554
2012/06/15,554,558,526,526,38200,526
2012/06/18,536,542,536,540,21200,540
2012/06/19,541,546,538,538,14300,538
2012/06/20,544,548,539,543,11900,543
2012/06/21,547,553,545,552,13600,552
2012/06/22,550,552,542,551,21900,551
2012/06/25,551,555,550,550,16500,550
2012/06/26,549,553,541,541,36100,541
2012/06/27,548,551,545,551,16600,551
2012/06/28,551,561,551,560,17900,560
2012/06/29,562,570,559,562,32200,562
2012/07/02,572,572,565,567,26000,567
2012/07/03,570,577,570,574,25300,574
2012/07/04,578,587,578,582,28900,582
2012/07/05,587,588,580,582,22800,582
2012/07/06,581,589,579,579,27400,579
2012/07/09,573,575,569,572,28100,572
2012/07/10,568,580,568,570,27800,570
2012/07/11,570,571,565,565,22300,565
2012/07/12,572,573,567,567,33700,567
2012/07/13,569,571,565,565,12000,565
2012/07/17,565,587,562,562,24500,562
2012/07/18,563,568,560,560,14600,560
2012/07/19,565,575,561,561,13400,561
2012/07/20,562,562,550,555,32800,555
2012/07/23,551,554,543,543,29500,543
2012/07/24,543,543,532,532,35700,532
2012/07/25,531,533,523,523,35700,523
2012/07/26,523,525,521,525,26800,525
2012/07/27,535,538,526,527,21900,527
2012/07/30,530,535,528,535,20100,535
2012/07/31,535,538,533,535,20000,535
2012/08/01,536,536,534,534,12500,534
2012/08/02,535,537,531,531,22300,531
2012/08/03,531,533,524,524,40000,524
2012/08/06,528,530,525,526,18300,526
2012/08/07,521,523,520,520,45500,520
2012/08/08,523,525,522,523,27900,523
2012/08/09,525,529,523,529,35200,529
2012/08/10,525,529,524,527,20700,527
2012/08/13,529,534,525,527,21000,527
2012/08/14,528,542,528,541,31400,541
2012/08/15,542,542,533,537,17000,537
2012/08/16,540,550,539,550,26100,550
2012/08/17,549,554,545,549,26300,549
2012/08/20,547,550,546,548,15800,548
2012/08/21,548,552,546,551,14300,551
2012/08/22,548,550,541,545,29300,545
2012/08/23,546,549,544,548,7600,548
2012/08/24,548,553,546,549,23300,549
2012/08/27,550,554,537,537,37300,537
2012/08/28,537,538,516,516,109200,516
2012/08/29,518,524,517,523,37700,523
2012/08/30,523,524,520,521,17800,521
2012/08/31,520,520,516,516,39100,516
2012/09/03,516,519,510,510,60300,510
2012/09/04,511,511,503,506,70400,506
2012/09/05,510,510,504,504,43900,504
2012/09/06,505,507,504,504,26800,504
2012/09/07,505,509,505,506,33900,506
2012/09/10,508,510,505,506,19500,506
2012/09/11,508,508,503,504,37000,504
2012/09/12,503,508,503,507,35300,507
2012/09/13,509,510,503,504,45700,504
2012/09/14,505,510,504,507,56100,507
2012/09/18,507,510,503,503,66100,503
2012/09/19,508,511,506,509,52100,509
2012/09/20,508,516,506,506,86300,506
2012/09/21,510,512,507,511,45200,511
2012/09/24,512,512,501,501,100300,501
2012/09/25,502,503,494,497,153700,497
2012/09/26,487,492,486,492,68400,492
2012/09/27,492,498,490,496,39600,496
2012/09/28,497,497,488,489,47900,489
2012/10/01,490,490,480,481,55000,481
2012/10/02,481,482,475,475,56500,475
2012/10/03,474,474,451,451,128700,451
2012/10/04,453,462,452,461,80400,461
2012/10/05,465,472,462,463,50400,463
2012/10/09,463,465,459,459,52900,459
2012/10/10,453,459,442,442,135500,442
2012/10/11,443,448,440,444,59900,444
2012/10/12,445,450,445,449,31700,449
2012/10/15,450,459,449,453,31300,453
2012/10/16,455,458,454,456,25300,456
2012/10/17,457,465,454,454,42600,454
2012/10/18,455,468,455,468,59400,468
2012/10/19,469,473,467,470,32400,470
2012/10/22,470,473,466,473,31600,473
2012/10/23,468,469,460,460,53300,460
2012/10/24,460,460,455,456,41600,456
2012/10/25,455,457,449,452,70900,452
2012/10/26,452,456,450,451,42400,451
2012/10/29,452,456,451,451,47300,451
2012/10/30,452,455,450,451,102500,451
2012/10/31,451,460,451,456,47400,456
2012/11/01,458,464,456,461,57500,461
2012/11/02,464,469,462,468,56200,468
2012/11/05,468,468,464,467,35100,467
2012/11/06,465,467,463,463,32400,463
2012/11/07,463,465,462,462,33500,462
2012/11/08,465,467,463,464,40800,464
2012/11/09,462,463,460,460,29900,460
2012/11/12,463,463,459,459,40800,459
2012/11/13,460,460,451,453,50300,453
2012/11/14,453,454,451,451,27600,451
2012/11/15,451,456,449,452,55500,452
2012/11/16,453,462,453,462,30800,462
2012/11/19,469,473,467,467,49500,467
2012/11/20,472,472,463,468,30400,468
2012/11/21,470,473,469,473,46500,473
2012/11/22,473,475,471,474,74300,474
2012/11/26,480,481,475,477,97000,477
2012/11/27,480,482,479,482,53100,482
2012/11/28,485,485,480,481,56100,481
2012/11/29,484,485,480,483,60900,483
2012/11/30,484,484,481,481,56200,481
2012/12/03,482,484,481,482,30900,482
2012/12/04,485,486,483,484,42700,484
2012/12/05,485,487,484,487,54800,487
2012/12/06,490,493,489,490,67300,490
2012/12/07,492,493,490,491,52100,491
2012/12/10,493,501,493,501,52000,501
2012/12/11,503,506,501,506,60700,506
2012/12/12,506,509,505,508,50800,508
2012/12/13,510,514,509,511,50500,511
2012/12/14,511,517,511,514,87700,514
2012/12/17,519,521,517,517,49300,517
2012/12/18,520,528,518,525,63300,525
2012/12/19,531,542,531,542,77800,542
2012/12/20,545,550,542,548,74400,548
2012/12/21,550,559,549,549,114900,549
2012/12/25,553,559,551,551,76000,551
2012/12/26,558,559,555,557,71200,557
2012/12/27,560,574,560,574,83600,574
2012/12/28,580,584,579,580,77300,580
2013/01/04,593,605,592,604,110200,604
2013/01/07,623,627,617,625,162000,625
2013/01/08,620,621,606,607,195200,607
2013/01/09,606,611,604,608,99700,608
2013/01/10,610,624,610,622,57300,622
2013/01/11,613,624,613,620,62200,620
2013/01/15,620,630,620,628,91400,628
2013/01/16,630,631,620,621,78200,621
2013/01/17,618,627,615,619,68900,619
2013/01/18,625,626,614,615,126300,615
2013/01/21,615,618,609,616,117000,616
2013/01/22,615,616,610,612,73400,612
2013/01/23,612,614,608,610,52200,610
2013/01/24,605,610,602,608,67500,608
2013/01/25,610,615,609,615,88600,615
2013/01/28,618,618,614,615,55000,615
2013/01/29,615,622,615,620,58100,620
2013/01/30,625,629,622,627,57000,627
2013/01/31,629,636,628,634,71100,634
2013/02/01,637,646,634,639,76300,639
2013/02/04,644,651,643,648,87900,648
2013/02/05,647,653,645,649,81500,649
2013/02/06,651,664,651,662,91800,662
2013/02/07,665,669,665,667,75100,667
2013/02/08,670,670,664,665,74100,665
2013/02/12,666,675,664,664,78400,664
2013/02/13,665,666,641,643,123200,643
2013/02/14,641,642,626,636,81300,636
2013/02/15,632,635,615,629,106700,629
2013/02/18,639,641,632,641,54900,641
2013/02/19,644,656,643,652,43400,652
2013/02/20,661,663,658,663,79300,663
2013/02/21,663,670,660,668,57700,668
2013/02/22,665,668,659,666,74000,666
2013/02/25,669,670,666,667,45700,667
2013/02/26,667,669,664,668,59000,668
2013/02/27,668,670,660,660,65800,660
2013/02/28,665,670,664,670,52500,670
2013/03/01,670,679,669,679,86700,679
2013/03/04,680,688,680,684,85800,684
2013/03/05,692,695,691,692,50300,692
2013/03/06,693,702,693,702,91100,702
2013/03/07,710,711,705,709,68800,709
2013/03/08,710,716,710,715,106700,715
2013/03/11,720,723,719,721,91400,721
2013/03/12,722,734,722,731,119300,731
2013/03/13,733,749,730,740,130600,740
2013/03/14,748,755,745,752,116600,752
2013/03/15,762,769,740,763,164300,763
2013/03/18,765,771,761,766,95600,766
2013/03/19,770,773,767,769,95900,769
2013/03/21,775,782,772,777,131900,777
2013/03/22,778,780,770,770,114100,770
2013/03/25,770,772,740,741,237700,741
2013/03/26,716,730,715,723,334800,723
2013/03/27,681,695,680,692,219600,692
2013/03/28,686,691,675,682,135400,682
2013/03/29,682,682,652,652,115900,652
2013/04/01,645,645,616,616,150000,616
2013/04/02,601,620,594,611,174600,611
2013/04/03,615,630,615,628,87100,628
2013/04/04,617,641,616,639,94400,639
2013/04/05,651,659,646,654,137800,654
2013/04/08,655,669,655,668,143000,668
2013/04/09,672,683,670,681,159800,681
2013/04/10,683,685,672,680,87200,680
2013/04/11,678,683,671,678,68700,678
2013/04/12,673,678,667,671,65900,671
2013/04/15,671,672,661,663,50500,663
2013/04/16,653,660,651,659,71400,659
2013/04/17,662,670,655,665,42600,665
2013/04/18,663,670,660,662,39700,662
2013/04/19,662,669,661,667,31300,667
2013/04/22,670,675,666,667,62800,667
2013/04/23,669,670,666,667,38900,667
2013/04/24,670,677,670,676,38800,676
2013/04/25,678,680,675,677,71100,677
2013/04/26,676,679,669,669,64300,669
2013/04/30,674,674,670,670,40800,670
2013/05/01,670,677,669,673,55000,673
2013/05/02,673,675,671,671,41500,671
2013/05/07,688,694,680,692,125400,692
2013/05/08,690,695,682,692,130500,692
2013/05/09,695,701,691,699,112100,699
2013/05/10,706,711,704,709,93900,709
2013/05/13,711,718,707,718,79000,718
2013/05/14,720,723,713,718,88800,718
2013/05/15,720,722,710,712,67800,712
2013/05/16,710,711,696,702,82800,702
2013/05/17,702,717,698,715,58300,715
2013/05/20,716,719,713,718,42800,718
2013/05/21,718,718,713,714,36400,714
2013/05/22,711,721,707,713,104300,713
2013/05/23,709,713,678,678,119100,678
2013/05/24,675,691,665,674,94200,674
2013/05/27,675,675,653,655,80100,655
2013/05/28,651,656,649,650,71400,650
2013/05/29,656,660,646,652,54200,652
2013/05/30,651,655,636,637,73700,637
2013/05/31,640,642,623,630,66400,630
2013/06/03,626,630,615,615,73200,615
2013/06/04,614,623,605,623,69500,623
2013/06/05,625,632,620,620,36400,620
2013/06/06,610,614,600,600,92100,600
2013/06/07,600,603,580,588,100900,588
2013/06/10,610,628,610,628,66000,628
2013/06/11,628,628,615,615,44000,615
2013/06/12,610,612,600,611,39800,611
2013/06/13,611,612,598,600,56600,600
2013/06/14,609,612,602,602,77400,602
2013/06/17,602,620,602,618,39200,618
2013/06/18,630,630,621,626,16900,626
2013/06/19,630,634,628,630,21500,630
2013/06/20,628,632,627,628,19400,628
2013/06/21,624,628,610,625,42100,625
2013/06/24,640,640,622,633,29500,633
2013/06/25,629,632,618,621,23100,621
2013/06/26,628,630,613,616,19100,616
2013/06/27,624,628,617,627,23100,627
2013/06/28,629,648,629,648,53500,648
2013/07/01,653,654,645,652,20500,652
2013/07/02,658,662,646,662,27600,662
2013/07/03,663,681,663,680,60600,680
2013/07/04,671,678,671,675,33400,675
2013/07/05,671,680,671,679,27000,679
2013/07/08,681,695,680,680,36700,680
2013/07/09,697,697,683,688,35500,688
2013/07/10,690,694,689,693,33600,693
2013/07/11,695,696,690,693,27400,693
2013/07/12,692,697,690,692,34100,692
2013/07/16,692,697,690,690,30300,690
2013/07/17,693,696,690,692,24200,692
2013/07/18,692,695,690,693,21900,693
2013/07/19,694,695,690,690,26300,690
2013/07/22,690,695,689,693,23800,693
2013/07/23,695,696,691,693,20300,693
2013/07/24,687,694,686,689,25700,689
2013/07/25,690,692,679,679,23200,679
2013/07/26,678,685,661,664,47400,664
2013/07/29,661,675,650,651,39400,651
2013/07/30,650,657,650,657,19400,657
2013/07/31,656,664,654,657,16200,657
2013/08/01,663,665,654,665,37300,665
2013/08/02,674,674,658,674,31100,674
2013/08/05,674,674,669,670,10800,670
2013/08/06,669,674,666,674,18900,674
2013/08/07,672,674,668,668,17300,668
2013/08/08,666,668,653,654,33000,654
2013/08/09,660,661,652,655,19000,655
2013/08/12,657,663,654,661,15700,661
2013/08/13,660,666,660,666,12300,666
2013/08/14,669,678,669,676,25100,676
2013/08/15,677,679,674,676,18200,676
2013/08/16,677,677,672,673,15200,673
2013/08/19,676,688,673,688,46100,688
2013/08/20,687,692,686,688,36100,688
2013/08/21,688,693,687,690,23100,690
2013/08/22,692,696,690,696,53600,696
2013/08/23,698,698,689,690,29100,690
2013/08/26,690,696,690,696,29700,696
2013/08/27,695,695,690,694,29700,694
2013/08/28,690,692,681,690,21300,690
2013/08/29,690,691,686,687,9800,687
2013/08/30,686,693,686,687,45000,687
2013/09/02,690,690,684,684,7500,684
2013/09/03,689,691,686,691,17800,691
2013/09/04,687,690,685,690,12100,690
2013/09/05,690,690,676,687,31800,687
2013/09/06,687,690,680,680,16800,680
2013/09/09,694,695,683,691,25100,691
2013/09/10,691,695,690,695,25700,695
2013/09/11,695,697,681,693,35000,693
2013/09/12,695,695,690,695,21800,695
2013/09/13,690,698,690,698,63700,698
2013/09/17,696,699,694,697,41300,697
2013/09/18,698,705,697,702,60600,702
2013/09/19,704,718,702,718,86100,718
2013/09/20,719,720,717,720,44500,720
2013/09/24,718,720,710,716,34900,716
2013/09/25,715,717,708,717,47100,717
2013/09/26,700,711,696,706,54100,706
2013/09/27,700,704,700,703,34100,703
2013/09/30,702,706,699,706,29700,706
2013/10/01,706,707,701,702,24900,702
2013/10/02,700,704,700,703,30800,703
2013/10/03,702,705,699,699,28100,699
2013/10/04,699,699,694,694,28800,694
2013/10/07,691,693,682,682,25600,682
2013/10/08,680,680,662,664,39500,664
2013/10/09,663,663,655,660,47400,660
2013/10/10,670,672,663,672,19500,672
2013/10/11,671,676,669,673,31100,673
2013/10/15,675,678,673,676,16500,676
2013/10/16,676,679,674,679,12400,679
2013/10/17,680,682,676,677,16500,677
2013/10/18,677,680,675,678,9100,678
2013/10/21,676,676,673,676,32900,676
2013/10/22,675,677,673,675,21400,675
2013/10/23,675,680,671,671,24000,671
2013/10/24,671,678,669,678,26000,678
2013/10/25,679,679,670,672,18500,672
2013/10/28,672,683,672,682,16200,682
2013/10/29,676,676,670,671,37500,671
2013/10/30,675,677,670,674,24600,674
2013/10/31,671,676,668,672,21800,672
2013/11/01,672,673,665,665,41900,665
2013/11/05,666,670,661,661,36600,661
2013/11/06,658,661,655,656,59300,656
2013/11/07,651,651,637,639,95200,639
2013/11/08,630,635,628,628,70300,628
2013/11/11,630,650,627,629,38800,629
2013/11/12,631,633,628,630,49100,630
2013/11/13,630,633,627,628,46900,628
2013/11/14,629,635,628,630,45700,630
2013/11/15,630,633,629,630,103200,630
2013/11/18,632,635,630,631,57200,631
2013/11/19,632,634,629,629,46300,629
2013/11/20,629,632,627,630,72200,630
2013/11/21,629,631,628,630,45400,630
2013/11/22,629,636,628,628,71100,628
2013/11/25,633,634,627,630,85000,630
2013/11/26,633,633,628,628,45900,628
2013/11/27,627,629,626,627,84700,627
2013/11/28,626,627,625,626,66200,626
2013/11/29,627,628,626,626,49700,626
2013/12/02,628,631,627,627,104700,627
2013/12/03,629,630,627,627,43600,627
2013/12/04,628,631,627,627,50100,627
2013/12/05,630,630,627,627,40600,627
2013/12/06,628,631,626,629,62100,629
2013/12/09,631,634,630,632,55600,632
2013/12/10,635,643,634,642,82200,642
2013/12/11,646,647,640,641,39200,641
2013/12/12,641,645,640,641,92300,641
2013/12/13,637,642,637,638,119300,638
2013/12/16,641,642,636,636,32600,636
2013/12/17,640,640,635,638,31500,638
2013/12/18,638,642,637,639,57100,639
2013/12/19,642,646,639,641,75200,641
2013/12/20,640,642,638,638,49600,638
2013/12/24,640,644,638,639,56200,639
2013/12/25,641,641,636,639,46600,639
2013/12/26,644,647,641,645,57600,645
2013/12/27,647,652,647,651,79300,651
2013/12/30,656,669,656,669,98200,669
2014/01/06,675,679,671,675,65000,675
2014/01/07,679,684,677,681,39500,681
2014/01/08,685,690,682,690,47400,690
2014/01/09,690,692,687,690,47600,690
2014/01/10,690,690,686,687,47800,687
2014/01/14,694,694,687,687,81900,687
2014/01/15,691,691,686,688,61900,688
2014/01/16,692,694,690,690,40600,690
2014/01/17,691,695,690,695,44400,695
2014/01/20,697,700,696,700,34800,700
2014/01/21,700,704,699,701,43200,701
2014/01/22,702,704,701,704,30000,704
2014/01/23,705,705,700,700,47700,700
2014/01/24,699,699,695,696,56200,696
2014/01/27,695,695,686,687,80800,687
2014/01/28,687,691,685,685,39300,685
2014/01/29,693,695,688,694,26600,694
2014/01/30,690,692,686,689,52600,689
2014/01/31,690,693,686,690,35200,690
2014/02/03,688,690,685,686,55900,686
2014/02/04,645,645,612,615,259400,615
2014/02/05,627,637,626,631,95300,631
2014/02/06,631,640,630,630,52100,630
2014/02/07,650,650,637,643,47000,643
2014/02/10,654,655,640,652,50600,652
2014/02/12,659,660,650,651,42500,651
2014/02/13,657,657,642,642,40200,642
2014/02/14,648,648,632,634,51100,634
2014/02/17,633,644,628,638,49000,638
2014/02/18,643,658,640,657,34000,657
2014/02/19,658,658,652,657,12400,657
2014/02/20,657,657,641,643,38000,643
2014/02/21,651,654,646,653,32700,653
2014/02/24,652,655,650,654,23300,654
2014/02/25,659,660,656,660,20400,660
2014/02/26,662,664,659,664,14600,664
2014/02/27,664,664,661,661,18700,661
2014/02/28,661,661,656,658,27000,658
2014/03/03,651,658,648,657,45800,657
2014/03/04,659,665,658,665,33000,665
2014/03/05,666,671,666,667,30600,667
2014/03/06,669,671,666,671,31500,671
2014/03/07,671,675,671,675,34600,675
2014/03/10,676,678,674,676,29600,676
2014/03/11,678,680,677,680,31300,680
2014/03/12,678,680,675,678,29600,678
2014/03/13,676,680,675,677,32000,677
2014/03/14,672,673,650,658,128300,658
2014/03/17,658,659,646,647,54900,647
2014/03/18,654,668,653,666,49200,666
2014/03/19,666,668,656,658,44700,658
2014/03/20,655,658,631,631,141000,631
2014/03/24,640,652,640,648,97400,648
2014/03/25,648,654,645,646,112100,646
2014/03/26,640,642,631,631,255800,631
2014/03/27,634,640,618,637,155700,637
2014/03/28,641,643,637,643,62300,643
2014/03/31,650,650,638,641,57700,641
2014/04/01,645,645,632,636,39000,636
2014/04/02,639,640,632,635,42300,635
2014/04/03,636,639,635,638,33600,638
2014/04/04,635,638,633,638,30700,638
2014/04/07,635,639,633,634,32500,634
2014/04/08,633,633,625,625,30900,625
2014/04/09,625,625,612,612,61400,612
2014/04/10,616,620,613,613,22400,613
2014/04/11,610,614,603,612,41400,612
2014/04/14,608,612,608,610,17100,610
2014/04/15,616,617,610,613,20300,613
2014/04/16,620,624,614,624,16900,624
2014/04/17,624,627,622,625,14500,625
2014/04/18,625,625,623,625,6700,625
2014/04/21,623,629,623,628,12500,628
2014/04/22,626,632,626,628,18900,628
2014/04/23,626,632,626,628,9200,628
2014/04/24,628,630,623,624,13800,624
2014/04/25,627,627,621,625,14000,625
2014/04/28,621,626,619,624,31800,624
2014/04/30,620,626,620,623,16700,623
2014/05/01,623,625,621,625,23400,625
2014/05/02,621,626,616,622,29600,622
2014/05/07,618,620,611,613,39300,613
2014/05/08,603,609,600,604,105100,604
2014/05/09,602,603,600,601,49600,601
2014/05/12,601,603,585,587,53000,587
2014/05/13,589,593,582,583,64700,583
2014/05/14,583,585,566,566,137100,566
2014/05/15,561,561,533,538,190000,538
2014/05/16,528,528,505,513,166000,513
2014/05/19,514,520,508,509,77000,509
2014/05/20,508,513,506,511,64100,511
2014/05/21,511,516,506,507,50300,507
2014/05/22,507,510,506,509,53600,509
2014/05/23,510,517,510,513,42900,513
2014/05/26,517,520,513,520,43100,520
2014/05/27,520,525,520,522,40100,522
2014/05/28,524,524,520,520,68800,520
2014/05/29,521,521,518,521,27300,521
2014/05/30,521,524,519,520,40000,520
2014/06/02,525,525,521,522,33900,522
2014/06/03,523,525,523,525,30500,525
2014/06/04,525,529,523,525,42300,525
2014/06/05,527,528,525,527,31600,527
2014/06/06,527,529,526,527,32300,527
2014/06/09,529,537,528,536,55800,536
2014/06/10,537,537,530,531,54300,531
2014/06/11,530,536,530,532,29700,532
2014/06/12,531,532,530,530,29700,530
2014/06/13,530,537,529,536,61300,536
2014/06/16,538,539,535,536,40900,536
2014/06/17,540,540,538,540,32000,540
2014/06/18,544,545,541,544,26800,544
2014/06/19,545,552,544,549,66600,549
2014/06/20,547,555,546,554,69800,554
2014/06/23,556,560,554,560,40200,560
2014/06/24,562,567,560,567,51000,567
2014/06/25,567,574,567,571,49300,571
2014/06/26,571,576,571,574,40000,574
2014/06/27,574,579,570,572,60000,572
2014/06/30,572,575,565,571,59300,571
2014/07/01,575,579,572,572,59000,572
2014/07/02,577,577,572,575,26300,575
2014/07/03,577,578,570,570,38800,570
2014/07/04,571,577,571,573,26900,573
2014/07/07,575,576,560,567,57200,567
2014/07/08,565,570,561,566,40300,566
2014/07/09,566,568,559,562,45000,562
2014/07/10,561,562,557,557,20300,557
2014/07/11,556,556,552,552,31300,552
2014/07/14,552,553,550,551,18300,551
2014/07/15,552,554,551,552,19300,552
2014/07/16,554,556,553,555,21100,555
2014/07/17,558,558,552,554,22400,554
2014/07/18,554,554,549,551,40800,551
2014/07/22,550,551,547,549,41700,549
2014/07/23,551,552,550,552,13800,552
2014/07/24,554,554,549,550,27300,550
2014/07/25,550,550,545,550,40000,550
2014/07/28,554,554,549,549,22500,549
2014/07/29,553,554,549,553,23500,553
2014/07/30,553,558,551,556,36900,556
2014/07/31,556,558,552,552,19500,552
2014/08/01,549,554,549,549,23300,549
2014/08/04,554,557,549,550,27200,550
2014/08/05,547,549,541,541,49600,541
2014/08/06,540,544,537,538,30600,538
2014/08/07,538,541,538,541,13400,541
2014/08/08,537,541,532,534,44500,534
2014/08/11,524,528,523,525,59700,525
2014/08/12,530,533,528,533,22000,533
2014/08/13,533,540,533,540,18300,540
2014/08/14,540,541,537,541,11600,541
2014/08/15,540,541,540,541,12300,541
2014/08/18,547,548,543,544,19000,544
2014/08/19,547,548,540,542,15900,542
2014/08/20,542,545,541,544,23100,544
2014/08/21,548,551,546,551,27500,551
2014/08/22,550,551,548,550,18900,550
2014/08/25,552,553,550,552,14500,552
2014/08/26,550,553,548,550,11800,550
2014/08/27,552,553,552,552,12900,552
2014/08/28,553,554,550,552,17900,552
2014/08/29,551,554,550,554,22800,554
2014/09/01,555,555,551,553,20100,553
2014/09/02,552,557,552,557,20200,557
2014/09/03,557,559,552,557,25200,557
2014/09/04,557,559,557,557,15000,557
2014/09/05,557,559,556,557,12000,557
2014/09/08,557,559,556,559,21900,559
2014/09/09,559,560,555,556,24700,556
2014/09/10,556,559,554,559,20400,559
2014/09/11,560,560,554,554,20400,554
2014/09/12,554,555,553,553,75400,553
2014/09/16,553,553,549,550,36600,550
2014/09/17,550,553,550,550,15200,550
2014/09/18,550,550,546,550,28300,550
2014/09/19,551,559,549,549,62200,549
2014/09/22,549,551,549,550,19200,550
2014/09/24,550,552,550,550,20800,550
2014/09/25,552,553,551,553,30600,553
2014/09/26,552,552,547,548,65200,548
2014/09/29,549,550,548,549,23400,549
2014/09/30,549,551,547,547,24000,547
2014/10/01,552,552,546,547,26100,547
2014/10/02,545,546,535,535,51900,535
2014/10/03,534,535,531,532,33400,532
2014/10/06,534,538,533,534,20100,534
2014/10/07,538,541,535,535,25500,535
2014/10/08,533,534,531,531,27600,531
2014/10/09,531,532,525,525,30600,525
2014/10/10,522,524,519,520,54300,520
2014/10/14,516,517,507,507,59900,507
2014/10/15,507,511,507,510,24100,510
2014/10/16,507,508,503,503,43400,503
2014/10/17,505,505,499,499,59000,499
2014/10/20,503,511,503,510,42200,510
2014/10/21,508,509,502,502,25200,502
2014/10/22,507,508,502,506,23800,506
2014/10/23,503,507,502,502,18600,502
2014/10/24,503,506,499,500,47400,500
2014/10/27,501,505,499,499,59200,499
2014/10/28,500,502,499,500,32000,500
2014/10/29,501,503,498,500,61800,500
2014/10/30,501,501,498,500,76900,500
2014/10/31,502,509,499,509,76400,509
2014/11/04,518,518,505,505,103200,505
2014/11/05,502,504,501,501,72500,501
2014/11/06,502,504,500,500,55800,500
2014/11/07,502,503,496,496,191300,496
2014/11/10,497,499,497,497,100900,497
2014/11/11,498,500,497,497,77400,497
2014/11/12,499,501,498,499,66200,499
2014/11/13,501,502,499,500,55100,500
2014/11/14,503,503,498,500,93900,500
2014/11/17,500,502,497,497,69800,497
2014/11/18,497,500,497,498,58500,498
2014/11/19,499,500,497,498,50600,498
2014/11/20,498,499,497,499,58000,499
2014/11/21,499,499,493,494,174000,494
2014/11/25,494,499,492,499,489300,499
2014/11/26,500,500,495,496,117800,496
2014/11/27,498,498,493,493,85300,493
2014/11/28,494,498,493,496,100200,496
2014/12/01,500,503,499,502,136300,502
2014/12/02,503,504,501,502,76400,502
2014/12/03,504,504,502,502,80300,502
2014/12/04,503,505,503,504,88300,504
2014/12/05,504,520,503,519,166700,519
2014/12/08,520,525,519,523,133800,523
2014/12/09,525,527,522,522,58500,522
2014/12/10,521,522,516,516,68700,516
2014/12/11,514,514,503,506,98800,506
2014/12/12,506,515,504,504,80200,504
2014/12/15,503,506,501,501,42400,501
2014/12/16,500,504,493,494,155300,494
2014/12/17,494,496,493,493,102700,493
2014/12/18,498,498,495,495,51500,495
2014/12/19,497,498,495,498,53700,498
2014/12/22,497,499,495,499,103600,499
2014/12/24,498,502,497,501,79400,501
2014/12/25,501,503,499,500,64000,500
2014/12/26,502,508,501,508,34300,508
2014/12/29,508,513,507,513,66800,513
2014/12/30,514,515,510,513,54800,513
2015/01/05,517,519,513,514,64200,514
2015/01/06,513,513,506,506,66400,506
2015/01/07,504,505,500,500,56400,500
2015/01/08,506,508,502,504,44700,504
2015/01/09,509,509,505,508,37900,508
2015/01/13,508,509,504,508,50300,508
2015/01/14,507,509,503,504,39200,504
2015/01/15,506,509,505,509,19000,509
2015/01/16,506,508,504,506,34100,506
2015/01/19,506,507,503,506,30100,506
2015/01/20,506,508,504,507,31800,507
2015/01/21,506,510,506,508,28900,508
2015/01/22,510,512,508,512,35400,512
2015/01/23,515,516,512,514,30700,514
2015/01/26,512,513,505,507,65600,507
2015/01/27,512,512,507,510,24000,510
2015/01/28,510,513,509,513,27300,513
2015/01/29,513,514,511,513,18100,513
2015/01/30,514,514,508,512,40800,512
2015/02/02,514,516,510,510,62600,510
2015/02/03,511,512,507,507,85900,507
2015/02/04,510,512,508,510,57700,510
2015/02/05,510,510,505,507,78500,507
2015/02/06,507,509,504,506,59200,506
2015/02/09,510,512,509,512,39200,512
2015/02/10,513,519,513,518,56300,518
2015/02/12,519,523,518,521,63400,521
2015/02/13,525,529,523,529,101400,529
2015/02/16,530,539,530,537,72800,537
2015/02/17,539,545,537,542,61500,542
2015/02/18,540,550,540,546,72600,546
2015/02/19,547,550,547,550,72800,550
2015/02/20,548,558,546,557,88100,557
2015/02/23,559,561,555,558,64200,558
2015/02/24,559,564,558,560,67400,560
2015/02/25,560,563,559,560,54700,560
2015/02/26,560,565,559,565,47400,565
2015/02/27,564,564,561,561,40500,561
2015/03/02,562,562,554,555,67000,555
2015/03/03,555,556,546,546,83000,546
2015/03/04,543,544,540,543,53000,543
2015/03/05,543,547,543,546,37400,546
2015/03/06,548,549,546,548,31000,548
2015/03/09,548,551,548,550,39000,550
2015/03/10,551,554,549,552,52400,552
2015/03/11,552,556,552,556,32000,556
2015/03/12,558,561,557,559,39000,559
2015/03/13,561,562,558,560,65700,560
2015/03/16,560,561,559,559,43900,559
2015/03/17,560,560,556,556,39900,556
2015/03/18,556,558,553,554,58800,554
2015/03/19,554,556,552,553,46300,553
2015/03/20,552,555,552,552,39300,552
2015/03/23,552,555,552,553,57900,553
2015/03/24,553,555,551,553,71100,553
2015/03/25,552,552,548,549,105400,549
2015/03/26,547,548,545,546,216600,546
2015/03/27,526,527,516,518,209100,518
2015/03/30,519,521,514,517,83800,517
2015/03/31,518,519,514,514,90400,514
2015/04/01,514,515,504,505,108300,505
2015/04/02,504,511,504,507,50300,507
2015/04/03,510,513,509,513,31000,513
2015/04/06,512,514,510,510,25000,510
2015/04/07,511,512,508,509,46400,509
2015/04/08,510,513,509,513,66200,513
2015/04/09,515,515,510,511,49500,511
2015/04/10,510,510,508,508,68200,508
2015/04/13,508,509,506,507,35800,507
2015/04/14,507,509,506,508,20700,508
2015/04/15,508,510,508,508,16400,508
2015/04/16,508,511,508,511,33900,511
2015/04/17,511,517,511,512,51800,512
2015/04/20,512,513,509,512,26900,512
2015/04/21,512,515,511,515,39600,515
2015/04/22,513,517,513,517,34400,517
2015/04/23,517,519,516,517,30700,517
2015/04/24,518,519,517,517,24500,517
2015/04/27,518,521,517,521,31800,521
2015/04/28,519,521,510,517,102900,517
2015/04/30,515,516,513,513,26000,513
2015/05/01,512,513,510,511,44400,511
2015/05/07,512,519,512,518,49000,518
2015/05/08,513,520,511,519,89300,519
2015/05/11,520,521,516,520,61400,520
2015/05/12,517,520,515,518,40000,518
2015/05/13,519,519,514,516,32700,516
2015/05/14,516,518,514,515,34800,515
2015/05/15,515,518,515,518,22300,518
2015/05/18,519,519,515,518,26200,518
2015/05/19,516,520,516,520,26000,520
2015/05/20,522,524,518,521,36900,521
2015/05/21,517,523,517,519,28100,519
2015/05/22,519,521,517,518,32700,518
2015/05/25,521,522,517,518,20600,518
2015/05/26,519,521,516,516,51700,516
2015/05/27,517,518,515,516,38400,516
2015/05/28,518,518,516,516,12700,516
2015/05/29,516,517,515,515,26600,515
2015/06/01,515,517,515,515,30000,515
2015/06/02,515,517,514,514,22200,514
2015/06/03,515,516,514,515,17700,515
2015/06/04,515,517,515,516,33700,516
2015/06/05,516,518,515,517,21300,517
2015/06/08,517,518,516,516,20100,516
2015/06/09,516,518,515,515,25600,515
2015/06/10,514,515,512,512,30100,512
2015/06/11,512,514,511,511,34700,511
2015/06/12,511,512,508,509,87300,509
2015/06/15,510,512,508,509,19600,509
2015/06/16,509,510,508,508,21900,508
2015/06/17,508,510,508,508,14400,508
2015/06/18,508,509,506,506,36300,506
2015/06/19,507,510,501,501,129400,501
2015/06/22,504,507,502,503,64200,503
2015/06/23,504,510,503,510,57900,510
2015/06/24,508,511,508,511,41000,511
2015/06/25,511,512,508,508,36400,508
2015/06/26,511,512,508,508,21300,508
2015/06/29,507,508,504,505,41600,505
2015/06/30,505,510,505,510,28300,510
2015/07/01,511,512,509,510,27800,510
2015/07/02,512,513,511,513,26500,513
2015/07/03,513,514,511,511,22900,511
2015/07/06,511,513,507,508,44200,508
2015/07/07,510,512,506,508,31700,508
2015/07/08,508,511,504,504,53900,504
2015/07/09,501,503,500,502,110700,502
2015/07/10,511,511,500,502,49300,502
2015/07/13,503,512,503,509,28200,509
2015/07/14,513,515,510,513,31700,513
2015/07/15,515,517,510,511,44000,511
2015/07/16,514,515,511,514,26900,514
2015/07/17,514,515,513,514,10100,514
2015/07/21,514,515,511,512,21100,512
2015/07/22,512,515,510,514,15800,514
2015/07/23,514,516,513,515,12800,515
2015/07/24,515,516,513,514,16500,514
2015/07/27,513,513,510,510,25800,510
2015/07/28,509,511,509,509,17000,509
2015/07/29,510,510,508,509,21500,509
2015/07/30,509,510,507,507,23400,507
2015/07/31,510,510,507,510,26500,510
2015/08/03,509,511,509,511,13800,511
2015/08/04,511,512,510,512,22200,512
2015/08/05,510,512,507,510,35000,510
2015/08/06,511,513,511,513,28500,513
2015/08/07,511,512,510,511,17000,511
2015/08/10,512,514,511,513,36600,513
2015/08/11,514,514,512,512,24000,512
2015/08/12,512,512,510,510,16000,510
2015/08/13,510,511,507,508,40100,508
2015/08/14,508,510,507,509,12400,509
2015/08/17,510,511,508,510,23700,510
2015/08/18,510,510,508,509,14900,509
2015/08/19,508,510,508,508,25300,508
2015/08/20,509,511,507,507,24000,507
2015/08/21,505,507,501,501,62500,501
2015/08/24,500,501,492,492,116600,492
2015/08/25,480,495,471,480,113400,480
2015/08/26,482,494,479,489,54600,489
2015/08/27,495,506,492,500,42800,500
2015/08/28,506,508,505,508,45000,508
2015/08/31,509,510,505,508,46000,508
2015/09/01,509,509,500,501,38000,501
2015/09/02,497,502,492,497,38500,497
2015/09/03,498,501,496,499,23800,499
2015/09/04,500,502,492,493,37700,493
2015/09/07,493,499,490,497,28700,497
2015/09/08,495,498,491,492,24200,492
2015/09/09,501,501,495,501,25200,501
2015/09/10,497,506,495,504,34800,504
2015/09/11,500,506,500,503,66500,503
2015/09/14,505,505,498,499,11500,499
2015/09/15,499,501,497,497,18800,497
2015/09/16,502,502,495,498,15300,498
2015/09/17,498,505,498,504,22500,504
2015/09/18,504,504,496,501,23600,501
2015/09/24,495,502,494,494,32300,494
2015/09/25,494,503,493,503,33600,503
2015/09/28,495,501,492,498,29300,498
2015/09/29,494,496,486,486,40700,486
2015/09/30,490,493,487,487,16700,487
2015/10/01,495,496,489,492,18900,492
2015/10/02,492,497,490,496,17100,496
2015/10/05,496,500,496,498,23900,498
2015/10/06,500,500,498,499,22200,499
2015/10/07,500,500,497,500,14600,500
2015/10/08,498,499,496,496,19500,496
2015/10/09,496,499,496,499,18700,499
2015/10/13,498,500,498,499,16500,499
2015/10/14,496,498,495,495,29200,495
2015/10/15,494,499,494,499,20700,499
2015/10/16,500,500,491,494,45300,494
2015/10/19,495,497,491,493,22700,493
2015/10/20,492,495,492,494,21200,494
2015/10/21,496,498,495,498,30000,498
2015/10/22,497,499,496,497,14600,497
2015/10/23,500,500,497,500,24700,500
2015/10/26,500,503,500,502,19200,502
2015/10/27,502,504,501,502,18400,502
2015/10/28,503,504,501,502,17800,502
2015/10/29,500,501,498,498,25200,498
2015/10/30,501,503,499,503,25200,503
2015/11/02,502,502,498,499,22900,499
2015/11/04,501,502,496,497,36200,497
2015/11/05,496,499,495,495,23700,495
2015/11/06,498,499,496,497,21900,497
2015/11/09,498,499,497,498,25600,498
2015/11/10,497,499,497,497,14500,497
2015/11/11,497,500,497,497,22400,497
2015/11/12,498,502,498,498,36900,498
2015/11/13,498,501,498,500,22700,500
2015/11/16,498,501,497,499,23100,499
2015/11/17,500,500,498,500,28300,500
2015/11/18,501,502,498,500,32200,500
2015/11/19,503,503,501,502,19300,502
2015/11/20,503,505,501,505,28000,505
2015/11/24,505,507,504,507,43600,507
2015/11/25,507,507,503,504,21800,504
2015/11/26,504,505,502,502,22000,502
2015/11/27,503,503,501,502,16200,502
2015/11/30,502,503,501,503,17700,503
2015/12/01,503,504,502,503,23100,503
2015/12/02,504,504,501,502,17500,502
2015/12/03,501,502,500,502,33600,502
2015/12/04,501,502,500,501,25300,501
2015/12/07,501,503,500,501,41500,501
2015/12/08,503,503,500,500,37500,500
2015/12/09,500,502,499,499,41300,499
2015/12/10,500,501,498,499,31100,499
2015/12/11,499,502,499,500,59900,500
2015/12/14,498,498,496,496,41300,496
2015/12/15,496,498,495,495,26600,495
2015/12/16,497,497,495,497,23500,497
2015/12/17,499,500,497,498,33000,498
2015/12/18,498,500,496,496,38000,496
2015/12/21,495,496,493,493,46700,493
2015/12/22,495,495,493,493,33300,493
2015/12/24,494,495,490,490,59200,490
2015/12/25,490,490,485,486,83900,486
2015/12/28,490,495,487,495,22600,495
2015/12/29,495,501,493,500,31200,500
2015/12/30,500,503,499,503,31100,503
2016/01/04,503,503,501,501,24600,501
2016/01/05,500,505,500,503,32300,503
2016/01/06,503,504,501,503,24200,503
2016/01/07,502,504,499,499,34900,499
2016/01/08,498,502,496,498,43200,498
2016/01/12,497,498,491,491,51400,491
2016/01/13,493,497,490,493,25000,493
2016/01/14,490,492,486,489,55800,489
2016/01/15,494,496,487,488,36700,488
2016/01/18,486,494,485,490,38900,490
2016/01/19,491,491,487,487,24000,487
2016/01/20,491,491,485,485,47700,485
2016/01/21,485,491,479,479,71300,479
2016/01/22,484,495,480,493,41200,493
2016/01/25,495,495,489,492,30300,492
2016/01/26,492,494,490,490,17300,490
2016/01/27,494,497,491,497,15800,497
2016/01/28,497,500,495,499,23400,499
2016/01/29,500,504,493,503,37400,503
2016/02/01,504,505,504,505,38200,505
2016/02/02,504,504,501,503,13400,503
2016/02/03,500,501,496,501,29500,501
2016/02/04,500,502,497,499,14300,499
2016/02/05,496,499,491,494,23300,494
2016/02/08,494,502,493,499,18600,499
2016/02/09,492,494,486,488,59200,488
2016/02/10,491,494,476,477,63800,477
2016/02/12,470,473,450,450,91900,450
2016/02/15,457,463,455,460,48100,460
2016/02/16,458,458,453,454,80100,454
2016/02/17,453,460,452,455,61300,455
2016/02/18,458,464,456,463,40000,463
2016/02/19,461,468,461,464,56400,464
2016/02/22,465,470,464,467,24500,467
2016/02/23,470,471,465,465,20700,465
2016/02/24,465,475,465,470,32200,470
2016/02/25,474,477,467,471,49100,471
2016/02/26,476,478,471,474,24600,474
2016/02/29,480,481,474,474,37500,474
2016/03/01,474,474,466,470,39700,470
2016/03/02,475,478,471,476,34300,476
2016/03/03,475,480,475,479,33900,479
2016/03/04,479,482,477,482,29900,482
2016/03/07,483,487,482,486,30700,486
2016/03/08,486,489,483,488,40200,488
2016/03/09,487,488,483,488,25900,488
2016/03/10,490,493,489,492,36300,492
2016/03/11,488,498,488,497,46800,497
2016/03/14,497,500,497,499,45900,499
2016/03/15,499,500,497,498,30600,498
2016/03/16,495,500,493,496,30200,496
2016/03/17,496,499,493,497,48300,497
2016/03/18,494,495,490,492,37900,492
2016/03/22,491,498,491,496,41000,496
2016/03/23,496,497,494,497,37600,497
2016/03/24,496,497,491,491,71000,491
2016/03/25,492,492,488,488,72500,488
2016/03/28,488,488,480,485,286500,485
2016/03/29,475,477,470,473,144500,473
2016/03/30,474,488,474,481,84500,481
2016/03/31,481,482,474,480,48400,480
2016/04/01,479,479,468,468,60900,468
2016/04/04,469,479,466,479,53800,479
2016/04/05,476,477,466,466,31500,466
2016/04/06,466,473,466,469,27700,469
2016/04/07,468,472,466,468,17100,468
2016/04/08,464,472,463,469,29200,469
2016/04/11,469,469,462,465,22000,465
2016/04/12,466,471,466,467,18600,467
2016/04/13,470,477,470,475,20200,475
2016/04/14,479,482,476,482,38900,482
2016/04/15,480,482,477,481,18200,481
2016/04/18,471,479,471,471,17100,471
2016/04/19,479,479,473,475,14300,475
2016/04/20,478,484,476,482,42000,482
2016/04/21,485,486,483,486,24400,486
2016/04/22,484,487,483,487,18800,487
2016/04/25,487,487,475,480,42800,480
2016/04/26,480,482,475,480,16100,480
2016/04/27,482,482,476,478,11300,478
2016/04/28,480,487,474,475,36600,475
2016/05/02,472,472,468,470,27600,470
2016/05/06,468,470,465,466,23700,466
2016/05/09,460,463,454,457,87300,457
2016/05/10,457,466,457,466,29900,466
2016/05/11,467,470,462,463,23700,463
2016/05/12,461,464,459,464,13100,464
2016/05/13,464,464,460,461,15600,461
2016/05/16,462,463,460,461,9600,461
2016/05/17,462,462,457,458,20900,458
2016/05/18,457,459,455,455,13600,455
2016/05/19,456,460,456,459,13900,459
2016/05/20,459,462,458,460,11000,460
2016/05/23,459,460,455,456,20000,456
2016/05/24,456,458,456,456,6100,456
2016/05/25,459,460,458,459,13000,459
2016/05/26,461,461,459,460,11100,460
2016/05/27,460,462,459,461,12600,461
2016/05/30,463,464,462,463,18700,463
2016/05/31,464,465,462,464,16000,464
2016/06/01,465,466,463,465,16900,465
2016/06/02,463,468,462,462,24500,462
2016/06/03,464,468,463,467,28900,467
2016/06/06,462,468,460,468,19600,468
2016/06/07,468,470,466,470,14600,470
2016/06/08,472,475,470,475,20700,475
2016/06/09,470,470,464,465,26900,465
2016/06/10,459,462,456,458,58500,458
2016/06/13,452,454,450,450,41500,450
2016/06/14,451,452,445,448,46200,448
2016/06/15,447,450,443,448,15900,448
2016/06/16,448,450,441,441,23500,441
2016/06/17,444,452,441,452,25700,452
2016/06/20,448,454,445,448,36100,448
2016/06/21,445,452,445,451,19400,451
2016/06/22,448,450,443,450,24900,450
2016/06/23,450,452,447,452,17800,452
2016/06/24,452,452,410,421,66700,421
2016/06/27,420,436,420,425,25600,425
2016/06/28,426,435,417,430,36600,430
2016/06/29,433,434,426,434,18000,434
2016/06/30,437,440,433,439,15000,439
2016/07/01,437,438,431,435,24700,435
2016/07/04,431,433,429,433,19400,433
2016/07/05,429,431,428,429,25500,429
2016/07/06,428,428,422,425,27800,425
2016/07/07,425,428,422,424,16700,424
2016/07/08,423,423,419,419,27300,419
2016/07/11,430,430,421,424,31200,424
2016/07/12,429,432,425,432,24200,432
2016/07/13,434,440,432,437,23600,437
2016/07/14,440,444,439,441,15300,441
2016/07/15,445,445,440,440,17300,440
2016/07/19,439,439,436,436,11800,436
2016/07/20,436,436,431,436,12300,436
2016/07/21,436,436,432,436,10900,436
2016/07/22,433,437,432,437,8300,437
2016/07/25,436,437,432,437,16900,437
2016/07/26,435,438,435,435,13700,435
2016/07/27,438,438,435,437,10400,437
2016/07/28,437,440,436,439,20300,439
2016/07/29,439,442,434,442,10700,442
2016/08/01,442,443,435,441,11100,441
2016/08/02,439,439,436,436,10100,436
2016/08/03,433,437,432,436,11500,436
2016/08/04,438,438,428,432,21600,432
2016/08/05,433,436,431,432,7600,432
2016/08/08,433,438,432,438,11100,438
2016/08/09,438,439,435,437,10400,437
2016/08/10,434,435,432,434,11900,434
2016/08/12,436,438,436,438,6300,438
2016/08/15,437,437,433,434,10900,434
2016/08/16,432,433,427,427,29500,427
2016/08/17,426,429,424,426,20400,426
2016/08/18,425,426,422,422,17100,422
2016/08/19,422,426,421,421,22200,421
2016/08/22,421,422,418,421,27400,421
2016/08/23,419,421,418,418,16200,418
2016/08/24,418,420,418,418,11800,418
2016/08/25,419,420,415,418,18400,418
2016/08/26,416,419,416,418,13000,418
2016/08/29,420,422,418,421,18800,421
2016/08/30,420,421,417,418,10400,418
2016/08/31,420,421,416,420,14100,420
2016/09/01,421,421,417,419,19700,419
2016/09/02,416,420,416,417,16800,417
2016/09/05,420,420,415,416,30300,416
2016/09/06,415,420,415,418,19800,418
2016/09/07,416,420,416,420,20500,420
2016/09/08,419,420,416,417,23700,417
2016/09/09,417,420,417,417,37700,417
2016/09/12,416,418,415,418,16200,418
2016/09/13,419,419,416,417,17300,417
2016/09/14,417,419,415,416,21300,416
2016/09/15,416,418,415,415,17800,415
2016/09/16,417,419,415,415,47300,415
2016/09/20,414,416,409,409,63000,409
2016/09/21,409,414,409,414,41300,414
2016/09/23,413,413,410,413,45300,413
2016/09/26,412,413,409,410,29600,410
2016/09/27,409,412,408,412,47300,412
2016/09/28,410,413,409,412,15200,412
2016/09/29,412,413,409,411,33700,411
2016/09/30,410,411,408,410,32700,410
2016/10/03,410,410,408,408,22600,408
2016/10/04,407,409,406,407,40300,407
2016/10/05,408,410,408,409,18800,409
2016/10/06,409,409,407,408,24100,408
2016/10/07,407,408,406,408,21000,408
2016/10/11,406,408,405,406,37900,406
2016/10/12,405,406,404,405,41700,405
2016/10/13,404,406,403,404,31800,404
2016/10/17,404,405,403,405,14100,405
2016/10/19,405,406,403,405,27300,405
2016/10/20,405,406,404,405,18900,405
2016/10/21,406,407,405,407,29300,407
2016/10/24,409,410,406,409,24500,409
2016/10/25,409,410,407,409,35300,409
2016/10/26,409,411,407,409,38700,409
2016/10/27,410,411,409,410,15800,410
2016/10/28,410,412,408,412,44600,412
2016/10/31,410,413,410,413,14800,413
2016/11/01,414,414,411,414,26600,414
2016/11/02,408,409,405,407,51100,407
2016/11/04,405,407,402,403,49600,403
2016/11/07,406,406,402,402,38900,402
2016/11/08,402,405,401,404,24500,404
2016/11/09,405,406,398,398,61100,398
2016/11/10,404,406,403,405,42900,405
2016/11/11,407,408,399,402,56300,402
2016/11/14,402,403,400,400,40400,400
2016/11/15,402,403,400,400,33800,400
2016/11/16,401,403,401,402,27100,402
2016/11/17,402,402,399,400,55300,400
2016/11/18,402,402,401,401,34100,401
2016/11/21,401,403,401,402,35500,402
2016/11/22,402,404,401,403,32700,403
2016/11/24,404,404,401,403,41300,403
2016/11/25,403,403,401,402,60200,402
2016/11/28,401,403,401,402,59600,402
2016/11/29,401,404,401,403,42700,403
2016/11/30,403,404,402,404,42900,404
2016/12/01,404,405,403,405,59100,405
2016/12/02,404,406,403,404,45400,404
2016/12/05,404,404,402,402,37500,402
2016/12/06,402,403,401,401,39100,401
2016/12/07,403,403,402,403,37100,403
2016/12/08,403,405,402,403,52300,403
2016/12/09,403,404,402,404,65100,404
2016/12/12,403,404,402,404,44100,404
2016/12/13,404,408,403,406,128900,406
2016/12/14,406,407,405,407,55800,407
2016/12/15,406,408,402,403,103100,403
2016/12/16,404,405,402,404,72800,404
2016/12/19,403,405,402,404,51800,404
2016/12/20,404,405,403,405,62400,405
2016/12/21,405,406,403,404,75900,404
2016/12/22,404,406,403,405,59500,405
2016/12/26,404,404,402,404,88800,404
2016/12/27,403,404,401,403,72000,403
2016/12/28,404,405,402,405,28700,405
2016/12/29,405,406,403,406,74900,406
2016/12/30,406,407,404,407,36600,407
2017/01/04,408,409,407,409,48000,409
2017/01/05,409,414,409,414,78700,414
2017/01/06,412,419,411,418,55100,418
2017/01/10,419,423,419,423,67800,423
2017/01/11,424,425,418,419,47500,419
2017/01/12,418,418,414,414,59200,414
2017/01/13,413,415,412,413,39500,413
2017/01/16,413,417,413,415,26700,415
2017/01/17,415,415,412,412,22800,412
2017/01/18,412,413,408,408,34800,408
2017/01/19,409,414,409,414,24700,414
2017/01/20,415,418,415,417,24000,417
2017/01/23,421,424,419,422,58700,422
2017/01/24,424,426,423,425,67000,425
2017/01/25,428,430,427,429,53900,429
2017/01/26,432,438,431,437,52600,437
2017/01/27,440,441,438,439,44300,439
2017/01/30,442,444,440,441,74400,441
2017/01/31,441,443,441,442,32700,442
2017/02/01,443,443,439,439,53800,439
2017/02/02,439,440,435,435,45100,435
2017/02/03,438,440,436,437,27100,437
2017/02/06,440,440,437,438,32600,438
2017/02/07,439,439,438,438,19000,438
2017/02/08,439,440,438,438,22200,438
2017/02/09,440,443,439,443,35700,443
2017/02/10,443,445,442,444,40900,444
2017/02/13,447,448,445,448,43100,448
2017/02/14,447,447,442,442,65800,442
2017/02/15,447,452,445,451,64700,451
2017/02/16,451,453,450,451,41000,451
2017/02/17,450,454,448,454,24300,454
2017/02/20,452,453,450,453,46600,453
2017/02/21,455,456,453,456,43200,456
2017/02/22,456,457,452,453,44200,453
2017/02/23,454,456,453,456,33700,456
2017/02/24,455,458,455,457,32700,457
2017/02/27,458,458,454,457,39900,457
2017/02/28,458,467,456,465,87100,465
2017/03/01,466,467,461,466,49900,466
2017/03/02,466,468,462,463,71200,463
2017/03/03,464,466,460,460,77800,460
2017/03/06,463,463,456,456,62700,456
2017/03/07,456,458,455,456,35800,456
2017/03/08,458,461,456,457,62300,457
2017/03/09,458,458,455,456,59500,456
2017/03/10,459,459,455,455,82900,455
2017/03/13,456,457,455,456,40000,456
2017/03/14,457,457,454,454,55200,454
2017/03/15,454,454,451,453,61500,453
2017/03/16,453,453,450,453,72500,453
2017/03/17,453,461,450,461,367400,461
2017/03/21,460,460,456,458,78400,458
2017/03/22,455,455,452,453,75100,453
2017/03/23,453,455,451,452,73100,452
2017/03/24,452,453,448,449,174000,449
2017/03/27,448,449,445,446,117700,446
2017/03/28,447,450,440,443,314300,443
2017/03/29,425,433,424,429,194100,429
2017/03/30,427,433,427,432,64300,432
2017/03/31,431,435,429,429,62800,429
2017/04/03,428,432,427,430,44800,430
2017/04/04,431,433,428,432,49500,432
2017/04/05,430,432,428,431,32700,431
2017/04/06,428,428,424,425,49200,425
2017/04/07,424,426,423,423,39100,423
2017/04/10,423,428,422,425,22500,425
2017/04/11,427,429,425,425,20100,425
2017/04/12,425,425,421,423,29100,423
2017/04/13,421,424,420,423,25600,423
2017/04/14,421,424,420,421,20200,421
2017/04/17,421,425,420,421,24600,421
2017/04/18,421,424,420,422,23700,422
2017/04/19,422,424,421,421,20900,421
2017/04/20,424,424,420,422,23800,422
2017/04/21,422,423,420,423,24000,423
2017/04/24,425,428,425,427,23800,427
2017/04/25,430,432,429,432,29000,432
2017/04/26,433,437,432,435,43600,435
2017/04/27,435,438,433,435,34300,435
2017/04/28,433,437,433,435,17600,435
2017/05/01,434,439,434,437,23200,437
2017/05/02,438,440,437,440,35100,440
2017/05/08,440,443,440,443,44300,443
2017/05/09,443,444,441,444,20600,444
2017/05/10,441,444,440,442,31800,442
2017/05/11,441,443,441,443,19800,443
2017/05/12,441,443,440,443,24100,443
2017/05/15,441,441,434,437,37700,437
2017/05/16,432,437,432,433,24100,433
2017/05/17,433,436,430,431,35900,431
2017/05/18,429,430,428,429,20700,429
2017/05/19,431,432,429,431,18500,431
2017/05/22,433,435,431,434,24100,434
2017/05/23,436,436,428,429,46800,429
2017/05/24,433,435,430,431,14900,431
2017/05/25,432,434,432,432,11400,432
2017/05/26,431,434,427,427,40800,427
2017/05/29,429,433,427,428,23100,428
2017/05/30,428,430,427,428,13400,428
2017/05/31,427,428,425,425,25400,425
2017/06/01,428,430,427,428,19600,428
2017/06/02,429,432,429,432,23600,432
2017/06/05,433,433,431,433,11600,433
2017/06/06,435,435,433,435,14700,435
2017/06/07,436,437,435,437,28500,437
2017/06/08,437,438,436,436,14900,436
2017/06/09,436,437,435,437,26000,437
2017/06/12,438,438,436,436,11000,436
2017/06/13,436,437,435,436,10100,436
2017/06/14,436,436,434,434,13400,434
2017/06/15,434,436,434,435,14600,435
2017/06/16,435,436,432,435,14400,435
2017/06/19,436,438,436,437,21500,437
2017/06/20,436,438,435,438,31100,438
2017/06/21,438,438,437,437,10200,437
2017/06/22,439,442,438,440,41400,440
2017/06/23,441,442,440,441,16000,441
2017/06/26,443,444,442,442,15400,442
2017/06/27,442,444,441,444,21000,444
2017/06/28,444,444,442,442,10800,442
2017/06/29,443,443,436,440,25000,440
2017/06/30,441,443,440,442,18400,442
2017/07/03,443,443,442,442,21300,442
2017/07/04,443,443,440,440,22100,440
2017/07/05,440,442,440,441,19000,441
2017/07/06,440,441,438,440,19700,440
2017/07/07,441,441,438,438,40900,438
2017/07/10,440,441,438,440,25900,440
2017/07/11,440,442,439,441,11000,441
2017/07/12,441,442,439,440,15600,440
2017/07/13,441,442,437,439,24900,439
2017/07/14,439,441,439,440,9900,440
2017/07/18,440,442,440,441,16200,441
2017/07/19,442,442,441,441,22900,441
2017/07/20,441,442,440,442,13100,442
2017/07/21,442,442,441,442,21300,442
2017/07/24,442,442,441,442,21800,442
2017/07/25,442,442,440,441,13800,441
2017/07/26,442,442,441,442,8900,442
2017/07/27,442,444,442,442,26100,442
2017/07/28,442,443,442,443,15100,443
2017/07/31,443,443,442,442,17700,442
2017/08/01,441,442,440,442,34500,442
2017/08/02,442,442,440,442,11300,442
2017/08/03,442,442,440,442,12500,442
2017/08/04,441,442,441,442,11400,442
2017/08/07,442,442,441,442,15500,442
2017/08/08,441,442,441,442,7400,442
2017/08/09,442,442,440,442,13400,442
2017/08/10,440,442,440,442,10900,442
2017/08/14,440,441,439,440,23700,440
2017/08/15,442,442,440,441,15000,441
2017/08/16,440,442,440,440,15400,440
2017/08/17,441,442,439,442,20800,442
2017/08/18,441,443,440,442,20700,442
2017/08/21,441,443,439,439,19300,439
2017/08/22,439,440,438,438,12600,438
2017/08/23,440,440,438,438,21000,438
2017/08/24,437,440,437,440,11900,440
2017/08/25,440,441,437,440,10300,440
2017/08/28,440,440,437,439,33100,439
2017/08/29,438,440,438,440,12100,440
2017/08/30,441,442,440,442,23300,442
2017/08/31,442,443,441,443,31600,443
2017/09/01,443,443,441,441,13100,441
2017/09/04,441,442,439,441,21500,441
2017/09/05,442,442,437,438,21800,438
2017/09/06,437,438,432,432,33400,432
2017/09/07,433,436,432,433,12400,433
2017/09/08,432,435,432,435,28500,435
2017/09/11,438,438,435,437,12600,437
2017/09/12,437,437,434,436,16000,436
2017/09/13,440,440,436,439,14800,439
2017/09/14,437,439,437,437,10500,437
2017/09/15,439,439,432,437,35000,437
2017/09/19,440,440,438,440,29200,440
2017/09/20,440,440,438,440,20400,440
2017/09/21,439,440,437,439,22600,439
2017/09/22,439,440,437,439,22200,439
2017/09/25,439,440,437,440,23800,440
2017/09/26,440,440,437,439,30800,439
2017/09/27,440,440,435,437,25500,437
2017/09/28,438,439,436,438,30600,438
2017/09/29,436,438,436,436,29100,436
2017/10/02,437,437,435,436,21200,436
2017/10/03,438,439,434,436,41000,436
2017/10/04,437,437,436,437,13500,437
2017/10/05,436,437,433,436,32300,436
2017/10/06,435,437,435,436,23000,436
2017/10/10,436,437,434,436,27500,436
2017/10/11,438,438,437,438,17200,438
2017/10/12,439,440,437,439,23600,439
2017/10/13,440,440,438,439,15400,439
2017/10/16,439,440,438,439,42100,439
2017/10/17,440,440,438,440,16300,440
2017/10/18,440,441,433,439,57700,439
2017/10/19,439,440,437,439,16600,439
2017/10/20,439,440,439,439,12200,439
2017/10/23,440,442,440,440,25900,440
2017/10/24,441,442,439,442,21500,442
2017/10/25,441,442,439,440,36000,440
2017/10/26,441,441,440,440,13900,440
2017/10/27,441,441,439,440,21000,440
2017/10/30,442,442,438,440,76100,440
2017/10/31,440,440,438,440,20100,440
2017/11/01,440,441,439,440,48000,440
2017/11/02,440,440,439,440,16000,440
2017/11/06,441,441,439,440,32700,440
2017/11/07,439,441,439,441,25400,441
2017/11/08,440,441,440,441,26900,441
2017/11/09,441,442,439,442,46100,442
2017/11/10,440,441,439,440,25000,440
2017/11/13,438,441,437,440,28100,440
2017/11/15,432,434,431,431,43600,431
2017/11/16,431,432,430,430,25900,430
2017/11/17,430,433,428,428,64200,428
2017/11/20,430,430,427,429,42200,429
2017/11/21,430,435,430,435,36700,435
2017/11/22,438,440,436,437,46800,437
2017/11/24,441,442,439,441,68900,441
2017/11/27,441,443,441,442,73200,442
2017/11/28,442,443,440,441,48000,441
2017/11/29,442,443,437,441,38900,441
2017/11/30,442,442,438,440,28900,440
2017/12/01,441,441,439,441,38400,441
2017/12/04,442,442,440,441,43200,441
2017/12/05,441,442,440,442,25000,442
2017/12/06,442,442,440,441,32100,441
2017/12/07,441,442,440,441,21500,441
2017/12/08,440,443,440,441,50100,441
2017/12/11,442,443,440,443,49900,443
2017/12/12,443,444,442,443,47300,443
2017/12/13,444,444,443,443,29900,443
2017/12/14,445,445,444,445,33200,445
2017/12/15,445,445,438,440,114400,440
2017/12/18,440,440,438,438,38900,438
2017/12/19,438,440,438,439,26000,439
2017/12/20,440,440,439,439,27000,439
2017/12/21,439,440,439,439,24000,439
2017/12/22,439,440,438,439,48200,439
2017/12/25,439,440,438,440,54200,440
2017/12/26,440,440,439,440,59200,440
2017/12/27,440,441,439,440,56000,440
2017/12/28,440,444,439,442,60100,442
2017/12/29,444,448,443,448,49400,448
2018/01/04,450,453,450,453,50200,453
2018/01/05,454,456,454,455,48600,455
2018/01/09,457,462,457,460,72400,460
2018/01/10,462,466,461,466,63100,466
2018/01/11,467,473,467,473,95100,473
2018/01/12,470,474,470,474,66700,474
2018/01/15,477,484,476,484,73200,484
2018/01/16,482,483,473,474,73100,474
2018/01/17,473,473,463,463,65700,463
2018/01/18,465,465,458,458,56700,458
2018/01/19,459,463,459,463,17300,463
2018/01/22,467,469,463,469,61000,469
2018/01/23,470,475,470,475,38300,475
2018/01/24,474,474,469,469,50300,469
2018/01/25,470,470,465,465,45300,465
2018/01/26,465,468,465,466,39600,466
2018/01/29,468,470,466,467,38900,467
2018/01/30,468,470,466,467,44000,467
2018/01/31,467,469,466,466,44700,466
2018/02/01,467,468,465,468,50500,468
2018/02/02,467,472,467,471,31100,471
2018/02/05,468,469,465,465,55300,465
2018/02/06,460,460,445,448,158600,448
2018/02/07,455,464,452,453,65300,453
2018/02/08,457,462,456,459,31100,459
2018/02/09,453,456,451,455,40800,455
2018/02/13,456,458,453,453,48000,453
2018/02/14,457,467,456,463,57300,463
2018/02/15,465,465,462,462,33100,462
2018/02/16,468,468,465,466,32600,466
2018/02/19,467,469,466,469,33100,469
2018/02/20,470,472,469,472,27000,472
2018/02/21,472,474,470,472,39900,472
2018/02/22,471,474,470,474,15300,474
2018/02/23,474,475,473,474,21600,474
2018/02/26,475,483,475,479,92400,479
2018/02/27,482,483,480,481,33000,481
2018/02/28,481,483,480,480,40400,480
2018/03/01,483,484,480,481,42200,481
2018/03/02,480,481,475,479,66600,479
2018/03/05,479,484,478,483,52500,483
2018/03/06,485,487,479,479,79500,479
2018/03/07,481,484,479,479,46200,479
2018/03/08,478,480,477,477,71400,477
2018/03/09,480,483,477,480,86000,480
2018/03/12,481,484,481,481,105000,481
2018/03/13,481,481,477,478,60600,478
2018/03/14,478,479,476,477,38800,477
2018/03/15,479,480,475,479,83600,479
2018/03/16,477,479,476,476,93800,476
2018/03/19,476,478,472,476,107000,476
2018/03/20,473,476,473,475,58700,475
2018/03/22,476,479,475,476,150000,476
2018/03/23,475,475,470,470,143200,470
2018/03/26,469,469,465,467,175600,467
2018/03/27,470,478,460,460,355900,460
2018/03/28,445,446,437,444,268300,444
2018/03/29,445,447,439,444,79900,444
2018/03/30,447,449,444,445,56000,445
2018/04/02,448,448,443,444,49500,444
2018/04/03,444,449,444,448,57900,448
2018/04/04,448,455,447,454,59000,454
2018/04/05,458,459,453,459,63100,459
2018/04/06,459,459,457,457,29100,457
2018/04/09,458,460,455,460,43600,460
2018/04/10,460,460,455,456,25700,456
2018/04/11,456,457,451,451,23700,451
2018/04/12,451,454,450,454,21500,454
2018/04/13,454,457,453,456,32500,456
2018/04/16,456,458,454,458,39200,458
2018/04/17,458,458,456,457,13000,457
2018/04/18,457,460,455,460,22300,460
2018/04/19,460,461,458,461,21200,461
2018/04/20,460,461,458,459,16000,459
2018/04/23,456,459,456,459,21400,459
2018/04/24,460,462,460,462,30600,462
2018/04/25,461,463,461,463,25000,463
2018/04/26,463,464,461,464,34800,464
2018/04/27,464,464,462,464,25400,464
2018/05/01,464,464,460,463,41700,463
2018/05/02,464,465,458,464,32000,464
2018/05/07,465,466,464,466,29700,466
2018/05/08,466,470,465,470,35200,470
2018/05/09,470,472,467,470,63500,470
2018/05/10,470,470,467,469,17400,469
2018/05/11,465,466,462,463,23600,463
2018/05/14,463,463,455,457,51100,457
2018/05/15,457,459,456,456,19000,456
2018/05/16,458,458,455,458,25700,458
2018/05/17,458,458,457,458,13700,458
2018/05/18,459,461,457,461,20200,461
2018/05/21,462,462,460,462,19500,462
2018/05/22,462,462,460,462,11000,462
2018/05/23,462,464,460,464,19600,464
2018/05/24,464,464,462,464,17900,464
2018/05/25,463,464,461,464,18800,464
2018/05/28,464,464,458,458,30100,458
2018/05/29,456,458,452,454,35800,454
2018/05/30,452,453,452,453,8400,453
2018/05/31,454,455,453,453,16500,453
2018/06/01,453,454,451,451,22700,451
2018/06/04,459,459,451,452,21300,452
2018/06/05,455,456,451,452,26700,452
2018/06/06,451,454,451,452,13300,452
2018/06/07,450,454,450,453,25100,453
2018/06/08,451,459,451,459,52600,459
2018/06/11,459,459,453,456,31000,456
2018/06/12,459,460,456,460,15000,460
2018/06/13,460,461,457,459,22400,459
2018/06/14,459,462,458,461,23000,461
2018/06/15,463,463,459,460,18200,460
2018/06/18,459,459,457,458,20300,458
2018/06/19,457,460,452,453,24300,453
2018/06/20,454,457,452,454,22800,454
2018/06/21,453,455,452,453,18200,453
2018/06/22,452,453,450,450,21700,450
2018/06/25,450,451,447,447,26200,447
2018/06/26,447,447,441,442,18900,442
2018/06/27,441,447,440,441,29900,441
2018/06/28,441,442,437,439,29500,439
2018/06/29,439,444,438,443,33800,443
2018/07/02,447,447,440,440,33700,440
2018/07/03,439,441,430,430,39300,430
2018/07/04,430,430,425,427,38100,427
2018/07/05,427,429,423,423,51200,423
2018/07/06,429,429,425,429,41700,429
2018/07/09,432,433,422,422,59000,422
2018/07/10,423,426,421,421,32400,421
2018/07/11,422,423,420,420,28900,420
2018/07/12,423,424,421,422,17700,422
2018/07/13,424,425,422,423,23200,423
2018/07/17,423,430,423,423,30500,423
2018/07/18,425,425,423,424,20200,424
2018/07/19,424,425,423,424,15000,424
2018/07/20,424,425,423,423,18700,423
2018/07/23,423,427,423,425,14200,425
2018/07/24,429,429,427,429,21900,429
2018/07/25,429,430,428,429,15500,429
2018/07/26,429,430,428,430,14600,430
2018/07/27,429,431,429,431,16600,431
2018/07/30,431,433,427,428,29000,428
2018/07/31,428,432,427,432,33100,432
2018/08/01,432,432,429,430,15600,430
2018/08/02,431,432,425,425,33200,425
2018/08/03,426,426,423,423,23700,423
2018/08/06,423,424,420,420,34600,420
2018/08/07,420,422,419,421,47600,421
2018/08/08,420,423,420,420,15500,420
2018/08/09,421,422,419,420,32800,420
2018/08/10,420,421,413,415,63200,415
2018/08/13,415,415,410,410,38200,410
2018/08/14,410,412,409,410,35100,410
2018/08/15,410,411,408,408,25400,408
2018/08/16,407,407,402,402,48300,402
2018/08/17,402,403,400,400,44800,400
2018/08/20,400,402,398,398,45600,398
2018/08/21,398,400,398,398,22300,398
2018/08/22,398,400,395,395,59100,395
2018/08/23,395,396,391,392,48300,392
2018/08/24,392,394,391,391,41900,391
2018/08/27,392,396,391,394,32900,394
2018/08/28,397,415,396,405,78000,405
2018/08/29,405,408,404,404,41500,404
2018/08/30,406,406,398,398,34900,398
2018/08/31,398,399,397,399,25300,399
2018/09/03,400,400,395,396,38700,396
2018/09/04,398,398,394,394,36700,394
2018/09/05,395,395,393,393,27400,393
2018/09/06,393,393,391,391,31500,391
2018/09/07,391,391,388,390,55700,390
2018/09/10,388,388,386,386,44800,386
2018/09/11,383,384,380,380,68300,380
2018/09/12,378,379,373,373,70900,373
2018/09/13,373,374,371,374,46800,374
2018/09/14,374,380,374,379,65700,379
2018/09/18,379,382,379,382,40600,382
2018/09/19,384,388,383,386,35000,386
2018/09/20,388,388,386,387,26200,387
2018/09/21,388,389,385,386,54200,386
2018/09/25,386,388,386,388,68300,388
2018/09/26,388,398,388,397,64800,397
2018/09/27,398,400,397,398,29800,398
2018/09/28,400,401,397,397,39100,397
2018/10/01,399,399,394,394,35200,394
2018/10/02,392,395,391,391,36600,391
2018/10/03,392,392,390,391,22800,391
2018/10/04,391,392,387,388,28500,388
2018/10/05,387,388,386,387,29800,387
2018/10/09,385,385,381,382,32700,382
2018/10/10,382,382,375,375,67000,375
2018/10/11,373,373,370,372,71200,372
2018/10/12,371,372,369,371,66400,371
2018/10/15,370,370,368,368,64500,368
2018/10/16,368,368,365,365,58900,365
2018/10/17,365,366,361,365,53500,365
2018/10/18,365,368,365,366,40000,366
2018/10/19,365,365,364,365,24200,365
2018/10/22,365,365,363,364,53300,364
2018/10/23,364,364,363,364,28900,364
2018/10/24,364,365,362,364,27400,364
2018/10/25,362,365,360,361,69200,361
2018/10/26,362,363,358,358,55700,358
2018/10/30,355,360,352,360,86200,360
2018/11/01,358,361,358,360,55600,360
2018/11/02,360,364,360,363,47500,363
2018/11/05,363,364,360,362,36700,362
2018/11/06,366,369,366,367,48500,367
2018/11/07,369,369,367,368,22600,368
2018/11/08,370,370,367,368,30000,368
2018/11/09,370,370,367,367,27900,367
2018/11/12,369,369,367,368,24200,368
2018/11/13,366,370,366,368,72400,368
2018/11/14,369,371,369,369,31300,369
2018/11/15,368,370,367,368,49000,368
2018/11/16,369,370,369,370,25800,370
