Date,Open,Hight,Low,Close,Volume,Adj Close
1995/07/12,1560,1560,1560,1560,207000,1172.1
1995/07/13,1600,1600,1560,1600,244000,1202.1
1995/07/14,1600,1620,1580,1620,76000,1217.1
1995/07/17,1620,1620,1610,1610,47000,1209.6
1995/07/18,1610,1620,1600,1620,39000,1217.1
1995/07/19,1610,1620,1600,1620,47000,1217.1
1995/07/20,1600,1630,1600,1630,33000,1224.6
1995/07/21,1610,1620,1600,1600,9000,1202.1
1995/07/24,1610,1610,1590,1600,11000,1202.1
1995/07/25,1600,1600,1590,1600,11000,1202.1
1995/07/26,1600,1600,1600,1600,8000,1202.1
1995/07/27,1580,1590,1580,1580,10000,1187.1
1995/07/28,1580,1580,1580,1580,1000,1187.1
1995/07/31,1580,1580,1580,1580,6000,1187.1
1995/08/01,1580,1600,1580,1600,17000,1202.1
1995/08/02,1600,1600,1600,1600,5000,1202.1
1995/08/03,1580,1590,1580,1590,4000,1194.6
1995/08/07,1580,1580,1580,1580,4000,1187.1
1995/08/08,1580,1580,1580,1580,7000,1187.1
1995/08/09,1580,1590,1580,1590,5000,1194.6
1995/08/10,1590,1590,1590,1590,2000,1194.6
1995/08/11,1600,1600,1580,1580,6000,1187.1
1995/08/14,1580,1580,1580,1580,2000,1187.1
1995/08/16,1580,1580,1580,1580,6000,1187.1
1995/08/17,1580,1580,1580,1580,7000,1187.1
1995/08/18,1580,1580,1580,1580,4000,1187.1
1995/08/22,1580,1580,1580,1580,4000,1187.1
1995/08/23,1580,1580,1580,1580,2000,1187.1
1995/08/24,1580,1580,1560,1560,4000,1172.1
1995/08/28,1560,1560,1560,1560,5000,1172.1
1995/08/29,1560,1560,1560,1560,2000,1172.1
1995/08/30,1500,1550,1500,1550,2000,1164.5
1995/08/31,1500,1550,1500,1550,3000,1164.5
1995/09/01,1500,1500,1500,1500,1000,1127
1995/09/04,1500,1500,1500,1500,1000,1127
1995/09/05,1500,1500,1500,1500,1000,1127
1995/09/07,1500,1500,1500,1500,1000,1127
1995/09/12,1490,1490,1490,1490,1000,1119.5
1995/09/14,1490,1490,1490,1490,1000,1119.5
1995/09/18,1490,1490,1490,1490,2000,1119.5
1995/09/20,1500,1500,1490,1490,2000,1119.5
1995/09/21,1500,1500,1500,1500,1000,1127
1995/09/22,1530,1530,1530,1530,1000,1149.5
1995/09/26,1560,1600,1500,1500,3000,1127
1995/09/27,1500,1590,1500,1590,5000,1194.6
1995/09/28,1600,1600,1540,1600,3000,1202.1
1995/09/29,1600,1600,1530,1560,3000,1172.1
1995/10/03,1600,1600,1600,1600,2000,1202.1
1995/10/04,1630,1630,1630,1630,7000,1224.6
1995/10/05,1630,1640,1630,1640,5000,1232.2
1995/10/06,1630,1640,1630,1630,3000,1224.6
1995/10/16,1590,1590,1590,1590,1000,1194.6
1995/10/18,1490,1550,1490,1550,3000,1164.5
1995/10/19,1520,1620,1520,1620,3000,1217.1
1995/10/20,1610,1610,1610,1610,1000,1209.6
1995/10/24,1620,1620,1620,1620,2000,1217.1
1995/10/26,1620,1620,1620,1620,1000,1217.1
1995/10/27,1630,1630,1630,1630,1000,1224.6
1995/10/30,1620,1620,1620,1620,1000,1217.1
1995/11/01,1630,1630,1630,1630,3000,1224.6
1995/11/02,1620,1620,1620,1620,1000,1217.1
1995/11/08,1630,1640,1630,1640,6000,1232.2
1995/11/09,1640,1640,1640,1640,1000,1232.2
1995/11/10,1640,1640,1640,1640,3000,1232.2
1995/11/15,1630,1630,1630,1630,2000,1224.6
1995/11/21,1600,1600,1580,1580,3000,1187.1
1995/11/27,1590,1650,1590,1650,7000,1239.7
1995/11/28,1640,1640,1640,1640,400000,1232.2
1995/12/01,1630,1630,1620,1620,2000,1217.1
1995/12/07,1620,1620,1620,1620,1000,1217.1
1995/12/15,1640,1640,1640,1640,1000,1232.2
1995/12/21,1640,1640,1640,1640,1000,1232.2
1995/12/28,1650,1660,1650,1660,3000,1247.2
1995/12/29,1660,1660,1660,1660,1000,1247.2
1996/01/10,1660,1660,1660,1660,2000,1247.2
1996/01/12,1700,1700,1700,1700,6000,1277.2
1996/01/16,1700,1710,1700,1710,2000,1284.8
1996/01/18,1710,1730,1710,1730,10000,1299.8
1996/01/19,1730,1730,1730,1730,1000,1299.8
1996/01/23,1730,1730,1720,1720,2000,1292.3
1996/01/24,1750,1750,1750,1750,1000,1314.8
1996/01/26,1760,1760,1760,1760,2000,1322.3
1996/01/30,1780,1780,1780,1780,1000,1337.3
1996/01/31,1790,1790,1780,1780,3000,1337.3
1996/02/02,1780,1800,1780,1800,7000,1352.4
1996/02/05,1810,1820,1810,1820,2000,1367.4
1996/02/06,1850,1850,1850,1850,1000,1389.9
1996/02/09,1840,1850,1840,1850,7000,1389.9
1996/02/13,1880,1880,1880,1880,1000,1412.5
1996/02/14,1880,1880,1880,1880,2000,1412.5
1996/02/15,1700,1740,1700,1740,2000,1438
1996/02/16,1700,1700,1700,1700,3000,1405
1996/02/20,1700,1700,1700,1700,1000,1405
1996/02/21,1700,1700,1700,1700,5000,1405
1996/02/22,1700,1700,1700,1700,1000,1405
1996/02/26,1700,1700,1700,1700,2000,1405
1996/02/27,1700,1700,1700,1700,1000,1405
1996/02/28,1700,1700,1700,1700,1000,1405
1996/02/29,1720,1720,1720,1720,1000,1421.5
1996/03/01,1710,1710,1710,1710,1000,1413.2
1996/03/08,1730,1730,1730,1730,1000,1429.8
1996/03/14,1750,1750,1750,1750,2000,1446.3
1996/03/15,1760,1760,1760,1760,1000,1454.6
1996/03/19,1760,1760,1710,1710,2000,1413.2
1996/03/27,1750,1750,1750,1750,1000,1446.3
1996/03/29,1710,1710,1710,1710,1000,1413.2
1996/04/04,1720,1720,1720,1720,1000,1421.5
1996/04/17,1780,1800,1780,1800,2000,1487.6
1996/04/18,1850,1850,1850,1850,1000,1528.9
1996/04/19,1850,1850,1850,1850,3000,1528.9
1996/04/23,1900,1900,1900,1900,1000,1570.3
1996/04/25,1940,1940,1940,1940,1000,1603.3
1996/04/26,1950,1950,1950,1950,1000,1611.6
1996/04/30,1980,1980,1980,1980,1000,1636.4
1996/05/02,2000,2000,2000,2000,1000,1652.9
1996/05/08,2000,2010,2000,2010,2000,1661.2
1996/05/13,2010,2010,2010,2010,1000,1661.2
1996/05/16,2000,2000,2000,2000,1000,1652.9
1996/05/27,2000,2000,2000,2000,1000,1652.9
1996/06/04,2000,2000,2000,2000,3000,1652.9
1996/06/18,2000,2000,2000,2000,1000,1652.9
1996/06/20,2000,2000,2000,2000,2000,1652.9
1996/06/21,2000,2000,2000,2000,1000,1652.9
1996/06/25,2010,2010,2010,2010,1000,1661.2
1996/07/01,2010,2010,2010,2010,1000,1661.2
1996/07/03,2000,2010,2000,2010,2000,1661.2
1996/07/04,2010,2010,2010,2010,3000,1661.2
1996/07/08,2010,2010,2010,2010,1000,1661.2
1996/07/16,2000,2000,2000,2000,2000,1652.9
1996/07/17,2000,2000,2000,2000,2000,1652.9
1996/07/18,2000,2000,2000,2000,3000,1652.9
1996/07/23,2000,2000,2000,2000,2000,1652.9
1996/07/24,1990,1990,1990,1990,18000,1644.6
1996/07/26,1900,1900,1900,1900,3000,1570.3
1996/07/29,1870,1870,1870,1870,2000,1545.5
1996/07/30,1840,1840,1840,1840,2000,1520.7
1996/07/31,1800,1800,1740,1740,8000,1438
1996/08/01,1740,1740,1690,1690,5000,1396.7
1996/08/02,1680,1680,1660,1660,8000,1371.9
1996/08/05,1600,1600,1500,1500,4000,1239.7
1996/08/06,1500,1600,1500,1600,12000,1322.3
1996/08/07,1570,1600,1570,1600,5000,1322.3
1996/08/08,1600,1640,1600,1640,4000,1355.4
1996/08/09,1670,1670,1590,1620,4000,1338.8
1996/08/13,1600,1660,1600,1660,2000,1371.9
1996/08/14,1700,1700,1700,1700,1000,1405
1996/08/15,1660,1660,1660,1660,2000,1371.9
1996/08/19,1660,1660,1660,1660,1000,1371.9
1996/08/21,1670,1670,1670,1670,1000,1380.2
1996/08/22,1660,1660,1650,1650,2000,1363.6
1996/08/23,1650,1650,1650,1650,1000,1363.6
1996/08/26,1600,1600,1600,1600,1000,1322.3
1996/08/27,1600,1630,1600,1600,6000,1322.3
1996/08/29,1680,1680,1650,1650,2000,1363.6
1996/08/30,1610,1610,1610,1610,2000,1330.6
1996/09/04,1600,1600,1600,1600,2000,1322.3
1996/09/11,1500,1500,1500,1500,2000,1239.7
1996/09/12,1480,1580,1480,1580,4000,1305.8
1996/09/13,1510,1510,1510,1510,1000,1247.9
1996/09/18,1510,1510,1510,1510,1000,1247.9
1996/09/19,1510,1510,1510,1510,1000,1247.9
1996/09/20,1510,1510,1510,1510,1000,1247.9
1996/09/26,1410,1410,1410,1410,1000,1165.3
1996/09/27,1490,1500,1460,1460,3000,1206.6
1996/10/01,1500,1500,1500,1500,2000,1239.7
1996/10/02,1480,1480,1480,1480,1000,1223.1
1996/10/04,1410,1410,1410,1410,1000,1165.3
1996/10/08,1440,1440,1440,1440,1000,1190.1
1996/10/09,1410,1410,1410,1410,2000,1165.3
1996/10/17,1400,1400,1400,1400,4000,1157
1996/10/18,1430,1430,1430,1430,1000,1181.8
1996/10/21,1430,1430,1430,1430,1000,1181.8
1996/10/24,1410,1410,1410,1410,1000,1165.3
1996/10/28,1440,1440,1410,1410,3000,1165.3
1996/10/31,1430,1450,1430,1450,3000,1198.4
1996/11/01,1440,1440,1440,1440,1000,1190.1
1996/11/06,1430,1430,1430,1430,1000,1181.8
1996/11/07,1420,1420,1410,1410,4000,1165.3
1996/11/11,1430,1430,1430,1430,1000,1181.8
1996/11/12,1480,1480,1480,1480,1000,1223.1
1996/11/13,1480,1480,1480,1480,1000,1223.1
1996/11/18,1500,1500,1500,1500,7000,1239.7
1996/11/19,1500,1500,1500,1500,2000,1239.7
1996/11/20,1500,1500,1500,1500,1000,1239.7
1996/11/22,1460,1500,1460,1500,2000,1239.7
1996/11/25,1500,1500,1500,1500,2000,1239.7
1996/11/26,1500,1500,1500,1500,1000,1239.7
1996/11/28,1520,1520,1520,1520,1000,1256.2
1996/12/02,1500,1520,1500,1520,2000,1256.2
1996/12/10,1500,1500,1500,1500,4000,1239.7
1996/12/11,1500,1500,1500,1500,2000,1239.7
1996/12/12,1490,1490,1490,1490,1000,1231.4
1996/12/17,1470,1480,1470,1480,4000,1223.1
1996/12/18,1460,1470,1460,1470,2000,1214.9
1996/12/20,1480,1480,1480,1480,3000,1223.1
1996/12/25,1500,1500,1500,1500,2000,1239.7
1996/12/26,1500,1500,1500,1500,1000,1239.7
1996/12/27,1500,1500,1500,1500,2000,1239.7
1997/01/16,1470,1470,1470,1470,1000,1214.9
1997/01/23,1460,1460,1460,1460,1000,1206.6
1997/01/27,1460,1460,1460,1460,2000,1206.6
1997/01/29,1450,1450,1450,1450,1000,1198.4
1997/02/04,1460,1460,1460,1460,1000,1206.6
1997/02/05,1460,1460,1460,1460,1000,1206.6
1997/02/06,1450,1450,1450,1450,1000,1198.4
1997/02/12,1400,1400,1400,1400,1000,1157
1997/02/17,1300,1300,1300,1300,2000,1181.8
1997/03/03,1300,1300,1300,1300,2000,1181.8
1997/03/04,1290,1290,1290,1290,3000,1172.7
1997/03/05,1270,1270,1270,1270,1000,1154.6
1997/03/14,1220,1220,1220,1220,3000,1109.1
1997/03/27,1180,1180,1180,1180,2000,1072.7
1997/04/07,1170,1170,1170,1170,1000,1063.6
1997/04/16,1020,1020,1020,1020,1000,927.3
1997/04/18,1100,1100,1100,1100,3000,1000
1997/04/24,990,1000,990,1000,3000,909.1
1997/04/25,1000,1000,1000,1000,3000,909.1
1997/04/28,1000,1000,1000,1000,1000,909.1
1997/05/01,1000,1000,1000,1000,2000,909.1
1997/05/07,1050,1050,1050,1050,3000,954.6
1997/05/16,1050,1050,1050,1050,2000,954.6
1997/05/19,1050,1050,1050,1050,2000,954.6
1997/05/22,1050,1050,1050,1050,2000,954.6
1997/05/23,1150,1150,1150,1150,1000,1045.5
1997/05/27,1120,1120,1120,1120,1000,1018.2
1997/06/04,1100,1100,1100,1100,2000,1000
1997/06/09,1100,1100,1100,1100,3000,1000
1997/06/11,1090,1090,1090,1090,2000,990.9
1997/06/16,1090,1090,1090,1090,3000,990.9
1997/06/20,1090,1100,1090,1100,3000,1000
1997/06/27,1110,1110,1100,1100,3000,1000
1997/06/30,1100,1100,1100,1100,1000,1000
1997/07/03,1090,1090,1090,1090,1000,990.9
1997/07/16,1070,1070,1070,1070,1000,972.7
1997/07/18,1010,1010,1010,1010,2000,918.2
1997/07/25,1000,1000,1000,1000,2000,909.1
1997/07/28,999,999,999,999,1000,908.2
1997/07/29,999,999,999,999,1000,908.2
1997/08/01,1000,1000,1000,1000,1000,909.1
1997/08/06,950,954,950,954,3000,867.3
1997/08/15,949,950,949,950,2000,863.6
1997/08/22,900,900,900,900,1000,818.2
1997/08/28,900,900,900,900,1000,818.2
1997/09/01,925,925,925,925,1000,840.9
1997/09/03,895,895,895,895,2000,813.6
1997/09/12,880,880,880,880,2000,800
1997/09/18,850,850,850,850,1000,772.7
1997/09/19,850,850,850,850,1000,772.7
1997/09/22,880,880,880,880,1000,800
1997/09/24,880,880,880,880,3000,800
1997/09/26,864,864,864,864,1000,785.5
1997/09/30,864,864,864,864,1000,785.5
1997/10/01,860,860,860,860,1000,781.8
1997/10/03,905,905,905,905,1000,822.7
1997/10/17,950,950,950,950,1000,863.6
1997/10/22,950,950,950,950,1000,863.6
1997/10/24,975,975,975,975,1000,886.4
1997/10/27,975,975,975,975,1000,886.4
1997/10/30,974,974,974,974,1000,885.5
1997/10/31,974,974,974,974,2000,885.5
1997/11/18,964,964,964,964,1000,876.4
1997/11/25,964,964,964,964,3000,876.4
1997/11/27,958,958,958,958,1000,870.9
1997/11/28,957,957,957,957,1000,870
1997/12/02,957,957,957,957,1000,870
1997/12/10,955,955,955,955,2000,868.2
1997/12/18,949,949,949,949,4000,862.7
1997/12/24,849,858,849,858,5000,780
1997/12/25,808,858,808,858,3000,780
1997/12/26,858,858,858,858,1000,780
1997/12/30,858,858,858,858,1000,780
1998/01/06,858,858,858,858,1000,780
1998/01/20,844,844,844,844,1000,767.3
1998/01/22,844,844,844,844,2000,767.3
1998/01/23,844,844,844,844,1000,767.3
1998/01/27,843,843,843,843,1000,766.4
1998/01/30,843,843,843,843,2000,766.4
1998/02/03,839,839,839,839,1000,762.7
1998/02/17,831,841,831,841,2000,841
1998/02/24,841,841,841,841,2000,841
1998/02/27,853,853,853,853,3000,853
1998/03/06,856,856,856,856,1000,856
1998/03/18,850,850,849,850,3000,850
1998/03/24,850,850,850,850,3000,850
1998/03/30,850,850,850,850,1000,850
1998/04/02,886,886,886,886,1000,886
1998/04/17,885,885,885,885,1000,885
1998/04/22,884,884,884,884,3000,884
1998/04/27,882,882,882,882,1000,882
1998/04/30,881,881,881,881,1000,881
1998/05/06,881,881,881,881,1000,881
1998/05/08,801,801,801,801,1000,801
1998/05/18,773,801,773,801,8000,801
1998/05/19,801,801,801,801,6000,801
1998/05/22,825,825,825,825,3000,825
1998/05/25,825,825,825,825,1000,825
1998/05/26,850,850,850,850,2000,850
1998/05/27,850,850,850,850,2000,850
1998/05/29,853,853,853,853,1000,853
1998/06/02,876,876,876,876,2000,876
1998/06/04,830,830,830,830,2000,830
1998/06/05,830,830,830,830,1000,830
1998/06/12,830,830,830,830,1000,830
1998/06/18,830,830,830,830,4000,830
1998/06/19,830,830,830,830,1000,830
1998/06/23,840,840,840,840,3000,840
1998/06/24,850,850,850,850,1000,850
1998/07/02,860,880,860,880,3000,880
1998/07/07,885,885,885,885,2000,885
1998/07/22,884,884,884,884,3000,884
1998/07/23,884,884,884,884,1000,884
1998/07/27,884,884,884,884,1000,884
1998/07/30,884,884,884,884,1000,884
1998/07/31,884,884,884,884,1000,884
1998/08/10,878,880,878,880,2000,880
1998/08/18,879,879,879,879,1000,879
1998/08/24,878,878,878,878,3000,878
1998/08/27,877,877,877,877,1000,877
1998/08/31,876,876,876,876,1000,876
1998/09/02,875,875,875,875,1000,875
1998/09/22,874,874,874,874,4000,874
1998/09/30,869,869,869,869,1000,869
1998/10/02,864,864,860,860,7000,860
1998/10/05,860,860,860,860,4000,860
1998/10/06,853,860,853,860,4000,860
1998/10/07,850,850,850,850,1000,850
1998/10/16,850,850,850,850,1000,850
1998/10/21,850,850,850,850,2000,850
1998/10/22,850,850,850,850,3000,850
1998/10/30,850,850,850,850,2000,850
1998/11/02,850,850,850,850,1000,850
1998/11/05,850,850,850,850,1000,850
1998/11/09,850,850,850,850,1000,850
1998/11/13,850,850,850,850,1000,850
1998/11/18,891,891,891,891,1000,891
1998/11/19,891,891,891,891,1000,891
1998/11/25,912,912,912,912,3000,912
1998/11/27,912,912,912,912,1000,912
1998/12/01,912,912,912,912,4000,912
1998/12/02,912,912,912,912,3000,912
1998/12/03,913,913,913,913,1000,913
1998/12/04,933,940,913,940,3000,940
1998/12/07,940,940,940,940,8000,940
1998/12/08,940,940,940,940,1000,940
1998/12/10,970,970,940,940,4000,940
1998/12/18,939,939,939,939,1000,939
1998/12/22,939,939,939,939,10000,939
1998/12/25,938,938,938,938,2000,938
1998/12/30,938,938,938,938,1000,938
1999/01/04,938,938,938,938,2000,938
1999/01/05,938,938,938,938,1000,938
1999/01/19,964,964,964,964,1000,964
1999/01/20,964,964,964,964,3000,964
1999/01/21,964,964,964,964,2000,964
1999/01/22,964,964,964,964,3000,964
1999/01/27,964,964,964,964,1000,964
1999/01/29,964,964,964,964,1000,964
1999/02/01,964,964,964,964,1000,964
1999/02/09,940,940,940,940,1000,940
1999/02/18,930,930,930,930,1000,930
1999/02/23,930,930,930,930,3000,930
1999/02/26,930,930,930,930,2000,930
1999/03/04,930,930,910,910,4000,910
1999/03/16,900,900,900,900,1000,900
1999/03/18,899,899,899,899,1000,899
1999/03/24,898,898,898,898,3000,898
1999/03/26,888,888,888,888,1000,888
1999/03/30,887,887,887,887,1000,887
1999/04/01,887,887,887,887,1000,887
1999/04/06,879,879,879,879,1000,879
1999/04/07,901,919,900,919,44000,919
1999/04/08,919,919,919,919,4000,919
1999/04/09,918,918,918,918,1000,918
1999/04/12,920,920,920,920,2000,920
1999/04/13,930,930,930,930,1000,930
1999/04/16,950,950,930,930,3000,930
1999/04/19,930,930,930,930,1000,930
1999/04/22,914,914,914,914,3000,914
1999/04/23,913,913,913,913,4000,913
1999/04/27,901,901,901,901,1000,901
1999/04/28,900,900,900,900,1000,900
1999/04/30,899,899,880,880,3000,880
1999/05/06,880,880,880,880,1000,880
1999/05/10,820,880,820,880,3000,880
1999/05/14,825,825,825,825,1000,825
1999/05/17,825,825,825,825,1000,825
1999/05/26,893,893,893,893,1000,893
1999/05/27,893,893,893,893,4000,893
1999/05/28,893,893,893,893,1000,893
1999/06/01,893,893,893,893,2000,893
1999/06/03,830,830,830,830,1000,830
1999/06/04,830,830,830,830,2000,830
1999/06/14,855,855,855,855,1000,855
1999/06/18,855,855,855,855,3000,855
1999/06/21,855,855,855,855,1000,855
1999/06/22,855,855,855,855,7000,855
1999/06/23,855,855,855,855,1000,855
1999/06/24,855,855,855,855,1000,855
1999/06/25,854,854,854,854,1000,854
1999/06/28,855,855,855,855,1000,855
1999/06/29,855,855,854,854,5000,854
1999/06/30,855,855,855,855,1000,855
1999/07/01,855,855,850,850,2000,850
1999/07/02,893,893,870,870,2000,870
1999/07/05,890,900,870,870,3000,870
1999/07/06,870,899,870,899,2000,899
1999/07/12,910,910,901,901,3000,901
1999/07/13,907,907,906,906,2000,906
1999/07/15,905,905,905,905,1000,905
1999/07/16,905,905,905,905,1000,905
1999/07/22,905,905,905,905,1000,905
1999/07/26,904,904,904,904,2000,904
1999/07/30,904,904,904,904,2000,904
1999/08/12,900,900,900,900,1000,900
1999/08/18,900,900,900,900,1000,900
1999/08/24,900,900,900,900,3000,900
1999/08/30,894,894,894,894,1000,894
1999/09/01,894,894,894,894,1000,894
1999/09/03,880,880,880,880,1000,880
1999/09/10,855,855,855,855,2000,855
1999/09/20,854,854,854,854,1000,854
1999/09/22,853,853,853,853,3000,853
1999/09/27,853,853,853,853,3000,853
1999/09/30,852,852,852,852,1000,852
1999/10/01,851,851,851,851,1000,851
1999/10/05,865,865,865,865,2000,865
1999/10/07,866,866,866,866,2000,866
1999/10/08,865,865,865,865,1000,865
1999/10/14,865,865,860,860,3000,860
1999/10/18,860,860,860,860,1000,860
1999/10/22,860,860,859,859,3000,859
1999/10/25,859,859,859,859,1000,859
1999/10/29,859,859,859,859,1000,859
1999/11/01,859,859,859,859,1000,859
1999/11/11,759,759,759,759,1000,759
1999/11/18,750,750,750,750,1000,750
1999/11/19,750,750,750,750,3000,750
1999/11/24,750,750,750,750,3000,750
1999/11/25,750,750,750,750,55000,750
1999/11/26,750,750,750,750,1000,750
1999/11/30,750,750,750,750,1000,750
1999/12/02,759,759,759,759,1000,759
1999/12/10,754,754,754,754,2000,754
1999/12/17,750,750,750,750,1000,750
1999/12/22,749,749,749,749,3000,749
1999/12/27,749,749,749,749,1000,749
1999/12/30,749,749,749,749,1000,749
2000/01/04,749,749,749,749,1000,749
2000/01/21,745,745,740,740,2000,740
2000/01/24,740,740,740,740,3000,740
2000/01/27,750,750,740,740,3000,740
2000/02/01,720,720,720,720,2000,720
2000/02/09,700,700,700,700,1000,700
2000/02/15,680,680,680,680,2000,680
2000/02/18,690,690,690,690,1000,690
2000/02/22,690,690,690,690,3000,690
2000/02/25,690,690,690,690,1000,690
2000/03/02,740,740,740,740,1000,740
2000/03/03,740,740,740,740,1000,740
2000/03/21,752,752,752,752,1000,752
2000/03/22,752,752,752,752,2000,752
2000/03/24,756,756,756,756,1000,756
2000/03/27,756,756,756,756,1000,756
2000/03/31,756,756,756,756,1000,756
2000/04/07,856,856,856,856,4000,856
2000/04/11,912,920,912,920,4000,920
2000/04/12,930,930,930,930,2000,930
2000/04/13,930,930,930,930,2000,930
2000/04/18,928,928,928,928,1000,928
2000/04/24,928,928,928,928,3000,928
2000/05/02,924,924,924,924,1000,924
2000/05/15,761,761,761,761,1000,761
2000/05/17,861,861,861,861,2000,861
2000/05/19,900,900,900,900,1000,900
2000/05/23,900,900,900,900,2000,900
2000/05/24,900,900,900,900,1000,900
2000/05/25,900,900,900,900,80000,900
2000/05/26,900,900,900,900,2000,900
2000/05/30,900,900,900,900,1000,900
2000/06/01,899,899,899,899,1000,899
2000/06/02,899,899,899,899,1000,899
2000/06/16,899,899,899,899,1000,899
2000/06/20,898,898,898,898,2000,898
2000/06/22,898,898,898,898,3000,898
2000/06/26,798,798,798,798,1000,798
2000/06/27,821,821,821,821,1000,821
2000/06/30,860,860,860,860,1000,860
2000/07/06,801,801,801,801,1000,801
2000/07/18,801,801,801,801,1000,801
2000/07/26,857,857,857,857,2000,857
2000/07/27,857,857,857,857,1000,857
2000/07/28,848,848,848,848,1000,848
2000/07/31,832,832,832,832,1000,832
2000/08/01,831,831,831,831,1000,831
2000/08/03,831,831,831,831,1000,831
2000/08/18,817,817,817,817,1000,817
2000/08/22,805,817,805,817,2000,817
2000/08/30,820,827,820,827,2000,827
2000/09/04,835,835,835,835,1000,835
2000/09/11,835,840,835,840,2000,840
2000/09/13,835,840,835,840,2000,840
2000/09/20,835,835,835,835,1000,835
2000/09/22,835,840,835,840,4000,840
2000/09/25,835,840,835,840,2000,840
2000/09/26,835,835,835,835,1000,835
2000/09/29,835,835,835,835,3000,835
2000/10/04,830,830,830,830,1000,830
2000/10/13,830,830,825,825,3000,825
2000/10/16,825,825,825,825,2000,825
2000/10/20,815,820,815,820,3000,820
2000/10/26,815,815,815,815,2000,815
2000/10/30,815,815,815,815,2000,815
2000/10/31,810,815,810,815,2000,815
2000/11/07,810,810,810,810,1000,810
2000/11/08,810,810,810,810,1000,810
2000/11/15,805,810,805,810,5000,810
2000/11/20,790,800,790,790,2000,790
2000/11/21,790,790,790,790,1000,790
2000/11/24,790,790,790,790,162000,790
2000/11/27,780,780,780,780,1000,780
2000/11/28,780,780,780,780,1000,780
2000/12/07,780,790,780,790,2000,790
2000/12/11,790,800,790,800,2000,800
2000/12/19,780,790,780,780,4000,780
2000/12/21,780,780,780,780,2000,780
2000/12/22,780,780,750,750,4000,750
2000/12/25,750,750,750,750,2000,750
2000/12/29,750,750,750,750,5000,750
2001/01/04,735,750,735,750,3000,750
2001/01/19,715,715,715,715,2000,715
2001/02/01,715,715,715,715,1000,715
2001/02/13,730,760,730,760,5000,760
2001/02/16,782,782,782,782,1000,782
2001/02/21,772,772,772,772,5000,772
2001/02/22,770,772,760,760,4000,760
2001/02/23,760,760,760,760,2000,760
2001/03/05,740,752,740,752,2000,752
2001/03/06,760,760,740,740,4000,740
2001/03/07,733,733,733,733,2000,733
2001/03/08,733,733,733,733,1000,733
2001/03/09,730,730,730,730,2000,730
2001/03/12,715,715,715,715,1000,715
2001/03/13,715,715,715,715,1000,715
2001/03/23,730,760,730,755,8000,755
2001/03/26,780,780,780,780,1000,780
2001/03/27,780,780,780,780,6000,780
2001/03/28,760,760,760,760,1000,760
2001/04/04,771,792,771,792,2000,792
2001/04/06,770,770,770,770,2000,770
2001/04/09,770,800,770,800,2000,800
2001/04/18,781,781,781,781,1000,781
2001/04/20,780,790,770,770,10000,770
2001/04/27,770,770,770,770,3000,770
2001/05/01,770,770,770,770,7000,770
2001/05/07,765,765,765,765,4000,765
2001/05/08,765,765,760,760,2000,760
2001/05/09,750,750,750,750,2000,750
2001/05/14,745,745,745,745,2000,745
2001/05/23,736,745,736,742,9000,742
2001/05/24,725,725,725,725,1000,725
2001/05/28,720,725,720,725,4000,725
2001/05/29,710,710,710,710,1000,710
2001/05/30,700,700,700,700,1000,700
2001/06/01,700,702,700,702,4000,702
2001/06/05,700,705,700,700,9000,700
2001/06/06,700,700,690,690,4000,690
2001/06/13,680,680,680,680,6000,680
2001/06/19,670,670,670,670,2000,670
2001/06/20,650,670,649,649,8000,649
2001/06/21,650,650,650,650,1000,650
2001/06/22,650,650,640,640,13000,640
2001/06/25,640,640,620,630,11000,630
2001/06/26,630,630,630,630,1000,630
2001/06/27,630,630,630,630,1000,630
2001/06/29,630,630,630,630,1000,630
2001/07/02,630,645,610,630,9000,630
2001/07/03,630,630,630,630,1300,630
2001/07/04,630,630,615,625,2400,625
2001/07/05,625,625,625,625,500,625
2001/07/06,630,630,630,630,400,630
2001/07/09,630,635,625,630,2400,630
2001/07/10,635,635,630,630,600,630
2001/07/11,635,635,630,630,1500,630
2001/07/12,635,635,630,635,1300,635
2001/07/13,635,635,635,635,100,635
2001/07/16,640,645,630,640,1900,640
2001/07/18,645,645,645,645,500,645
2001/07/19,645,655,645,655,1000,655
2001/07/23,655,660,650,654,1100,654
2001/07/24,665,665,654,656,2900,656
2001/07/25,656,665,656,665,4200,665
2001/07/26,655,665,655,656,1000,656
2001/07/27,660,675,660,675,1600,675
2001/07/30,685,700,685,700,500,700
2001/07/31,695,715,695,715,2000,715
2001/08/01,720,739,720,739,1500,739
2001/08/02,739,745,739,745,500,745
2001/08/03,745,745,745,745,300,745
2001/08/06,750,760,750,751,3500,751
2001/08/07,760,760,759,760,2700,760
2001/08/08,756,760,756,756,600,756
2001/08/09,785,805,770,805,2700,805
2001/08/10,795,815,795,815,1800,815
2001/08/13,815,815,780,790,1100,790
2001/08/14,795,795,785,790,800,790
2001/08/15,780,790,755,760,1700,760
2001/08/16,759,759,759,759,200,759
2001/08/17,759,760,759,759,1000,759
2001/08/20,759,759,759,759,700,759
2001/08/21,760,760,760,760,100,760
2001/08/22,760,760,760,760,1000,760
2001/08/23,760,760,740,740,4700,740
2001/08/24,745,750,730,730,1800,730
2001/08/27,740,740,740,740,1000,740
2001/08/30,740,740,740,740,900,740
2001/08/31,740,740,740,740,1600,740
2001/09/03,736,745,736,745,300,745
2001/09/04,750,750,750,750,200,750
2001/09/05,740,750,736,750,600,750
2001/09/07,750,750,736,736,200,736
2001/09/11,735,735,735,735,200,735
2001/09/12,710,730,670,670,800,670
2001/09/13,670,710,670,710,600,710
2001/09/19,710,710,710,710,100,710
2001/09/20,710,710,710,710,1900,710
2001/09/25,710,710,710,710,100,710
2001/09/27,705,720,705,720,4700,720
2001/09/28,715,735,715,730,1300,730
2001/10/01,720,720,720,720,500,720
2001/10/02,730,730,720,720,1100,720
2001/10/04,735,735,735,735,100,735
2001/10/05,735,735,735,735,900,735
2001/10/10,730,735,730,735,4300,735
2001/10/11,730,730,720,730,1100,730
2001/10/16,700,710,700,700,3200,700
2001/10/17,690,690,680,680,1200,680
2001/10/18,680,705,680,700,2100,700
2001/10/19,680,680,680,680,1200,680
2001/10/22,680,680,680,680,200,680
2001/10/23,680,680,670,670,3100,670
2001/10/24,665,665,665,665,600,665
2001/10/25,665,680,665,680,300,680
2001/10/26,680,680,670,670,1200,670
2001/10/30,680,680,670,680,600,680
2001/10/31,690,695,670,680,2900,680
2001/11/01,680,690,675,675,5200,675
2001/11/02,675,675,665,665,200,665
2001/11/05,665,670,665,670,600,670
2001/11/07,670,670,670,670,100,670
2001/11/08,665,670,665,670,1600,670
2001/11/09,670,670,670,670,200,670
2001/11/12,675,675,675,675,200,675
2001/11/13,670,670,670,670,200,670
2001/11/14,670,670,655,655,200,655
2001/11/16,665,665,665,665,100,665
2001/11/19,665,670,665,670,1800,670
2001/11/20,670,670,670,670,1700,670
2001/11/26,670,670,670,670,500,670
2001/11/27,670,670,665,665,8500,665
2001/11/28,670,680,660,665,1300,665
2001/11/29,670,670,670,670,100,670
2001/11/30,670,670,665,665,2300,665
2001/12/03,665,665,660,665,2300,665
2001/12/05,665,665,665,665,200,665
2001/12/06,665,665,665,665,2500,665
2001/12/10,660,675,650,650,5400,650
2001/12/17,645,660,635,650,900,650
2001/12/18,650,659,650,655,1800,655
2001/12/19,645,645,645,645,200,645
2001/12/25,645,645,630,635,2400,635
2001/12/27,645,650,645,650,1500,650
2001/12/28,655,690,655,690,1000,690
2002/01/07,700,705,700,705,200,705
2002/01/08,715,715,715,715,200,715
2002/01/09,715,715,715,715,3800,715
2002/01/10,730,740,730,740,200,740
2002/01/11,740,745,740,745,2300,745
2002/01/15,750,750,740,740,400,740
2002/01/16,735,735,725,725,600,725
2002/01/17,715,730,715,730,700,730
2002/01/18,735,735,735,735,100,735
2002/01/21,730,735,730,735,1000,735
2002/01/22,735,740,735,735,3200,735
2002/01/23,735,740,735,735,500,735
2002/01/24,735,740,735,740,2600,740
2002/01/25,710,730,680,710,4000,710
2002/01/28,710,710,710,710,300,710
2002/01/30,710,710,680,690,900,690
2002/02/01,677,677,675,675,2000,675
2002/02/04,675,675,675,675,500,675
2002/02/05,675,675,670,670,2600,670
2002/02/06,670,670,660,660,500,660
2002/02/07,650,660,615,615,2300,615
2002/02/08,630,630,605,605,4600,605
2002/02/12,620,620,620,620,200,620
2002/02/13,620,620,620,620,800,620
2002/02/14,625,625,600,600,2900,600
2002/02/15,600,605,580,580,3300,580
2002/02/18,580,580,580,580,1900,580
2002/02/19,580,580,580,580,600,580
2002/02/20,580,580,580,580,500,580
2002/02/21,580,580,580,580,600,580
2002/02/22,581,590,550,565,13600,565
2002/02/25,570,570,550,550,3500,550
2002/02/26,560,560,560,560,200,560
2002/02/27,570,595,560,560,4000,560
2002/02/28,565,600,565,590,2800,590
2002/03/01,604,610,595,595,800,595
2002/03/04,595,595,585,585,6700,585
2002/03/05,585,585,585,585,1200,585
2002/03/06,585,590,565,565,2200,565
2002/03/07,570,580,570,570,200,570
2002/03/08,585,585,585,585,600,585
2002/03/11,590,590,575,580,2100,580
2002/03/12,570,575,570,575,400,575
2002/03/13,590,590,590,590,800,590
2002/03/14,580,590,580,590,1600,590
2002/03/15,590,590,580,580,900,580
2002/03/18,570,590,570,590,4800,590
2002/03/19,590,590,590,590,1000,590
2002/03/20,590,595,580,595,4200,595
2002/03/22,600,630,600,625,4000,625
2002/03/25,630,650,625,625,700,625
2002/03/26,650,685,640,660,1000,660
2002/03/27,680,680,670,670,2200,670
2002/03/28,670,690,670,690,1100,690
2002/03/29,675,700,675,690,5000,690
2002/04/01,680,690,680,690,1400,690
2002/04/02,690,695,690,690,900,690
2002/04/03,650,690,650,665,800,665
2002/04/04,665,665,665,665,100,665
2002/04/05,645,650,605,615,1800,615
2002/04/08,630,650,630,650,800,650
2002/04/09,660,660,650,660,1200,660
2002/04/10,665,665,620,640,5000,640
2002/04/11,645,680,645,670,1300,670
2002/04/12,650,650,645,645,600,645
2002/04/15,655,655,655,655,300,655
2002/04/16,670,670,670,670,100,670
2002/04/17,670,670,655,655,700,655
2002/04/18,680,680,655,655,200,655
2002/04/22,655,680,655,680,500,680
2002/04/23,680,690,680,685,700,685
2002/04/24,695,695,695,695,300,695
2002/04/25,695,695,695,695,100,695
2002/04/26,700,705,700,705,1900,705
2002/04/30,705,710,705,705,3900,705
2002/05/01,700,710,690,700,2500,700
2002/05/02,710,710,700,700,800,700
2002/05/07,700,700,700,700,200,700
2002/05/08,700,705,700,705,400,705
2002/05/09,705,705,695,700,3600,700
2002/05/10,700,700,695,700,400,700
2002/05/13,700,700,700,700,100,700
2002/05/14,700,705,695,700,1300,700
2002/05/15,700,700,690,690,2700,690
2002/05/16,690,690,690,690,1400,690
2002/05/17,690,710,690,710,3900,710
2002/05/20,720,745,720,735,1200,735
2002/05/21,750,755,740,750,6000,750
2002/05/22,750,760,750,750,4200,750
2002/05/24,755,765,755,765,300,765
2002/05/27,765,830,765,810,5100,810
2002/05/28,810,820,800,810,8600,810
2002/05/29,810,810,790,795,900,795
2002/05/30,790,800,790,795,1500,795
2002/05/31,780,795,780,795,1300,795
2002/06/03,800,800,790,800,600,800
2002/06/04,800,810,795,800,1100,800
2002/06/05,800,800,790,795,1600,795
2002/06/06,790,790,780,780,400,780
2002/06/07,775,775,775,775,100,775
2002/06/10,785,785,770,780,1000,780
2002/06/11,760,770,760,770,300,770
2002/06/12,770,770,750,770,700,770
2002/06/13,770,785,770,785,600,785
2002/06/17,775,780,775,780,900,780
2002/06/18,780,780,775,775,3600,775
2002/06/19,775,775,761,770,300,770
2002/06/20,780,800,780,780,2100,780
2002/06/21,790,795,790,795,200,795
2002/06/24,795,800,795,795,1700,795
2002/06/25,800,805,800,800,600,800
2002/06/26,805,805,800,800,3800,800
2002/06/27,790,800,790,795,1600,795
2002/06/28,800,810,800,800,1400,800
2002/07/02,800,810,800,810,2200,810
2002/07/03,800,810,800,810,400,810
2002/07/04,800,800,800,800,1100,800
2002/07/05,795,800,790,800,700,800
2002/07/08,800,800,790,800,1400,800
2002/07/09,800,800,800,800,2900,800
2002/07/10,800,800,795,795,400,795
2002/07/12,800,800,800,800,200,800
2002/07/15,800,800,800,800,300,800
2002/07/16,800,800,790,799,2900,799
2002/07/17,790,790,789,789,1000,789
2002/07/18,790,790,785,785,4800,785
2002/07/19,790,800,790,790,600,790
2002/07/22,790,800,780,790,1500,790
2002/07/24,790,800,790,795,600,795
2002/07/25,800,800,800,800,500,800
2002/07/26,810,810,800,800,1100,800
2002/07/29,805,805,800,800,4400,800
2002/07/30,790,810,790,810,2400,810
2002/07/31,820,830,820,820,500,820
2002/08/01,840,840,810,810,500,810
2002/08/02,810,820,805,820,1400,820
2002/08/06,800,810,790,790,1800,790
2002/08/07,790,790,765,765,1000,765
2002/08/08,780,805,780,805,600,805
2002/08/09,810,810,810,810,300,810
2002/08/12,810,820,810,820,800,820
2002/08/13,830,830,810,825,1200,825
2002/08/14,800,815,800,810,1600,810
2002/08/15,795,795,790,790,700,790
2002/08/16,790,790,790,790,1000,790
2002/08/19,780,780,780,780,400,780
2002/08/20,780,780,775,775,800,775
2002/08/21,770,770,755,760,700,760
2002/08/22,775,800,770,800,1000,800
2002/08/23,800,805,800,805,3500,805
2002/08/26,795,795,795,795,700,795
2002/08/27,785,810,785,800,1800,800
2002/08/28,785,785,785,785,100,785
2002/08/29,780,780,780,780,200,780
2002/08/30,780,785,780,785,800,785
2002/09/02,785,800,785,800,400,800
2002/09/03,800,800,780,780,3700,780
2002/09/04,785,790,785,790,500,790
2002/09/05,785,790,785,790,500,790
2002/09/06,800,810,800,805,1200,805
2002/09/10,780,780,780,780,100,780
2002/09/11,780,780,780,780,100,780
2002/09/12,780,780,780,780,100,780
2002/09/19,780,780,780,780,100,780
2002/09/20,780,785,780,785,600,785
2002/09/24,785,785,750,780,3000,780
2002/09/26,785,792,785,792,2300,792
2002/09/27,780,810,780,800,1800,800
2002/09/30,805,805,790,790,800,790
2002/10/02,785,785,780,780,1900,780
2002/10/07,750,760,725,730,1400,730
2002/10/08,740,740,735,735,400,735
2002/10/09,730,730,730,730,500,730
2002/10/10,711,711,700,700,2600,700
2002/10/11,702,710,702,710,400,710
2002/10/16,710,710,700,700,200,700
2002/10/17,705,715,700,715,500,715
2002/10/22,715,725,711,711,1400,711
2002/10/23,720,720,720,720,100,720
2002/10/24,730,740,730,740,600,740
2002/10/25,750,750,740,740,1700,740
2002/10/28,740,740,735,740,1200,740
2002/10/29,740,740,735,740,1600,740
2002/10/30,745,745,740,740,1200,740
2002/10/31,740,740,720,720,1800,720
2002/11/01,720,730,720,730,700,730
2002/11/05,730,735,730,730,700,730
2002/11/06,730,730,710,710,2800,710
2002/11/07,700,700,700,700,400,700
2002/11/08,705,705,705,705,400,705
2002/11/11,690,690,690,690,100,690
2002/11/13,690,690,690,690,200,690
2002/11/18,700,700,690,690,2800,690
2002/11/19,690,690,650,650,800,650
2002/11/21,650,680,650,680,400,680
2002/11/22,680,690,680,685,800,685
2002/11/25,680,690,680,680,300,680
2002/11/26,680,680,680,680,4100,680
2002/11/27,675,690,675,690,2100,690
2002/11/29,695,695,695,695,1000,695
2002/12/02,695,695,695,695,100,695
2002/12/04,710,710,705,705,2200,705
2002/12/06,705,705,705,705,100,705
2002/12/09,705,705,705,705,200,705
2002/12/10,710,725,710,720,2100,720
2002/12/12,740,740,740,740,200,740
2002/12/13,730,730,730,730,500,730
2002/12/17,735,760,735,760,1400,760
2002/12/18,760,760,750,760,1100,760
2002/12/19,760,760,760,760,200,760
2002/12/26,770,770,770,770,100,770
2002/12/27,765,775,765,775,2700,775
2002/12/30,765,785,765,766,4400,766
2003/01/06,766,766,766,766,400,766
2003/01/07,766,766,766,766,1400,766
2003/01/09,755,755,755,755,200,755
2003/01/14,756,756,756,756,100,756
2003/01/16,745,750,740,740,1300,740
2003/01/22,756,760,755,756,1300,756
2003/01/23,770,785,765,785,900,785
2003/01/24,785,785,785,785,400,785
2003/01/27,785,790,785,785,1200,785
2003/01/28,785,785,785,785,200,785
2003/01/29,780,790,780,780,4700,780
2003/01/30,770,780,770,780,1500,780
2003/01/31,780,790,780,780,5200,780
2003/02/03,785,785,785,785,100,785
2003/02/04,775,775,740,740,2200,740
2003/02/05,745,760,740,760,900,760
2003/02/07,750,750,750,750,300,750
2003/02/10,750,750,750,750,100,750
2003/02/12,780,780,750,750,300,750
2003/02/13,750,780,740,740,4500,740
2003/02/14,740,740,740,740,300,740
2003/02/17,730,740,730,740,2300,740
2003/02/18,740,750,740,750,900,750
2003/02/19,750,750,720,730,2200,730
2003/02/20,730,730,730,730,100,730
2003/02/21,720,720,720,720,400,720
2003/02/24,720,720,710,710,5300,710
2003/02/25,715,715,700,700,1200,700
2003/02/26,690,690,680,680,200,680
2003/02/27,680,700,675,681,1900,681
2003/02/28,700,700,700,700,900,700
2003/03/03,700,700,700,700,200,700
2003/03/05,685,695,685,685,200,685
2003/03/06,710,720,710,720,300,720
2003/03/07,720,720,720,720,900,720
2003/03/10,710,710,700,700,1400,700
2003/03/11,685,690,640,640,2800,640
2003/03/12,645,650,645,650,500,650
2003/03/13,650,660,650,660,700,660
2003/03/14,660,660,660,660,200,660
2003/03/17,660,660,655,660,1900,660
2003/03/18,660,660,645,645,4400,645
2003/03/19,645,645,645,645,200,645
2003/03/20,631,640,631,631,4300,631
2003/03/24,645,645,635,640,2600,640
2003/03/25,640,640,640,640,4600,640
2003/03/26,640,640,615,630,1000,630
2003/03/27,630,630,630,630,3100,630
2003/03/28,630,630,630,630,1600,630
2003/03/31,630,630,630,630,300,630
2003/04/02,630,635,625,635,1300,635
2003/04/03,635,640,633,640,3200,640
2003/04/04,637,640,637,640,2200,640
2003/04/07,640,640,637,640,1400,640
2003/04/08,640,640,637,640,1800,640
2003/04/09,640,640,630,638,6800,638
2003/04/10,638,638,638,638,500,638
2003/04/14,638,638,635,635,1900,635
2003/04/15,635,635,630,630,700,630
2003/04/16,630,631,630,630,1600,630
2003/04/18,640,640,640,640,300,640
2003/04/21,650,660,650,650,400,650
2003/04/22,650,660,650,650,1300,650
2003/04/23,650,650,650,650,1400,650
2003/04/24,660,660,660,660,100,660
2003/04/25,665,665,665,665,1100,665
2003/04/28,685,685,675,675,300,675
2003/04/30,685,690,685,685,1900,685
2003/05/01,685,695,685,695,600,695
2003/05/02,695,695,680,690,4500,690
2003/05/06,680,694,680,685,2000,685
2003/05/07,685,695,685,685,700,685
2003/05/08,690,690,685,685,400,685
2003/05/09,685,685,685,685,200,685
2003/05/12,685,690,685,685,1600,685
2003/05/13,680,690,680,690,500,690
2003/05/14,690,695,690,690,500,690
2003/05/15,695,700,695,700,600,700
2003/05/16,710,710,710,710,100,710
2003/05/19,706,715,705,705,2000,705
2003/05/20,700,710,700,710,400,710
2003/05/21,709,714,709,709,1600,709
2003/05/22,702,720,702,720,1900,720
2003/05/23,720,725,720,725,2600,725
2003/05/26,730,730,725,730,1300,730
2003/05/27,730,745,730,735,11400,735
2003/05/28,740,740,725,735,3300,735
2003/05/29,725,750,725,750,800,750
2003/05/30,750,755,750,750,3000,750
2003/06/02,755,760,755,760,200,760
2003/06/03,750,770,750,755,2900,755
2003/06/04,750,760,750,755,1000,755
2003/06/05,760,760,755,755,2400,755
2003/06/06,765,770,758,760,700,760
2003/06/09,765,765,760,765,700,765
2003/06/10,765,770,765,770,700,770
2003/06/11,768,780,768,780,800,780
2003/06/12,790,795,790,790,400,790
2003/06/13,795,805,795,800,1100,800
2003/06/16,795,800,785,790,900,790
2003/06/17,800,800,790,790,400,790
2003/06/18,785,795,785,790,400,790
2003/06/19,789,790,789,790,2000,790
2003/06/20,790,805,790,805,1900,805
2003/06/23,805,815,800,810,3800,810
2003/06/24,815,815,815,815,100,815
2003/06/25,815,820,810,820,400,820
2003/06/26,815,820,815,820,300,820
2003/06/27,825,830,820,830,1000,830
2003/06/30,820,835,820,835,1000,835
2003/07/01,830,835,830,835,1400,835
2003/07/02,840,845,835,845,800,845
2003/07/03,845,850,845,850,2400,850
2003/07/04,846,853,845,850,3500,850
2003/07/07,845,860,845,856,1500,856
2003/07/08,850,855,850,850,1400,850
2003/07/09,850,855,845,853,2000,853
2003/07/10,845,853,845,853,200,853
2003/07/11,850,850,835,835,2300,835
2003/07/14,845,850,840,840,300,840
2003/07/15,840,855,840,850,600,850
2003/07/16,855,855,830,830,1500,830
2003/07/18,840,840,830,835,1700,835
2003/07/22,835,835,830,830,800,830
2003/07/23,825,835,825,835,1400,835
2003/07/24,835,835,830,835,3700,835
2003/07/25,835,840,830,840,1400,840
2003/07/28,840,843,840,843,400,843
2003/07/29,845,845,843,845,700,845
2003/07/30,850,850,841,841,2600,841
2003/07/31,841,845,841,845,400,845
2003/08/01,845,845,839,840,4000,840
2003/08/04,845,845,840,840,1300,840
2003/08/05,839,841,839,839,300,839
2003/08/06,839,841,839,840,2200,840
2003/08/07,843,845,843,845,900,845
2003/08/08,845,850,845,845,1300,845
2003/08/11,840,845,840,842,1100,842
2003/08/12,840,845,840,843,800,843
2003/08/13,850,850,844,847,2600,847
2003/08/14,848,848,844,848,5600,848
2003/08/15,844,845,835,840,2500,840
2003/08/18,838,844,835,840,2400,840
2003/08/19,890,1080,884,970,25200,970
2003/08/20,950,980,890,900,5100,900
2003/08/21,890,900,865,875,3200,875
2003/08/22,873,880,865,880,900,880
2003/08/25,880,890,875,890,3300,890
2003/08/26,885,890,885,890,1400,890
2003/08/27,890,895,890,895,1600,895
2003/08/28,895,895,890,895,700,895
2003/08/29,894,910,894,900,2500,900
2003/09/01,895,900,870,870,3300,870
2003/09/02,871,880,871,880,300,880
2003/09/03,875,885,870,875,3200,875
2003/09/04,875,875,870,870,900,870
2003/09/05,870,875,867,870,3800,870
2003/09/08,867,870,866,866,900,866
2003/09/09,866,870,866,870,1000,870
2003/09/10,866,867,850,860,5200,860
2003/09/11,845,855,840,845,400,845
2003/09/12,840,845,840,845,300,845
2003/09/16,835,841,780,795,2900,795
2003/09/17,795,795,775,776,2300,776
2003/09/18,770,770,745,750,4100,750
2003/09/19,740,750,730,730,6400,730
2003/09/22,730,750,730,735,1100,735
2003/09/24,740,740,735,735,500,735
2003/09/25,735,740,735,736,1000,736
2003/09/26,740,760,740,755,1600,755
2003/09/29,765,766,750,755,1100,755
2003/09/30,765,785,765,785,1000,785
2003/10/01,785,790,780,790,1100,790
2003/10/03,790,790,785,785,1000,785
2003/10/06,780,785,780,785,300,785
2003/10/07,780,785,780,780,500,780
2003/10/08,780,780,780,780,100,780
2003/10/09,780,780,780,780,600,780
2003/10/10,790,794,780,780,1000,780
2003/10/14,795,795,793,793,300,793
2003/10/15,780,793,780,793,1300,793
2003/10/17,790,790,787,787,200,787
2003/10/20,795,795,780,780,3500,780
2003/10/21,781,787,781,781,1100,781
2003/10/22,781,785,781,781,800,781
2003/10/23,780,785,780,780,300,780
2003/10/24,785,785,779,779,300,779
2003/10/27,779,785,779,779,1100,779
2003/10/28,780,780,780,780,200,780
2003/10/30,782,789,781,782,3400,782
2003/11/06,780,782,775,780,4200,780
2003/11/07,775,780,775,780,600,780
2003/11/10,775,777,775,775,800,775
2003/11/11,770,770,770,770,100,770
2003/11/14,780,780,780,780,100,780
2003/11/17,780,780,770,780,300,780
2003/11/18,770,780,770,780,1300,780
2003/11/21,780,780,780,780,800,780
2003/11/25,780,780,780,780,100,780
2003/11/26,777,780,770,770,4300,770
2003/11/27,775,780,770,775,800,775
2003/11/28,785,785,775,775,700,775
2003/12/01,770,770,770,770,100,770
2003/12/04,775,775,770,775,400,775
2003/12/05,770,775,770,775,1200,775
2003/12/08,780,780,760,760,1100,760
2003/12/09,765,765,755,760,400,760
2003/12/10,765,765,755,755,3200,755
2003/12/11,750,755,740,740,1900,740
2003/12/12,740,740,735,735,400,735
2003/12/15,745,745,745,745,100,745
2003/12/18,742,750,735,737,2900,737
2003/12/19,735,745,735,745,300,745
2003/12/22,745,750,745,745,500,745
2003/12/24,740,750,740,745,700,745
2003/12/26,755,760,750,755,1200,755
2003/12/29,750,760,750,755,1100,755
2003/12/30,760,765,760,765,800,765
2004/01/05,760,770,760,765,900,765
2004/01/06,765,770,763,765,800,765
2004/01/07,765,770,765,770,900,770
2004/01/08,766,770,766,770,300,770
2004/01/09,775,775,775,775,100,775
2004/01/13,775,775,775,775,100,775
2004/01/14,780,780,775,780,300,780
2004/01/15,775,785,775,785,900,785
2004/01/16,785,790,780,780,300,780
2004/01/19,790,790,785,785,200,785
2004/01/20,790,790,780,785,1300,785
2004/01/22,795,795,785,785,200,785
2004/01/23,780,780,780,780,100,780
2004/01/26,780,785,780,780,500,780
2004/01/27,785,800,785,800,1600,800
2004/01/28,795,805,795,800,1100,800
2004/01/29,805,805,795,800,400,800
2004/01/30,805,805,800,800,900,800
2004/02/03,795,802,785,800,3100,800
2004/02/04,800,800,800,800,700,800
2004/02/05,810,810,800,800,700,800
2004/02/06,795,800,795,800,200,800
2004/02/10,802,810,800,802,600,802
2004/02/12,802,806,802,806,200,806
2004/02/13,802,806,800,802,2000,802
2004/02/16,800,802,790,802,600,802
2004/02/17,800,800,791,795,600,795
2004/02/18,800,800,800,800,100,800
2004/02/19,805,805,795,800,1800,800
2004/02/20,795,805,795,795,400,795
2004/02/23,788,795,788,795,400,795
2004/02/24,795,795,790,795,2300,795
2004/02/25,800,800,790,790,200,790
2004/02/27,800,810,800,800,1700,800
2004/03/01,800,800,800,800,900,800
2004/03/02,800,800,800,800,300,800
2004/03/03,795,800,794,795,1700,795
2004/03/04,794,795,794,795,700,795
2004/03/05,794,805,794,795,400,795
2004/03/08,794,795,794,794,2300,794
2004/03/09,795,800,794,800,500,800
2004/03/10,800,800,800,800,100,800
2004/03/11,800,803,795,803,500,803
2004/03/12,800,803,800,803,400,803
2004/03/15,803,805,800,803,700,803
2004/03/16,810,810,803,803,1100,803
2004/03/17,805,805,805,805,100,805
2004/03/18,803,810,803,805,1500,805
2004/03/22,811,811,805,805,200,805
2004/03/23,803,806,803,803,5700,803
2004/03/24,800,800,800,800,300,800
2004/03/25,800,810,800,800,400,800
2004/03/26,790,825,790,820,1200,820
2004/03/29,815,825,815,815,500,815
2004/03/30,810,815,810,815,1100,815
2004/03/31,815,815,815,815,200,815
2004/04/01,815,820,815,820,300,820
2004/04/02,820,820,815,820,1900,820
2004/04/05,820,830,819,819,1400,819
2004/04/06,819,825,819,825,400,825
2004/04/07,830,835,825,825,1600,825
2004/04/08,822,830,822,822,500,822
2004/04/09,823,825,810,810,4000,810
2004/04/12,820,820,819,819,800,819
2004/04/13,820,825,820,825,300,825
2004/04/14,825,830,825,825,900,825
2004/04/15,830,830,810,810,2800,810
2004/04/16,825,830,825,830,200,830
2004/04/19,830,830,820,830,2500,830
2004/04/20,825,830,825,830,200,830
2004/04/22,835,840,835,835,800,835
2004/04/23,840,840,835,835,200,835
2004/04/26,834,855,830,850,4100,850
2004/04/27,855,855,845,850,2400,850
2004/04/28,845,855,845,850,800,850
2004/04/30,855,855,845,845,1200,845
2004/05/06,845,855,840,840,2700,840
2004/05/07,855,855,834,845,800,845
2004/05/10,845,845,830,831,1500,831
2004/05/11,831,832,819,831,1100,831
2004/05/13,831,840,825,840,400,840
2004/05/14,840,845,800,830,800,830
2004/05/17,835,840,815,815,1100,815
2004/05/18,800,815,800,800,900,800
2004/05/19,815,815,815,815,300,815
2004/05/20,825,825,800,800,2200,800
2004/05/21,815,820,805,810,1600,810
2004/05/24,819,819,806,812,4700,812
2004/05/25,819,840,815,830,2900,830
2004/05/26,830,835,825,830,5200,830
2004/05/27,825,835,825,825,600,825
2004/05/28,835,854,830,835,5200,835
2004/05/31,840,850,840,850,800,850
2004/06/01,845,850,840,850,3300,850
2004/06/02,840,855,840,850,1400,850
2004/06/03,860,860,850,850,200,850
2004/06/04,843,843,843,843,100,843
2004/06/07,852,865,852,865,300,865
2004/06/08,861,885,861,880,4300,880
2004/06/09,880,880,880,880,1500,880
2004/06/10,870,880,870,880,2700,880
2004/06/11,870,875,870,870,2300,870
2004/06/14,865,880,860,865,1400,865
2004/06/15,875,875,870,870,2000,870
2004/06/16,874,875,865,870,2000,870
2004/06/17,874,884,874,880,1500,880
2004/06/18,880,890,878,880,5900,880
2004/06/21,878,900,878,890,700,890
2004/06/22,895,910,895,905,3300,905
2004/06/23,905,915,905,908,2300,908
2004/06/24,915,915,908,910,600,910
2004/06/25,915,920,915,920,1700,920
2004/06/28,921,940,921,940,6000,940
2004/06/29,940,950,940,950,3300,950
2004/06/30,950,955,930,930,8700,930
2004/07/01,925,935,925,930,1900,930
2004/07/02,925,935,925,935,1700,935
2004/07/05,935,945,935,945,3000,945
2004/07/06,945,950,931,935,2500,935
2004/07/07,931,940,930,935,1700,935
2004/07/08,932,940,930,935,900,935
2004/07/09,933,940,933,940,1400,940
2004/07/12,941,950,935,940,2200,940
2004/07/13,950,955,940,940,2100,940
2004/07/14,945,950,935,940,3600,940
2004/07/15,940,950,940,945,3000,945
2004/07/16,945,945,940,945,1200,945
2004/07/20,945,950,943,950,1700,950
2004/07/21,951,955,940,955,2400,955
2004/07/22,955,960,945,955,18000,955
2004/07/23,953,960,953,960,1400,960
2004/07/26,955,960,954,955,4600,955
2004/07/27,957,957,941,950,4800,950
2004/07/28,950,950,940,940,4500,940
2004/07/29,940,950,940,950,2700,950
2004/07/30,950,964,950,960,2400,960
2004/08/02,964,965,945,951,13700,951
2004/08/03,955,955,940,944,5500,944
2004/08/04,944,950,944,945,300,945
2004/08/05,948,950,945,946,1400,946
2004/08/06,947,948,945,947,1100,947
2004/08/09,945,946,943,943,2700,943
2004/08/10,943,945,943,945,1200,945
2004/08/11,945,949,943,945,5400,945
2004/08/12,943,944,940,943,2700,943
2004/08/13,942,944,937,940,4900,940
2004/08/16,944,945,938,944,6400,944
2004/08/17,935,936,900,911,8100,911
2004/08/18,910,911,900,901,3800,901
2004/08/19,900,901,896,900,2200,900
2004/08/20,900,900,895,900,3800,900
2004/08/23,896,899,890,895,2400,895
2004/08/24,895,896,890,895,3200,895
2004/08/25,890,897,890,896,2500,896
2004/08/26,893,893,890,892,2400,892
2004/08/27,892,892,880,880,1800,880
2004/08/30,870,870,860,863,2000,863
2004/08/31,855,856,830,830,2800,830
2004/09/01,828,829,819,825,7300,825
2004/09/02,820,829,820,826,15700,826
2004/09/03,827,840,820,820,23900,820
2004/09/06,820,825,817,820,1800,820
2004/09/07,820,830,820,830,4400,830
2004/09/08,830,830,825,830,1900,830
2004/09/09,824,832,820,823,3100,823
2004/09/13,825,825,825,825,300,825
2004/09/14,824,825,824,825,3100,825
2004/09/15,820,821,799,801,8900,801
2004/09/16,798,799,777,779,6800,779
2004/09/17,775,776,700,705,13000,705
2004/09/21,700,702,675,675,19900,675
2004/09/22,675,685,655,670,10900,670
2004/09/24,665,685,640,650,13100,650
2004/09/27,644,645,638,640,4500,640
2004/09/28,635,640,606,613,9700,613
2004/09/29,610,615,610,615,5300,615
2004/09/30,615,630,615,630,2900,630
2004/10/01,630,635,630,635,1400,635
2004/10/04,640,654,640,654,3700,654
2004/10/05,655,670,655,670,1600,670
2004/10/06,679,681,674,678,5500,678
2004/10/07,677,685,677,685,3900,685
2004/10/08,684,690,684,690,3400,690
2004/10/12,690,717,690,717,7700,717
2004/10/13,720,730,720,730,4100,730
2004/10/14,739,745,739,741,1800,741
2004/10/15,750,780,750,760,4000,760
2004/10/18,760,767,760,763,700,763
2004/10/19,762,763,749,749,4700,749
2004/10/20,749,750,749,750,400,750
2004/10/21,747,750,747,750,300,750
2004/10/22,750,750,740,740,2400,740
2004/10/25,740,744,730,735,1200,735
2004/10/26,720,720,706,706,1100,706
2004/10/27,705,706,704,704,1200,704
2004/10/28,703,704,701,702,600,702
2004/10/29,705,707,705,705,1300,705
2004/11/01,704,705,703,704,1400,704
2004/11/02,703,705,703,705,800,705
2004/11/04,700,705,695,705,1700,705
2004/11/05,705,705,680,680,2800,680
2004/11/08,685,685,680,680,1000,680
2004/11/09,680,680,680,680,500,680
2004/11/10,680,680,679,679,2100,679
2004/11/11,685,685,685,685,200,685
2004/11/12,690,690,680,680,500,680
2004/11/15,685,685,685,685,300,685
2004/11/16,685,686,680,681,1000,681
2004/11/17,680,680,680,680,100,680
2004/11/18,680,681,680,681,300,681
2004/11/19,681,682,670,670,6000,670
2004/11/22,670,680,669,670,1600,670
2004/11/24,680,680,679,680,2600,680
2004/11/25,680,681,680,681,1500,681
2004/11/26,684,692,682,690,1600,690
2004/11/29,689,698,689,692,1400,692
2004/11/30,699,710,699,710,800,710
2004/12/01,710,711,705,705,3100,705
2004/12/02,705,705,705,705,2200,705
2004/12/03,703,703,700,700,600,700
2004/12/06,695,701,695,701,700,701
2004/12/07,700,701,700,701,200,701
2004/12/09,697,700,685,700,800,700
2004/12/10,697,710,696,710,2300,710
2004/12/13,700,715,700,715,300,715
2004/12/14,714,715,714,715,500,715
2004/12/15,715,730,715,715,500,715
2004/12/16,714,714,700,700,900,700
2004/12/17,700,709,699,699,2700,699
2004/12/20,690,702,690,699,2300,699
2004/12/21,699,702,699,700,1400,700
2004/12/22,700,705,700,700,2600,700
2004/12/24,700,710,700,710,600,710
2004/12/27,709,720,709,720,2000,720
2004/12/28,720,732,720,730,1000,730
2004/12/29,730,730,730,730,100,730
2004/12/30,735,742,735,742,600,742
2005/01/04,744,744,744,744,100,744
2005/01/05,745,746,743,744,900,744
2005/01/06,747,747,744,744,600,744
2005/01/07,744,750,744,750,400,750
2005/01/11,750,760,750,760,800,760
2005/01/12,760,765,760,761,500,761
2005/01/13,761,761,761,761,900,761
2005/01/14,761,765,761,765,400,765
2005/01/17,765,767,765,767,1800,767
2005/01/18,766,770,766,770,300,770
2005/01/19,770,770,770,770,900,770
2005/01/20,765,765,760,760,1100,760
2005/01/21,760,765,759,760,600,760
2005/01/24,760,762,760,761,1600,761
2005/01/25,760,761,760,761,2500,761
2005/01/26,761,762,761,762,1000,762
2005/01/27,760,764,760,763,1200,763
2005/01/28,764,764,763,763,2000,763
2005/01/31,764,764,764,764,1400,764
2005/02/01,764,765,763,764,1200,764
2005/02/02,764,767,764,767,700,767
2005/02/03,765,767,765,765,2600,765
2005/02/04,766,769,765,766,700,766
2005/02/07,750,751,728,729,4600,729
2005/02/08,729,730,720,727,2200,727
2005/02/09,727,728,727,727,600,727
2005/02/10,724,727,724,725,500,725
2005/02/14,727,735,727,728,2300,728
2005/02/15,727,729,725,728,1200,728
2005/02/16,727,731,727,730,2700,730
2005/02/17,730,730,729,729,300,729
2005/02/18,729,729,726,729,1300,729
2005/02/21,728,729,728,729,900,729
2005/02/22,728,729,727,728,3400,728
2005/02/23,727,728,723,724,1300,724
2005/02/24,724,725,724,725,400,725
2005/02/25,722,725,718,718,3100,718
2005/02/28,720,724,720,723,1700,723
2005/03/01,720,720,720,720,1000,720
2005/03/02,720,720,715,715,700,715
2005/03/03,714,720,710,720,9500,720
2005/03/04,716,720,716,720,900,720
2005/03/07,720,720,720,720,1000,720
2005/03/08,720,722,720,722,400,722
2005/03/09,724,725,724,724,1300,724
2005/03/10,724,724,724,724,300,724
2005/03/11,724,730,724,730,900,730
2005/03/14,730,740,730,740,1800,740
2005/03/15,739,745,739,741,800,741
2005/03/16,739,740,736,738,1200,738
2005/03/17,737,745,737,738,1000,738
2005/03/18,745,745,740,740,700,740
2005/03/22,741,752,741,746,3600,746
2005/03/23,746,755,746,755,1500,755
2005/03/24,755,760,755,760,1300,760
2005/03/25,760,770,759,770,2000,770
2005/03/28,770,770,769,770,6600,770
2005/03/29,769,770,769,770,300,770
2005/03/30,772,775,769,775,3100,775
2005/03/31,777,985,775,935,24500,935
2005/04/01,910,911,800,830,26600,830
2005/04/04,828,829,800,812,2500,812
2005/04/05,814,815,806,806,2800,806
2005/04/06,805,806,796,800,2100,800
2005/04/07,797,798,770,770,5800,770
2005/04/08,770,770,765,765,2600,765
2005/04/11,765,765,751,755,4100,755
2005/04/12,755,760,754,754,4200,754
2005/04/13,755,765,755,765,3000,765
2005/04/14,754,755,753,755,5800,755
2005/04/15,756,760,755,760,800,760
2005/04/18,761,762,760,762,1300,762
2005/04/19,762,765,761,765,1000,765
2005/04/20,765,770,765,770,1900,770
2005/04/21,769,770,764,765,2200,765
2005/04/22,772,781,772,780,2400,780
2005/04/25,790,822,790,809,11500,809
2005/04/26,809,836,809,825,6600,825
2005/04/27,830,836,824,831,3000,831
2005/04/28,831,837,830,835,6200,835
2005/05/02,834,836,834,834,2600,834
2005/05/06,834,834,833,833,800,833
2005/05/09,833,834,831,832,2700,832
2005/05/10,830,832,829,832,3600,832
2005/05/11,830,832,829,829,1300,829
2005/05/12,830,830,828,829,1100,829
2005/05/13,830,910,829,833,12100,833
2005/05/16,848,849,840,840,1700,840
2005/05/17,842,850,842,850,1600,850
2005/05/18,845,851,845,845,3300,845
2005/05/19,846,847,845,846,800,846
2005/05/20,846,849,846,849,2100,849
2005/05/23,849,856,849,851,3600,851
2005/05/24,857,860,855,860,1200,860
2005/05/25,856,861,856,859,5500,859
2005/05/26,857,862,856,861,3900,861
2005/05/27,862,867,862,864,4000,864
2005/05/30,864,872,864,865,6100,865
2005/05/31,867,869,865,865,4100,865
2005/06/01,865,870,865,869,1700,869
2005/06/02,870,880,870,875,2700,875
2005/06/03,880,900,879,900,4500,900
2005/06/06,899,900,890,895,2900,895
2005/06/07,895,898,866,880,6000,880
2005/06/08,880,880,875,880,1000,880
2005/06/09,883,890,883,886,6000,886
2005/06/10,884,897,883,895,3600,895
2005/06/13,899,930,899,930,5800,930
2005/06/14,925,935,924,935,6300,935
2005/06/15,926,927,924,925,1300,925
2005/06/16,929,930,922,922,4900,922
2005/06/17,922,923,920,921,1200,921
2005/06/20,921,926,906,924,4700,924
2005/06/21,925,925,921,921,1100,921
2005/06/22,922,931,913,930,5500,930
2005/06/23,920,931,919,929,1800,929
2005/06/24,928,932,928,930,800,930
2005/06/27,930,932,929,929,3500,929
2005/06/28,928,929,928,929,500,929
2005/06/29,929,930,915,926,2700,926
2005/06/30,920,926,916,916,3400,916
2005/07/01,915,920,911,920,5500,920
2005/07/04,913,914,880,890,11900,890
2005/07/05,886,900,886,890,3200,890
2005/07/06,889,904,888,899,2700,899
2005/07/07,900,904,899,900,3700,900
2005/07/08,899,900,899,900,800,900
2005/07/11,900,901,896,899,6400,899
2005/07/12,898,900,898,899,1700,899
2005/07/13,898,900,898,899,1800,899
2005/07/14,897,899,895,896,7100,896
2005/07/15,898,899,894,897,4700,897
2005/07/19,897,901,897,900,4800,900
2005/07/20,900,905,895,899,8500,899
2005/07/21,900,907,898,900,2300,900
2005/07/22,904,907,900,901,2500,901
2005/07/25,901,910,901,910,3800,910
2005/07/26,910,914,910,913,3900,913
2005/07/27,913,930,913,930,4400,930
2005/07/28,930,945,925,940,7200,940
2005/07/29,946,951,945,950,6400,950
2005/08/01,951,960,951,959,5000,959
2005/08/02,960,966,960,965,6400,965
2005/08/03,965,968,964,965,6400,965
2005/08/04,965,966,960,966,7800,966
2005/08/05,960,968,948,955,6200,955
2005/08/08,944,945,910,920,9500,920
2005/08/09,919,921,913,920,9500,920
2005/08/10,919,931,919,931,5400,931
2005/08/11,935,951,935,950,6000,950
2005/08/12,955,964,954,955,7000,955
2005/08/15,959,966,958,966,18400,966
2005/08/16,941,946,894,920,22300,920
2005/08/17,912,913,899,902,10800,902
2005/08/18,901,905,901,904,7700,904
2005/08/19,903,905,902,902,5500,902
2005/08/22,901,902,889,890,10400,890
2005/08/23,889,890,870,870,8700,870
2005/08/24,869,876,869,871,7700,871
2005/08/25,873,875,870,875,4100,875
2005/08/26,869,870,859,860,3700,860
2005/08/29,859,860,851,851,2900,851
2005/08/30,850,851,849,850,5300,850
2005/08/31,849,850,848,848,2300,848
2005/09/01,848,848,846,846,2200,846
2005/09/02,846,847,844,845,3400,845
2005/09/05,845,845,844,845,1900,845
2005/09/06,845,847,843,843,4800,843
2005/09/07,843,849,840,841,2400,841
2005/09/08,839,839,830,830,1000,830
2005/09/09,831,836,830,835,1100,835
2005/09/12,837,837,829,830,800,830
2005/09/13,829,832,825,825,2100,825
2005/09/14,820,820,820,820,700,820
2005/09/15,815,815,799,800,2800,800
2005/09/16,799,806,798,805,5100,805
2005/09/20,800,801,800,800,2000,800
2005/09/21,800,806,799,800,1800,800
2005/09/22,800,805,799,800,3900,800
2005/09/26,803,804,799,802,1300,802
2005/09/27,803,810,803,806,4500,806
2005/09/28,810,820,806,820,1700,820
2005/09/29,820,831,819,830,6600,830
2005/09/30,830,853,830,853,3400,853
2005/10/03,840,857,840,850,2500,850
2005/10/04,850,852,850,851,800,851
2005/10/05,850,852,850,850,1000,850
2005/10/06,850,859,830,830,3100,830
2005/10/07,839,845,830,831,800,831
2005/10/12,830,830,829,830,1000,830
2005/10/13,829,830,829,830,200,830
2005/10/14,828,830,828,829,800,829
2005/10/17,829,831,829,830,1000,830
2005/10/18,830,830,829,830,1600,830
2005/10/19,828,829,750,799,8300,799
2005/10/20,795,800,795,800,800,800
2005/10/21,800,800,794,800,500,800
2005/10/24,800,801,799,800,3000,800
2005/10/25,800,800,800,800,400,800
2005/10/26,800,802,800,802,1200,802
2005/10/27,804,805,801,805,4600,805
2005/10/28,802,809,802,809,900,809
2005/10/31,809,809,801,801,1400,801
2005/11/01,804,809,800,801,2000,801
2005/11/02,800,810,800,805,1200,805
2005/11/04,805,806,802,803,2000,803
2005/11/07,804,810,803,810,2600,810
2005/11/08,810,810,805,805,1700,805
2005/11/09,805,809,805,808,600,808
2005/11/10,805,807,805,807,400,807
2005/11/11,806,807,806,807,400,807
2005/11/14,807,808,804,807,2600,807
2005/11/15,804,807,803,807,1100,807
2005/11/16,804,807,804,806,400,806
2005/11/17,805,810,805,810,800,810
2005/11/18,810,820,809,820,2200,820
2005/11/21,820,830,820,830,1700,830
2005/11/22,830,833,830,830,2100,830
2005/11/24,840,842,834,840,1200,840
2005/11/25,844,850,844,850,1800,850
2005/11/28,850,861,850,855,2100,855
2005/11/29,860,860,855,860,600,860
2005/11/30,860,871,859,870,4900,870
2005/12/01,870,872,870,871,2500,871
2005/12/02,871,871,870,870,2500,870
2005/12/05,870,871,870,871,2500,871
2005/12/06,871,872,871,871,1500,871
2005/12/07,871,893,871,872,4700,872
2005/12/08,881,881,871,872,2900,872
2005/12/09,881,890,880,890,1700,890
2005/12/12,889,890,889,890,1100,890
2005/12/13,890,893,889,893,1300,893
2005/12/14,890,893,889,892,1200,892
2005/12/15,890,890,889,890,1300,890
2005/12/16,890,892,888,888,4400,888
2005/12/19,888,890,888,889,1800,889
2005/12/20,888,890,885,885,1400,885
2005/12/21,882,883,882,883,300,883
2005/12/22,882,883,880,881,4100,881
2005/12/26,880,882,879,882,1400,882
2005/12/27,882,890,880,881,2200,881
2005/12/28,882,883,880,881,2200,881
2005/12/29,881,881,879,881,1800,881
2005/12/30,880,890,880,890,4200,890
2006/01/04,887,900,887,900,1100,900
2006/01/05,900,910,900,910,5300,910
2006/01/06,908,912,905,907,7400,907
2006/01/10,910,914,910,913,4400,913
2006/01/11,912,914,912,913,3100,913
2006/01/12,920,920,915,918,3900,918
2006/01/13,917,918,916,916,800,916
2006/01/16,910,918,900,905,2800,905
2006/01/17,909,909,902,905,800,905
2006/01/18,906,906,871,880,5300,880
2006/01/19,881,901,880,900,1300,900
2006/01/20,900,904,899,900,1600,900
2006/01/23,899,900,885,900,2300,900
2006/01/24,900,901,899,901,3600,901
2006/01/25,900,901,899,900,1600,900
2006/01/26,901,904,890,891,3000,891
2006/01/27,900,901,895,901,2400,901
2006/01/30,901,903,901,901,5000,901
2006/01/31,900,901,900,900,1200,900
2006/02/01,900,901,900,900,2800,900
2006/02/02,900,902,899,899,3600,899
2006/02/03,900,900,900,900,600,900
2006/02/06,901,901,898,899,1200,899
2006/02/07,901,901,900,900,1200,900
2006/02/08,900,901,894,895,3200,895
2006/02/09,900,900,897,898,800,898
2006/02/10,893,894,891,892,600,892
2006/02/13,895,895,892,892,600,892
2006/02/14,890,891,870,880,1600,880
2006/02/15,881,890,880,885,1700,885
2006/02/16,880,881,879,880,800,880
2006/02/17,880,880,880,880,1000,880
2006/02/20,875,875,875,875,100,875
2006/02/21,860,876,860,875,300,875
2006/02/22,881,881,874,875,400,875
2006/02/23,880,885,880,882,300,882
2006/02/24,883,891,883,890,500,890
2006/02/27,890,892,889,891,1200,891
2006/02/28,892,897,890,896,2000,896
2006/03/01,896,896,890,891,2000,891
2006/03/02,890,890,870,878,1500,878
2006/03/03,878,879,860,860,1400,860
2006/03/07,860,871,860,871,600,871
2006/03/08,879,879,878,878,400,878
2006/03/10,880,880,880,880,300,880
2006/03/13,880,881,879,879,400,879
2006/03/14,871,872,871,872,200,872
2006/03/15,873,881,873,880,600,880
2006/03/16,889,890,879,880,600,880
2006/03/17,880,895,880,895,600,895
2006/03/20,894,897,893,894,2400,894
2006/03/22,885,885,885,885,100,885
2006/03/23,885,885,885,885,300,885
2006/03/24,885,886,885,885,300,885
2006/03/27,899,901,884,901,3100,901
2006/03/28,900,901,900,900,3400,900
2006/03/29,895,901,895,900,2500,900
2006/03/30,905,909,900,900,9300,900
2006/03/31,900,901,900,900,3000,900
2006/04/03,900,901,900,900,3700,900
2006/04/04,898,899,895,899,1400,899
2006/04/05,905,905,899,900,1300,900
2006/04/06,900,900,900,900,1000,900
2006/04/07,921,979,910,910,90500,910
2006/04/10,919,929,909,920,14500,920
2006/04/11,920,927,919,927,5900,927
2006/04/12,926,946,926,940,7100,940
2006/04/13,947,948,935,935,3200,935
2006/04/14,950,951,944,945,1700,945
2006/04/17,953,953,945,950,3400,950
2006/04/18,950,954,948,954,2400,954
2006/04/19,954,955,949,950,5900,950
2006/04/20,950,950,950,950,2000,950
2006/04/21,947,948,940,941,8100,941
2006/04/24,941,943,940,942,4000,942
2006/04/25,942,945,940,941,4500,941
2006/04/26,942,943,940,941,3400,941
2006/04/27,941,944,940,942,2800,942
2006/04/28,942,942,940,940,2400,940
2006/05/01,940,944,940,940,2100,940
2006/05/02,940,947,940,945,1200,945
2006/05/08,949,955,949,954,2900,954
2006/05/09,950,951,942,942,3100,942
2006/05/10,942,945,942,943,2300,943
2006/05/11,942,947,942,945,300,945
2006/05/12,942,950,942,950,6800,950
2006/05/15,950,950,941,942,600,942
2006/05/16,951,951,941,942,1000,942
2006/05/17,941,949,941,942,5700,942
2006/05/18,941,942,941,942,1600,942
2006/05/19,942,945,941,945,1000,945
2006/05/22,944,960,944,951,1500,951
2006/05/23,952,954,951,952,6000,952
2006/05/24,952,953,951,952,2600,952
2006/05/25,953,960,953,960,1400,960
2006/05/26,965,967,959,967,2600,967
2006/05/29,969,972,969,972,3400,972
2006/05/30,972,979,972,974,2300,974
2006/05/31,974,975,974,975,1700,975
2006/06/01,975,975,974,975,1600,975
2006/06/02,975,975,880,905,12800,905
2006/06/05,912,926,911,926,1600,926
2006/06/06,926,927,921,921,900,921
2006/06/07,921,926,921,925,1100,925
2006/06/08,925,925,915,915,2400,915
2006/06/09,915,916,911,915,1900,915
2006/06/12,916,926,916,920,1200,920
2006/06/13,926,926,920,925,2600,925
2006/06/14,924,925,923,924,1400,924
2006/06/15,927,935,927,935,1600,935
2006/06/16,938,952,938,952,2800,952
2006/06/19,958,969,958,966,1500,966
2006/06/20,970,998,970,988,9800,988
2006/06/21,988,989,980,981,8800,981
2006/06/22,993,994,986,987,5200,987
2006/06/23,987,994,987,992,1800,992
2006/06/26,993,997,993,995,2400,995
2006/06/27,996,997,991,992,6800,992
2006/06/28,994,996,992,994,2000,994
2006/06/29,995,999,990,995,4000,995
2006/06/30,995,1000,995,999,2400,999
2006/07/03,999,1005,999,999,5200,999
2006/07/04,1000,1005,995,995,4300,995
2006/07/05,999,1000,998,998,1600,998
2006/07/06,998,998,997,997,400,997
2006/07/07,999,999,998,998,1000,998
2006/07/10,997,999,996,996,3400,996
2006/07/11,998,999,998,998,2800,998
2006/07/12,998,999,997,998,1600,998
2006/07/13,997,998,995,996,2400,996
2006/07/14,996,996,995,995,2400,995
2006/07/18,998,999,998,998,900,998
2006/07/19,995,996,994,994,2800,994
2006/07/20,990,999,990,995,3300,995
2006/07/21,995,999,995,999,2300,999
2006/07/24,999,1000,998,1000,4500,1000
2006/07/25,1000,1001,970,970,8200,970
2006/07/26,973,1001,970,974,3700,974
2006/07/27,991,995,991,995,800,995
2006/07/28,995,999,990,997,3300,997
2006/07/31,999,1000,998,999,4600,999
2006/08/01,999,1002,998,1001,3800,1001
2006/08/02,1001,1004,1000,1002,2600,1002
2006/08/03,1004,1004,997,1000,5200,1000
2006/08/04,1000,1004,1000,1002,3600,1002
2006/08/07,1002,1004,1001,1003,3800,1003
2006/08/08,1002,1006,1000,1005,6300,1005
2006/08/09,1005,1006,1004,1005,4400,1005
2006/08/10,1005,1008,1005,1007,5100,1007
2006/08/11,1007,1011,1006,1009,6400,1009
2006/08/14,1009,1060,1009,1031,22100,1031
2006/08/15,1007,1008,902,960,28400,960
2006/08/16,959,960,929,939,13000,939
2006/08/17,939,940,930,935,8600,935
2006/08/18,935,951,935,948,7900,948
2006/08/21,948,950,944,946,7300,946
2006/08/22,946,948,945,946,4200,946
2006/08/23,947,949,946,948,4000,948
2006/08/24,948,953,947,951,6000,951
2006/08/25,951,970,951,965,5800,965
2006/08/28,964,965,913,940,3900,940
2006/08/29,930,935,923,925,3100,925
2006/08/30,925,927,921,922,2900,922
2006/08/31,922,929,919,929,1100,929
2006/09/01,929,929,920,920,900,920
2006/09/04,920,921,899,900,3500,900
2006/09/05,900,901,899,901,3300,901
2006/09/06,901,901,897,898,1100,898
2006/09/07,898,898,890,890,1000,890
2006/09/08,882,890,867,890,1600,890
2006/09/11,890,891,875,876,1800,876
2006/09/12,875,876,851,851,2800,851
2006/09/13,851,853,845,845,4700,845
2006/09/14,845,846,800,800,3500,800
2006/09/15,800,802,800,800,3600,800
2006/09/19,800,805,800,805,1600,805
2006/09/20,809,812,809,809,2100,809
2006/09/21,809,818,802,805,2200,805
2006/09/22,805,806,804,805,2200,805
2006/09/25,805,805,805,805,600,805
2006/09/26,805,808,805,807,1500,807
2006/09/27,807,811,806,811,2700,811
2006/09/28,814,825,814,824,1000,824
2006/09/29,830,840,824,840,1600,840
2006/10/02,840,850,840,850,700,850
2006/10/03,849,853,849,853,600,853
2006/10/04,855,857,855,857,600,857
2006/10/05,856,858,854,855,3300,855
2006/10/06,850,850,849,850,800,850
2006/10/10,844,845,844,845,600,845
2006/10/11,849,849,833,835,600,835
2006/10/12,830,830,825,825,600,825
2006/10/13,823,835,820,835,1200,835
2006/10/16,830,831,828,830,600,830
2006/10/17,830,835,829,835,1000,835
2006/10/18,835,835,828,828,800,828
2006/10/19,830,836,830,835,2200,835
2006/10/20,829,837,829,836,800,836
2006/10/23,830,830,830,830,200,830
2006/10/24,835,836,829,835,1400,835
2006/10/25,834,835,834,835,2000,835
2006/10/26,835,836,835,835,400,835
2006/10/27,837,845,837,844,1800,844
2006/10/30,850,850,848,850,1400,850
2006/10/31,851,851,851,851,200,851
2006/11/01,862,865,860,865,600,865
2006/11/02,864,865,864,865,300,865
2006/11/06,865,868,865,867,300,867
2006/11/07,866,867,866,867,300,867
2006/11/08,866,867,866,866,1000,866
2006/11/09,865,866,801,806,3000,806
2006/11/10,808,810,808,810,200,810
2006/11/13,830,830,810,825,500,825
2006/11/14,849,849,847,847,200,847
2006/11/16,848,848,848,848,200,848
2006/11/17,848,848,845,846,1100,846
2006/11/20,836,836,832,832,300,832
2006/11/21,833,833,833,833,100,833
2006/11/22,832,833,832,833,1400,833
2006/11/24,835,836,834,836,600,836
2006/11/27,850,860,850,860,2000,860
2006/11/28,860,860,859,860,2400,860
2006/11/29,862,865,861,865,2600,865
2006/11/30,865,865,865,865,1100,865
2006/12/01,864,866,864,865,1100,865
2006/12/04,865,865,864,865,1300,865
2006/12/05,864,865,864,865,500,865
2006/12/06,865,865,860,864,600,864
2006/12/07,860,861,860,860,300,860
2006/12/08,864,865,860,860,2100,860
2006/12/11,860,862,850,860,1900,860
2006/12/12,850,851,850,851,200,851
2006/12/13,850,851,850,850,1100,850
2006/12/14,851,852,846,850,2100,850
2006/12/15,850,865,850,865,1200,865
2006/12/18,865,867,865,866,3300,866
2006/12/19,867,868,867,867,700,867
2006/12/20,868,869,865,865,4400,865
2006/12/21,866,870,862,864,2800,864
2006/12/22,864,864,850,850,3200,850
2006/12/25,850,851,835,840,2600,840
2006/12/26,840,840,830,831,2700,831
2006/12/27,838,841,835,840,1400,840
2006/12/28,840,843,839,843,400,843
2006/12/29,845,880,845,863,2200,863
2007/01/04,880,881,880,880,1100,880
2007/01/05,879,880,873,875,1100,875
2007/01/09,860,875,860,874,600,874
2007/01/10,871,871,870,870,600,870
2007/01/11,870,870,869,869,1200,869
2007/01/12,869,871,869,870,400,870
2007/01/15,860,861,860,860,800,860
2007/01/16,859,860,854,854,1800,854
2007/01/17,849,850,845,846,1300,846
2007/01/18,851,865,850,864,1200,864
2007/01/19,864,864,864,864,800,864
2007/01/22,864,870,855,863,1400,863
2007/01/23,866,866,865,865,600,865
2007/01/24,866,867,866,867,400,867
2007/01/25,867,867,867,867,400,867
2007/01/26,868,880,868,880,1000,880
2007/01/29,880,883,880,883,500,883
2007/01/30,885,890,885,889,1700,889
2007/01/31,889,890,889,889,2600,889
2007/02/01,889,891,883,883,2100,883
2007/02/02,883,885,882,882,700,882
2007/02/05,875,876,874,874,600,874
2007/02/06,876,876,875,875,200,875
2007/02/07,875,875,872,873,400,873
2007/02/08,873,874,873,873,800,873
2007/02/09,870,871,870,871,400,871
2007/02/13,871,873,870,872,1300,872
2007/02/14,872,874,871,872,1900,872
2007/02/15,869,870,863,863,600,863
2007/02/16,864,871,864,870,1500,870
2007/02/19,876,880,875,880,500,880
2007/02/20,881,882,870,880,1900,880
2007/02/21,871,875,865,865,400,865
2007/02/22,865,867,865,865,1200,865
2007/02/23,870,870,865,870,2400,870
2007/02/26,870,870,865,869,900,869
2007/02/27,867,871,864,870,1500,870
2007/02/28,864,865,860,864,3200,864
2007/03/01,873,873,864,864,400,864
2007/03/02,863,875,860,875,1700,875
2007/03/05,870,881,870,880,1800,880
2007/03/06,880,880,880,880,500,880
2007/03/08,880,880,880,880,800,880
2007/03/09,885,891,885,891,1300,891
2007/03/12,900,901,894,900,1100,900
2007/03/13,900,900,900,900,800,900
2007/03/14,894,895,880,880,2000,880
2007/03/15,896,896,880,880,400,880
2007/03/16,879,891,879,885,1500,885
2007/03/19,885,885,881,885,400,885
2007/03/20,880,880,875,875,400,875
2007/03/22,875,876,875,875,1100,875
2007/03/23,875,875,865,866,4000,866
2007/03/26,861,865,860,862,700,862
2007/03/27,865,867,865,866,1200,866
2007/03/28,866,868,865,867,2400,867
2007/03/29,867,868,867,867,400,867
2007/03/30,890,892,888,890,2600,890
2007/04/02,890,891,880,880,1400,880
2007/04/03,891,891,890,890,1200,890
2007/04/04,894,895,894,895,1000,895
2007/04/05,897,897,894,895,800,895
2007/04/06,895,895,895,895,200,895
2007/04/09,899,900,899,899,1100,899
2007/04/11,890,891,890,891,300,891
2007/04/12,896,896,891,892,600,892
2007/04/13,892,892,880,881,800,881
2007/04/16,900,900,900,900,100,900
2007/04/17,889,890,885,886,600,886
2007/04/18,885,891,885,890,400,890
2007/04/19,890,890,890,890,600,890
2007/04/20,892,892,891,891,200,891
2007/04/23,890,891,890,890,400,890
2007/04/24,890,890,889,890,600,890
2007/04/25,894,895,890,890,2200,890
2007/04/26,890,895,889,890,700,890
2007/04/27,900,916,899,899,2000,899
2007/05/01,900,901,899,900,700,900
2007/05/02,900,900,900,900,600,900
2007/05/07,903,905,903,904,400,904
2007/05/08,906,906,900,900,3700,900
2007/05/09,900,901,897,901,3100,901
2007/05/10,900,900,900,900,100,900
2007/05/11,890,891,890,890,4200,890
2007/05/14,890,890,888,888,2800,888
2007/05/15,887,888,887,887,800,887
2007/05/16,887,888,885,887,1000,887
2007/05/17,887,888,885,887,1000,887
2007/05/18,886,888,885,885,2100,885
2007/05/21,885,885,885,885,3000,885
2007/05/22,885,885,880,881,3400,881
2007/05/23,879,881,878,878,3900,878
2007/05/24,878,881,878,880,800,880
2007/05/25,877,907,877,907,2200,907
2007/05/28,900,901,900,900,800,900
2007/05/29,900,904,900,900,1400,900
2007/05/30,903,904,900,900,1800,900
2007/05/31,900,900,900,900,200,900
2007/06/01,900,911,900,910,1000,910
2007/06/04,906,907,901,901,2800,901
2007/06/05,901,906,901,905,400,905
2007/06/06,905,905,902,905,2200,905
2007/06/07,910,910,910,910,400,910
2007/06/08,910,910,910,910,600,910
2007/06/11,910,914,909,914,1300,914
2007/06/12,916,926,915,915,900,915
2007/06/13,917,917,915,915,800,915
2007/06/14,915,930,915,930,1800,930
2007/06/15,929,936,929,929,1900,929
2007/06/18,930,938,930,935,2100,935
2007/06/19,940,940,935,940,1000,940
2007/06/20,945,950,944,949,3100,949
2007/06/21,950,951,949,950,2400,950
2007/06/22,952,953,950,950,5200,950
2007/06/25,950,955,950,954,2300,954
2007/06/26,954,954,953,954,2500,954
2007/06/27,954,958,952,952,4700,952
2007/06/28,951,953,951,952,1200,952
2007/06/29,952,955,949,950,5600,950
2007/07/02,950,953,948,949,3000,949
2007/07/03,948,949,920,930,7600,930
2007/07/04,910,919,900,918,6300,918
2007/07/05,921,943,921,942,2500,942
2007/07/06,944,946,944,945,2100,945
2007/07/09,945,945,929,940,800,940
2007/07/10,940,941,938,940,1000,940
2007/07/11,936,941,936,940,2600,940
2007/07/12,940,940,933,935,1900,935
2007/07/13,935,935,929,929,1700,929
2007/07/17,929,930,929,929,3000,929
2007/07/18,929,929,915,915,4200,915
2007/07/19,921,923,920,921,1100,921
2007/07/20,922,922,918,919,2700,919
2007/07/23,920,921,920,920,3200,920
2007/07/24,920,921,920,920,3000,920
2007/07/25,919,921,915,919,4400,919
2007/07/26,920,924,919,920,4500,920
2007/07/27,920,921,919,919,5000,919
2007/07/30,919,922,919,920,4800,920
2007/07/31,922,923,919,921,2700,921
2007/08/01,922,922,919,920,6000,920
2007/08/02,920,921,918,920,5500,920
2007/08/03,920,920,917,918,2700,918
2007/08/06,919,931,919,930,2000,930
2007/08/07,930,931,930,930,3600,930
2007/08/08,930,934,930,932,4500,932
2007/08/09,934,936,931,932,2400,932
2007/08/10,932,933,929,932,9000,932
2007/08/13,932,939,931,934,6200,934
2007/08/14,934,936,932,933,8700,933
2007/08/15,929,930,830,830,11100,830
2007/08/16,829,830,786,810,8600,810
2007/08/17,809,810,809,809,2900,809
2007/08/20,810,857,797,851,9800,851
2007/08/21,849,850,830,830,2200,830
2007/08/22,831,834,825,830,2000,830
2007/08/23,829,835,829,830,1000,830
2007/08/24,830,836,829,830,2400,830
2007/08/27,830,836,829,835,3400,835
2007/08/28,832,832,810,811,1200,811
2007/08/29,810,810,802,806,1300,806
2007/08/30,810,811,810,811,800,811
2007/08/31,811,811,800,800,1500,800
2007/09/03,800,802,799,801,1400,801
2007/09/04,798,799,798,798,600,798
2007/09/05,798,800,794,795,1800,795
2007/09/06,795,797,793,794,1000,794
2007/09/07,795,795,794,795,800,795
2007/09/10,795,796,793,795,1400,795
2007/09/11,795,795,789,790,400,790
2007/09/12,796,796,788,791,400,791
2007/09/13,790,800,789,790,400,790
2007/09/14,800,800,797,799,800,799
2007/09/18,800,801,799,799,400,799
2007/09/19,799,800,799,799,500,799
2007/09/20,799,799,799,799,300,799
2007/09/21,798,799,795,798,800,798
2007/09/25,802,802,797,798,600,798
2007/09/26,798,800,798,799,400,799
2007/09/27,800,800,800,800,1600,800
2007/09/28,802,805,800,800,2800,800
2007/10/02,800,801,798,798,3000,798
2007/10/03,797,799,797,798,600,798
2007/10/04,796,798,794,798,1200,798
2007/10/05,794,795,792,794,1800,794
2007/10/09,795,798,794,798,1800,798
2007/10/10,799,801,797,798,1200,798
2007/10/11,797,803,796,803,1000,803
2007/10/12,800,800,793,793,2700,793
2007/10/15,798,798,793,794,1300,794
2007/10/16,794,794,792,792,1600,792
2007/10/17,794,794,789,790,700,790
2007/10/18,789,790,789,790,1200,790
2007/10/19,793,793,793,793,100,793
2007/10/22,790,794,790,793,800,793
2007/10/23,793,794,792,793,2200,793
2007/10/24,793,793,793,793,400,793
2007/10/26,792,795,792,794,1700,794
2007/10/29,794,795,794,795,200,795
2007/10/30,799,811,799,800,1100,800
2007/11/01,800,801,799,800,800,800
2007/11/02,797,797,789,790,600,790
2007/11/05,790,790,790,790,300,790
2007/11/06,790,790,789,790,500,790
2007/11/08,789,790,781,781,1100,781
2007/11/12,780,781,773,774,700,774
2007/11/13,769,770,769,770,200,770
2007/11/19,769,770,769,770,200,770
2007/11/20,769,770,769,770,400,770
2007/11/21,770,770,767,769,1100,769
2007/11/22,769,769,768,769,400,769
2007/11/26,769,771,768,769,600,769
2007/11/27,775,780,775,780,700,780
2007/11/28,785,785,785,785,100,785
2007/11/29,785,785,785,785,400,785
2007/11/30,798,801,798,800,1200,800
2007/12/03,799,800,799,800,200,800
2007/12/04,800,800,800,800,100,800
2007/12/06,800,801,800,801,200,801
2007/12/07,801,802,801,802,200,802
2007/12/10,802,831,802,819,2200,819
2007/12/11,818,819,818,819,800,819
2007/12/13,819,819,818,819,400,819
2007/12/14,818,819,818,819,600,819
2007/12/17,818,821,818,820,800,820
2007/12/18,819,820,817,818,1200,818
2007/12/19,817,818,817,817,600,817
2007/12/20,816,816,816,816,300,816
2007/12/25,817,817,809,809,3900,809
2007/12/26,806,810,806,810,1200,810
2007/12/27,810,811,810,810,1600,810
2007/12/28,812,842,812,814,1100,814
2008/01/07,813,814,813,814,400,814
2008/01/08,814,814,810,810,600,810
2008/01/09,811,811,804,805,400,805
2008/01/11,805,805,805,805,200,805
2008/01/15,804,804,794,795,1300,795
2008/01/16,790,791,734,735,1400,735
2008/01/17,719,721,717,721,900,721
2008/01/18,719,722,719,722,600,722
2008/01/21,722,730,722,730,900,730
2008/01/22,730,731,729,730,800,730
2008/01/24,729,730,729,730,400,730
2008/01/25,805,808,799,800,1600,800
2008/01/28,799,800,799,800,200,800
2008/01/29,800,800,800,800,2000,800
2008/01/30,830,841,800,800,1700,800
2008/01/31,801,801,801,801,200,801
2008/02/01,800,831,800,801,1200,801
2008/02/04,830,830,825,825,600,825
2008/02/05,825,825,825,825,400,825
2008/02/06,809,810,745,750,2100,750
2008/02/08,754,755,750,751,600,751
2008/02/12,800,800,800,800,200,800
2008/02/13,779,780,739,740,2000,740
2008/02/14,740,741,733,736,2400,736
2008/02/19,735,736,735,736,200,736
2008/02/25,761,761,760,760,200,760
2008/02/26,760,761,760,761,600,761
2008/02/27,764,800,764,800,1200,800
2008/02/28,800,805,799,800,400,800
2008/02/29,800,811,800,810,1800,810
2008/03/03,809,810,809,810,1000,810
2008/03/04,810,813,800,813,2700,813
2008/03/05,799,799,795,795,200,795
2008/03/06,811,811,799,800,400,800
2008/03/07,799,800,799,800,300,800
2008/03/10,800,820,745,745,900,745
2008/03/14,779,780,750,750,800,750
2008/03/17,749,750,744,746,800,746
2008/03/19,746,746,745,746,1200,746
2008/03/21,752,752,746,750,800,750
2008/03/24,750,750,750,750,1700,750
2008/03/25,710,711,706,711,600,711
2008/03/26,721,721,721,721,100,721
2008/03/27,739,750,739,750,500,750
2008/03/28,750,779,750,779,700,779
2008/04/01,789,790,789,790,600,790
2008/04/02,760,771,760,767,600,767
2008/04/03,760,770,760,770,200,770
2008/04/04,770,770,770,770,200,770
2008/04/07,760,775,760,765,500,765
2008/04/08,765,775,765,775,200,775
2008/04/09,760,760,760,760,100,760
2008/04/10,760,760,751,760,400,760
2008/04/14,755,780,755,780,300,780
2008/04/15,784,784,784,784,100,784
2008/04/16,780,780,780,780,100,780
2008/04/17,766,766,766,766,200,766
2008/04/18,779,780,770,779,900,779
2008/04/21,771,771,770,770,300,770
2008/04/22,770,770,770,770,900,770
2008/04/23,770,770,770,770,1000,770
2008/04/24,766,766,762,762,300,762
2008/04/25,763,770,763,764,700,764
2008/04/28,763,763,760,761,1300,761
2008/04/30,762,784,762,782,900,782
2008/05/01,782,782,768,768,200,768
2008/05/02,768,768,765,768,300,768
2008/05/07,768,768,760,760,1200,760
2008/05/08,768,768,759,759,700,759
2008/05/09,753,753,753,753,300,753
2008/05/12,753,754,710,747,1800,747
2008/05/13,750,750,750,750,700,750
2008/05/16,750,750,750,750,900,750
2008/05/19,750,750,749,749,400,749
2008/05/20,748,750,748,748,400,748
2008/05/21,749,749,748,748,1000,748
2008/05/22,750,750,748,748,6500,748
2008/05/23,750,750,750,750,700,750
2008/05/26,760,760,750,750,1100,750
2008/05/27,751,768,750,768,1700,768
2008/05/28,752,765,712,765,7200,765
2008/05/29,760,765,760,765,300,765
2008/05/30,768,779,751,779,1300,779
2008/06/02,779,779,761,778,300,778
2008/06/03,777,777,737,767,2600,767
2008/06/04,757,765,757,765,500,765
2008/06/05,765,765,765,765,200,765
2008/06/06,769,770,769,770,200,770
2008/06/09,759,769,757,769,500,769
2008/06/10,768,769,768,769,200,769
2008/06/11,770,770,770,770,100,770
2008/06/12,765,775,765,775,400,775
2008/06/13,774,774,774,774,200,774
2008/06/16,775,779,770,779,1000,779
2008/06/17,780,788,770,770,700,770
2008/06/18,770,770,765,765,900,765
2008/06/19,760,760,760,760,100,760
2008/06/20,762,762,760,760,1600,760
2008/06/23,760,765,760,760,800,760
2008/06/24,760,760,760,760,2200,760
2008/06/25,758,760,751,759,1500,759
2008/06/26,759,760,759,760,200,760
2008/06/27,765,776,761,776,900,776
2008/06/30,765,776,765,776,700,776
2008/07/01,776,776,760,760,1600,760
2008/07/02,769,769,758,768,1300,768
2008/07/03,767,767,767,767,100,767
2008/07/04,766,766,766,766,100,766
2008/07/07,766,767,760,767,1200,767
2008/07/08,766,766,754,764,1900,764
2008/07/09,764,764,760,760,1000,760
2008/07/10,764,764,764,764,200,764
2008/07/11,763,763,762,762,400,762
2008/07/14,760,762,750,762,1800,762
2008/07/15,761,761,748,759,1000,759
2008/07/16,759,759,749,750,1100,750
2008/07/18,755,755,749,749,1100,749
2008/07/22,744,749,744,746,1400,746
2008/07/23,746,750,744,749,3100,749
2008/07/24,745,749,745,749,900,749
2008/07/25,745,745,745,745,1300,745
2008/07/28,750,759,750,755,500,755
2008/07/29,750,754,750,754,1300,754
2008/07/30,755,760,754,758,2000,758
2008/07/31,756,758,754,758,1500,758
2008/08/01,758,763,758,758,2600,758
2008/08/04,758,758,756,756,1500,756
2008/08/05,756,756,755,756,800,756
2008/08/06,758,758,757,758,1000,758
2008/08/07,758,758,755,758,2400,758
2008/08/08,756,756,754,754,1500,754
2008/08/11,755,762,755,760,1600,760
2008/08/12,760,760,758,758,1400,758
2008/08/13,755,759,755,758,2600,758
2008/08/14,755,762,753,762,3900,762
2008/08/15,686,695,671,671,4000,671
2008/08/18,672,691,671,672,2100,672
2008/08/19,672,672,670,670,1200,670
2008/08/20,670,685,670,685,500,685
2008/08/21,668,685,667,667,600,667
2008/08/22,668,670,667,670,800,670
2008/08/25,670,675,670,672,1200,672
2008/08/26,672,672,670,670,1800,670
2008/08/27,669,669,667,667,1000,667
2008/08/28,662,662,620,640,800,640
2008/08/29,640,659,640,659,1200,659
2008/09/01,669,669,602,613,2000,613
2008/09/02,613,613,603,603,600,603
2008/09/03,603,605,590,590,1000,590
2008/09/04,590,595,562,562,1300,562
2008/09/05,555,555,530,530,1700,530
2008/09/08,540,540,513,513,1100,513
2008/09/09,513,513,510,510,400,510
2008/09/10,544,544,544,544,100,544
2008/09/11,542,542,542,542,100,542
2008/09/12,530,540,510,540,800,540
2008/09/16,515,515,515,515,100,515
2008/09/17,517,518,511,518,700,518
2008/09/18,518,519,515,519,400,519
2008/09/19,587,587,587,587,900,587
2008/09/22,560,560,560,560,100,560
2008/09/24,561,582,560,582,700,582
2008/09/25,582,582,582,582,1600,582
2008/09/26,583,585,582,582,1300,582
2008/09/29,552,555,552,555,300,555
2008/09/30,555,594,555,594,1000,594
2008/10/01,542,550,541,550,300,550
2008/10/02,590,590,590,590,300,590
2008/10/03,558,558,550,551,700,551
2008/10/06,531,540,530,540,400,540
2008/10/07,500,500,495,500,1600,500
2008/10/08,500,500,485,485,1200,485
2008/10/09,405,405,405,405,400,405
2008/10/10,350,350,341,350,1100,350
2008/10/14,420,430,420,430,400,430
2008/10/15,510,510,510,510,400,510
2008/10/16,431,450,430,450,600,450
2008/10/17,470,470,455,455,300,455
2008/10/20,530,530,500,520,1100,520
2008/10/21,500,500,500,500,200,500
2008/10/22,510,510,510,510,800,510
2008/10/23,511,511,511,511,400,511
2008/10/24,520,520,512,512,1300,512
2008/10/27,512,550,512,550,800,550
2008/10/28,550,550,520,520,400,520
2008/10/30,520,570,520,570,300,570
2008/10/31,597,597,571,596,800,596
2008/11/04,590,590,557,557,200,557
2008/11/05,557,557,553,553,200,553
2008/11/06,554,554,554,554,100,554
2008/11/10,519,520,519,520,400,520
2008/11/11,480,480,480,480,1000,480
2008/11/12,500,500,465,465,300,465
2008/11/13,458,458,458,458,200,458
2008/11/14,459,459,459,459,100,459
2008/11/18,530,530,530,530,700,530
2008/11/20,510,510,510,510,100,510
2008/11/21,495,500,495,500,300,500
2008/11/25,500,500,500,500,300,500
2008/11/27,503,550,503,550,700,550
2008/11/28,550,580,550,580,1500,580
2008/12/01,580,581,580,581,300,581
2008/12/02,588,588,580,580,1600,580
2008/12/03,540,550,540,550,200,550
2008/12/04,550,550,549,549,200,549
2008/12/09,530,530,530,530,100,530
2008/12/10,563,563,563,563,300,563
2008/12/11,600,600,600,600,1000,600
2008/12/12,575,575,575,575,300,575
2008/12/15,555,556,551,555,800,555
2008/12/16,560,560,560,560,100,560
2008/12/17,559,559,559,559,200,559
2008/12/18,600,600,600,600,600,600
2008/12/19,586,597,586,597,200,597
2008/12/22,554,554,554,554,200,554
2008/12/24,574,574,574,574,100,574
2008/12/25,574,585,574,585,500,585
2008/12/26,586,586,585,585,1000,585
2008/12/29,610,669,610,631,1200,631
2008/12/30,631,662,631,662,800,662
2009/01/05,662,662,662,662,700,662
2009/01/06,682,682,682,682,300,682
2009/01/07,642,642,642,642,200,642
2009/01/08,631,631,631,631,300,631
2009/01/09,649,649,649,649,200,649
2009/01/13,630,630,630,630,200,630
2009/01/15,616,616,616,616,100,616
2009/01/19,620,620,600,600,800,600
2009/01/20,570,570,570,570,200,570
2009/01/22,570,600,570,600,1300,600
2009/01/23,600,600,600,600,800,600
2009/01/26,520,520,520,520,500,520
2009/01/27,520,530,520,520,1700,520
2009/01/28,542,548,542,548,200,548
2009/01/30,558,558,548,550,800,550
2009/02/02,570,570,570,570,600,570
2009/02/05,555,555,555,555,100,555
2009/02/06,555,555,550,550,500,550
2009/02/09,551,551,504,504,300,504
2009/02/12,506,506,493,506,1400,506
2009/02/13,536,536,536,536,100,536
2009/02/18,566,566,564,564,800,564
2009/02/19,524,524,524,524,200,524
2009/02/20,500,500,500,500,100,500
2009/02/23,488,500,488,500,200,500
2009/02/24,500,501,500,501,200,501
2009/02/27,548,548,548,548,600,548
2009/03/02,548,600,548,600,1000,600
2009/03/03,600,600,600,600,1700,600
2009/03/04,595,595,560,560,300,560
2009/03/05,550,550,546,546,300,546
2009/03/09,545,545,545,545,400,545
2009/03/10,506,506,485,485,300,485
2009/03/11,485,500,485,500,200,500
2009/03/12,500,500,500,500,100,500
2009/03/16,486,487,486,487,200,487
2009/03/17,500,500,500,500,100,500
2009/03/18,600,600,500,500,1000,500
2009/03/19,500,500,490,500,600,500
2009/03/23,500,501,500,501,400,501
2009/03/24,544,544,511,511,700,511
2009/03/25,511,511,511,511,400,511
2009/03/26,511,512,505,505,2500,505
2009/03/27,507,519,507,519,300,519
2009/03/30,521,521,514,514,1900,514
2009/04/01,544,544,544,544,300,544
2009/04/02,540,541,540,541,200,541
2009/04/03,505,507,505,507,1900,507
2009/04/06,504,504,504,504,200,504
2009/04/07,504,505,500,500,300,500
2009/04/08,502,504,502,504,400,504
2009/04/10,515,515,510,510,400,510
2009/04/13,519,520,519,520,600,520
2009/04/14,520,540,520,540,500,540
2009/04/15,540,540,510,510,400,510
2009/04/16,510,510,510,510,3100,510
2009/04/17,537,537,537,537,700,537
2009/04/20,512,512,511,511,500,511
2009/04/21,511,529,511,515,600,515
2009/04/22,528,528,520,520,200,520
2009/04/23,525,528,521,521,400,521
2009/04/24,522,522,521,521,1400,521
2009/04/27,548,548,546,546,800,546
2009/04/28,546,546,546,546,900,546
2009/04/30,547,558,540,540,1100,540
2009/05/01,540,540,535,540,300,540
2009/05/07,556,556,510,525,2600,525
2009/05/08,517,557,517,557,1200,557
2009/05/11,556,557,556,557,300,557
2009/05/12,555,555,555,555,300,555
2009/05/13,556,556,556,556,100,556
2009/05/14,557,559,557,559,500,559
2009/05/15,561,561,555,555,500,555
2009/05/18,565,565,555,555,700,555
2009/05/19,560,560,560,560,100,560
2009/05/20,560,560,560,560,300,560
2009/05/21,560,560,560,560,400,560
2009/05/22,560,561,555,555,2600,555
2009/05/25,555,555,555,555,200,555
2009/05/26,576,576,561,561,200,561
2009/05/27,565,565,558,561,1700,561
2009/05/28,560,560,560,560,200,560
2009/05/29,570,570,560,570,1500,570
2009/06/01,570,570,560,566,1400,566
2009/06/02,575,575,575,575,100,575
2009/06/03,573,573,556,556,2000,556
2009/06/04,558,575,558,575,500,575
2009/06/05,575,575,574,574,400,574
2009/06/08,575,576,574,574,700,574
2009/06/09,576,579,576,577,800,577
2009/06/10,595,595,595,595,200,595
2009/06/11,597,598,597,598,600,598
2009/06/12,599,599,596,599,600,599
2009/06/15,600,600,597,598,3500,598
2009/06/16,600,600,591,598,1000,598
2009/06/17,598,600,597,597,600,597
2009/06/18,600,600,592,599,1000,599
2009/06/19,599,600,599,599,2000,599
2009/06/22,599,600,590,600,1000,600
2009/06/23,598,598,598,598,2200,598
2009/06/24,592,598,592,598,600,598
2009/06/25,598,598,598,598,700,598
2009/06/26,600,600,595,595,1600,595
2009/06/29,600,600,598,598,1400,598
2009/06/30,600,600,585,599,3400,599
2009/07/01,600,600,597,600,400,600
2009/07/02,600,600,599,600,3200,600
2009/07/03,600,603,599,600,2600,600
2009/07/06,605,605,600,600,1700,600
2009/07/07,601,601,600,601,1000,601
2009/07/08,602,608,602,608,1700,608
2009/07/09,608,608,603,603,500,603
2009/07/10,606,606,606,606,100,606
2009/07/13,630,630,607,607,200,607
2009/07/14,608,608,606,606,500,606
2009/07/15,606,607,601,601,1100,601
2009/07/16,605,624,605,618,300,618
2009/07/17,627,629,627,629,1200,629
2009/07/21,650,650,640,650,2500,650
2009/07/22,650,680,650,655,1900,655
2009/07/23,658,680,658,680,500,680
2009/07/24,683,690,683,690,1100,690
2009/07/27,697,698,690,698,4500,698
2009/07/28,700,710,700,710,2200,710
2009/07/29,720,730,720,730,2100,730
2009/07/30,734,750,734,750,2500,750
2009/07/31,759,770,758,759,4400,759
2009/08/03,799,800,781,797,3500,797
2009/08/04,800,800,760,760,4900,760
2009/08/05,750,750,711,750,4400,750
2009/08/06,751,751,721,735,3700,735
2009/08/07,742,750,735,749,1500,749
2009/08/10,750,785,746,777,3000,777
2009/08/11,780,780,762,773,2800,773
2009/08/12,780,790,775,790,2700,790
2009/08/13,791,793,790,793,2700,793
2009/08/14,797,798,790,794,7200,794
2009/08/17,694,710,694,694,16500,694
2009/08/18,690,694,640,694,8000,694
2009/08/19,657,661,638,638,5700,638
2009/08/20,601,618,601,614,5100,614
2009/08/21,610,610,590,600,5100,600
2009/08/24,610,614,606,609,2900,609
2009/08/25,610,610,603,603,5300,603
2009/08/26,598,600,595,598,3100,598
2009/08/27,598,600,597,597,1200,597
2009/08/28,602,602,590,590,2400,590
2009/08/31,597,597,585,585,700,585
2009/09/01,583,583,574,580,1800,580
2009/09/02,578,590,575,575,1700,575
2009/09/03,574,583,574,583,300,583
2009/09/04,583,590,582,582,900,582
2009/09/07,582,582,570,570,900,570
2009/09/08,570,580,570,580,1200,580
2009/09/09,578,578,566,566,1300,566
2009/09/10,570,570,565,565,1100,565
2009/09/11,565,566,560,560,1700,560
2009/09/14,536,538,533,534,3800,534
2009/09/15,536,539,536,539,300,539
2009/09/16,538,539,536,539,700,539
2009/09/17,537,540,537,537,600,537
2009/09/18,547,549,534,549,1900,549
2009/09/24,550,555,545,550,800,550
2009/09/25,550,557,550,551,800,551
2009/09/28,551,551,551,551,300,551
2009/09/29,551,570,551,552,600,552
2009/09/30,552,552,552,552,200,552
2009/10/01,552,568,552,566,600,566
2009/10/02,567,567,566,567,1100,567
2009/10/05,567,580,567,580,1200,580
2009/10/06,580,581,580,581,300,581
2009/10/07,581,581,581,581,100,581
2009/10/08,581,610,581,610,1300,610
2009/10/09,610,610,600,600,500,600
2009/10/13,610,612,609,612,1100,612
2009/10/14,612,612,610,610,200,610
2009/10/15,601,601,600,600,400,600
2009/10/16,583,597,583,597,200,597
2009/10/19,597,598,597,598,700,598
2009/10/20,568,568,550,550,500,550
2009/10/21,565,607,565,568,700,568
2009/10/23,569,570,569,570,200,570
2009/10/26,570,571,570,571,600,571
2009/10/27,571,571,571,571,800,571
2009/10/28,570,570,560,560,1100,560
2009/10/29,547,547,547,547,600,547
2009/10/30,590,590,550,555,400,555
2009/11/02,552,552,552,552,100,552
2009/11/04,553,573,553,573,200,573
2009/11/05,573,595,555,575,800,575
2009/11/06,593,593,593,593,600,593
2009/11/09,545,568,545,568,1500,568
2009/11/10,555,555,555,555,500,555
2009/11/11,552,552,552,552,200,552
2009/11/12,552,552,552,552,100,552
2009/11/13,552,552,552,552,200,552
2009/11/16,551,551,551,551,100,551
2009/11/17,552,552,552,552,300,552
2009/11/18,572,572,551,551,700,551
2009/11/19,545,545,545,545,100,545
2009/11/20,545,545,545,545,200,545
2009/11/24,546,546,546,546,100,546
2009/11/25,547,560,547,560,200,560
2009/11/26,560,569,560,560,400,560
2009/11/27,560,561,560,560,300,560
2009/11/30,560,560,560,560,500,560
2009/12/01,560,560,560,560,100,560
2009/12/02,566,566,560,560,300,560
2009/12/03,560,577,560,577,500,577
2009/12/04,577,580,577,580,1100,580
2009/12/07,570,570,570,570,100,570
2009/12/08,500,528,497,525,11400,525
2009/12/09,525,566,525,566,1100,566
2009/12/10,566,566,530,559,1800,559
2009/12/11,555,555,530,540,1000,540
2009/12/14,540,540,540,540,500,540
2009/12/15,536,536,536,536,300,536
2009/12/16,536,537,536,537,200,537
2009/12/17,537,548,535,536,500,536
2009/12/18,555,555,555,555,600,555
2009/12/21,540,540,540,540,100,540
2009/12/22,540,550,540,550,300,550
2009/12/24,550,550,550,550,100,550
2009/12/25,550,551,550,550,1100,550
2009/12/28,551,553,551,551,400,551
2009/12/29,551,557,551,557,600,557
2009/12/30,562,562,557,557,200,557
2010/01/04,557,557,557,557,500,557
2010/01/05,569,569,565,569,900,569
2010/01/06,569,569,569,569,400,569
2010/01/07,569,569,569,569,600,569
2010/01/08,569,577,569,577,600,577
2010/01/12,567,577,559,561,400,561
2010/01/14,565,580,565,579,700,579
2010/01/15,552,572,552,572,1200,572
2010/01/18,578,578,576,576,600,576
2010/01/19,567,567,567,567,300,567
2010/01/20,560,560,560,560,200,560
2010/01/21,561,563,560,563,300,563
2010/01/22,563,563,563,563,200,563
2010/01/25,566,571,565,571,700,571
2010/01/26,571,571,571,571,500,571
2010/01/27,571,571,571,571,1200,571
2010/01/28,556,566,556,566,300,566
2010/01/29,561,561,561,561,100,561
2010/02/01,579,579,579,579,300,579
2010/02/03,579,579,560,560,300,560
2010/02/05,560,579,560,560,1100,560
2010/02/08,560,580,560,576,800,576
2010/02/09,550,550,550,550,1000,550
2010/02/10,550,550,550,550,100,550
2010/02/12,548,548,546,546,200,546
2010/02/15,555,555,550,550,200,550
2010/02/16,565,565,560,560,400,560
2010/02/17,570,570,540,540,500,540
2010/02/18,530,540,528,540,2100,540
2010/02/19,531,531,531,531,100,531
2010/02/22,531,531,486,490,4100,490
2010/02/23,490,527,485,527,5000,527
2010/02/24,507,520,500,520,1000,520
2010/02/25,520,520,516,516,900,516
2010/02/26,510,510,510,510,100,510
2010/03/01,505,510,505,510,400,510
2010/03/04,516,525,510,510,1300,510
2010/03/05,510,546,510,546,800,546
2010/03/08,546,546,527,527,900,527
2010/03/09,528,528,527,527,200,527
2010/03/10,512,517,512,517,1000,517
2010/03/11,534,534,530,530,200,530
2010/03/15,535,535,535,535,300,535
2010/03/16,535,547,535,547,300,547
2010/03/17,547,547,537,540,500,540
2010/03/18,555,555,555,555,500,555
2010/03/19,554,554,545,545,300,545
2010/03/23,547,555,547,550,1000,550
2010/03/24,555,555,555,555,100,555
2010/03/25,565,565,555,565,700,565
2010/03/26,566,570,565,570,600,570
2010/03/29,575,577,570,570,2100,570
2010/03/30,575,580,575,580,200,580
2010/03/31,585,590,580,585,1400,585
2010/04/01,600,600,590,590,400,590
2010/04/02,597,600,596,600,700,600
2010/04/05,602,615,602,607,1400,607
2010/04/06,612,620,603,603,2700,603
2010/04/07,607,610,606,610,500,610
2010/04/08,610,631,610,621,900,621
2010/04/09,620,620,620,620,400,620
2010/04/12,620,627,615,627,2000,627
2010/04/13,629,629,620,625,1100,625
2010/04/14,629,629,626,626,300,626
2010/04/15,627,627,627,627,500,627
2010/04/16,630,630,628,628,700,628
2010/04/19,627,627,625,626,500,626
2010/04/20,626,627,622,627,500,627
2010/04/22,627,630,627,630,900,630
2010/04/23,630,633,630,631,700,631
2010/04/26,632,642,632,642,800,642
2010/04/27,643,645,643,644,700,644
2010/04/28,648,649,644,644,1200,644
2010/04/30,648,677,648,649,1500,649
2010/05/06,654,670,654,670,1300,670
2010/05/07,670,670,651,665,2300,665
2010/05/10,660,660,653,653,500,653
2010/05/11,653,667,653,653,300,653
2010/05/12,654,654,642,642,1200,642
2010/05/13,642,642,631,641,900,641
2010/05/14,635,635,635,635,100,635
2010/05/17,635,637,635,635,400,635
2010/05/18,635,635,630,630,1000,630
2010/05/19,625,625,625,625,200,625
2010/05/20,625,634,620,625,400,625
2010/05/21,625,625,625,625,300,625
2010/05/24,640,641,640,641,200,641
2010/05/25,641,642,641,641,300,641
2010/05/26,641,641,634,634,2000,634
2010/05/27,630,651,630,651,400,651
2010/05/28,652,652,637,637,1200,637
2010/05/31,647,647,637,645,600,645
2010/06/01,658,658,658,658,400,658
2010/06/02,666,666,657,657,600,657
2010/06/03,659,659,659,659,200,659
2010/06/04,669,669,669,669,500,669
2010/06/07,670,670,669,669,200,669
2010/06/08,669,669,642,650,1600,650
2010/06/09,651,651,651,651,100,651
2010/06/10,658,658,658,658,200,658
2010/06/11,658,665,650,662,500,662
2010/06/14,662,662,661,661,400,661
2010/06/15,660,668,660,660,400,660
2010/06/16,672,672,668,668,400,668
2010/06/17,673,673,672,673,700,673
2010/06/18,682,682,671,671,1900,671
2010/06/21,685,685,671,672,1700,672
2010/06/22,673,674,672,672,1900,672
2010/06/23,679,720,679,715,2600,715
2010/06/24,715,715,713,713,1100,713
2010/06/25,711,711,700,701,500,701
2010/06/28,701,710,700,709,1100,709
2010/06/29,709,710,705,705,300,705
2010/06/30,703,703,680,683,2200,683
2010/07/01,683,699,683,698,500,698
2010/07/02,708,709,708,708,600,708
2010/07/05,710,727,710,727,1600,727
2010/07/06,710,710,710,710,400,710
2010/07/07,713,715,712,715,300,715
2010/07/08,718,724,718,718,700,718
2010/07/09,720,720,719,719,400,719
2010/07/12,725,725,720,725,600,725
2010/07/13,721,735,721,735,1000,735
2010/07/14,731,740,730,740,400,740
2010/07/15,740,740,730,730,300,730
2010/07/16,735,739,735,739,900,739
2010/07/20,739,745,735,745,800,745
2010/07/21,740,744,730,736,900,736
2010/07/22,736,736,736,736,1600,736
2010/07/23,736,739,736,738,500,738
2010/07/26,740,740,724,724,1900,724
2010/07/27,730,730,727,727,500,727
2010/07/28,728,737,726,737,1200,737
2010/07/29,735,735,729,729,1100,729
2010/07/30,737,737,736,736,500,736
2010/08/02,735,735,731,735,1500,735
2010/08/03,735,735,729,730,1200,730
2010/08/04,730,730,725,725,1000,725
2010/08/05,725,725,721,724,1700,724
2010/08/06,721,721,717,717,1300,717
2010/08/09,714,714,700,705,2300,705
2010/08/10,701,705,700,705,1500,705
2010/08/11,705,705,699,702,1000,702
2010/08/12,697,701,696,701,1500,701
2010/08/13,698,702,698,702,1500,702
2010/08/16,697,703,697,700,2400,700
2010/08/17,696,700,672,692,4000,692
2010/08/18,627,636,606,613,8600,613
2010/08/19,606,611,601,602,2700,602
2010/08/20,600,601,594,601,1800,601
2010/08/23,588,588,573,573,2500,573
2010/08/24,573,580,573,575,1300,575
2010/08/25,575,583,570,583,2000,583
2010/08/26,583,583,583,583,800,583
2010/08/27,583,583,570,572,900,572
2010/08/30,561,572,560,561,800,561
2010/08/31,560,560,550,550,1000,550
2010/09/01,549,549,542,542,400,542
2010/09/02,540,541,500,541,2800,541
2010/09/03,540,540,520,536,1000,536
2010/09/06,536,536,521,525,800,525
2010/09/07,520,520,516,516,400,516
2010/09/08,515,540,515,518,1400,518
2010/09/09,518,518,517,518,700,518
2010/09/10,518,518,515,515,400,515
2010/09/13,516,536,516,536,700,536
2010/09/14,530,534,530,534,200,534
2010/09/15,525,530,525,530,400,530
2010/09/16,530,530,525,525,400,525
2010/09/17,534,534,534,534,800,534
2010/09/21,534,534,524,524,700,524
2010/09/22,524,532,524,532,600,532
2010/09/24,534,538,533,535,500,535
2010/09/27,545,545,535,536,1000,536
2010/09/29,548,554,548,554,1100,554
2010/09/30,554,554,545,545,2000,545
2010/10/01,554,554,554,554,200,554
2010/10/04,553,554,550,554,500,554
2010/10/05,554,554,545,545,900,545
2010/10/06,545,545,545,545,300,545
2010/10/07,544,545,541,545,500,545
2010/10/08,550,560,541,541,500,541
2010/10/12,540,543,525,525,900,525
2010/10/13,520,525,520,525,200,525
2010/10/14,521,521,520,520,500,520
2010/10/15,520,525,520,525,600,525
2010/10/18,534,534,520,520,700,520
2010/10/19,520,520,520,520,300,520
2010/10/20,520,520,515,515,500,515
2010/10/21,515,515,515,515,400,515
2010/10/22,507,515,507,515,3000,515
2010/10/25,515,515,515,515,400,515
2010/10/26,510,510,510,510,300,510
2010/10/27,510,511,510,511,500,511
2010/10/28,506,506,505,505,400,505
2010/10/29,505,505,501,505,500,505
2010/11/01,525,525,502,502,500,502
2010/11/02,502,502,502,502,300,502
2010/11/04,502,502,502,502,400,502
2010/11/05,503,525,503,525,800,525
2010/11/08,525,525,505,515,900,515
2010/11/09,508,508,506,506,500,506
2010/11/10,507,507,507,507,400,507
2010/11/11,517,517,514,515,500,515
2010/11/12,510,510,501,505,1600,505
2010/11/15,514,514,504,505,500,505
2010/11/16,505,505,505,505,300,505
2010/11/17,504,504,501,501,600,501
2010/11/18,520,520,515,515,800,515
2010/11/19,507,514,506,514,600,514
2010/11/22,514,514,510,510,500,510
2010/11/24,510,515,510,511,1400,511
2010/11/25,523,524,521,524,600,524
2010/11/26,524,524,524,524,1300,524
2010/11/29,524,526,521,526,500,526
2010/11/30,526,526,512,512,500,512
2010/12/01,522,522,510,510,1100,510
2010/12/02,520,520,511,511,400,511
2010/12/03,520,520,520,520,500,520
2010/12/06,520,520,520,520,1300,520
2010/12/07,520,520,520,520,700,520
2010/12/08,521,521,515,515,1000,515
2010/12/09,522,523,522,523,500,523
2010/12/10,526,530,523,530,1100,530
2010/12/13,544,544,540,540,400,540
2010/12/14,540,543,540,543,600,543
2010/12/15,545,550,545,550,800,550
2010/12/16,553,558,528,538,1700,538
2010/12/17,553,553,550,550,800,550
2010/12/20,534,550,534,550,200,550
2010/12/21,550,550,545,545,500,545
2010/12/22,645,645,556,556,19200,556
2010/12/24,560,563,520,530,13100,530
2010/12/27,530,530,501,511,6600,511
2010/12/28,510,515,504,505,12900,505
2010/12/29,507,510,506,510,2500,510
2010/12/30,505,510,505,508,2500,508
2011/01/04,510,510,505,510,2000,510
2011/01/05,511,514,506,507,1200,507
2011/01/06,507,510,506,510,1300,510
2011/01/07,508,511,508,510,1800,510
2011/01/11,510,512,506,506,3600,506
2011/01/12,506,513,505,513,1900,513
2011/01/13,510,514,505,513,2800,513
2011/01/14,508,514,508,514,2100,514
2011/01/17,514,514,508,511,1700,511
2011/01/18,514,514,510,510,2000,510
2011/01/19,510,510,508,509,2000,509
2011/01/20,510,510,504,505,5500,505
2011/01/21,500,505,500,505,8400,505
2011/01/24,510,510,505,505,2700,505
2011/01/25,502,505,500,505,1600,505
2011/01/26,506,507,504,505,700,505
2011/01/27,505,505,500,500,2400,500
2011/01/28,510,510,499,499,3700,499
2011/01/31,500,505,500,500,1000,500
2011/02/01,500,500,499,500,1700,500
2011/02/02,500,500,498,500,4000,500
2011/02/03,500,500,499,500,1000,500
2011/02/04,500,500,496,500,3400,500
2011/02/07,500,500,498,500,1400,500
2011/02/08,500,500,500,500,5100,500
2011/02/09,500,500,498,499,2000,499
2011/02/10,500,507,498,507,4300,507
2011/02/14,510,510,505,506,2400,506
2011/02/15,510,510,501,509,2800,509
2011/02/16,505,505,502,505,700,505
2011/02/17,510,510,505,510,700,510
2011/02/18,510,512,505,505,2800,505
2011/02/21,506,518,505,518,800,518
2011/02/22,528,528,518,524,3600,524
2011/02/23,524,524,521,523,1100,523
2011/02/24,523,525,522,524,1000,524
2011/02/25,525,529,523,529,1400,529
2011/02/28,531,535,531,532,1000,532
2011/03/01,535,538,535,535,800,535
2011/03/02,535,540,535,539,3400,539
2011/03/03,540,545,535,535,4600,535
2011/03/04,534,540,534,536,2200,536
2011/03/07,541,541,536,539,600,539
2011/03/08,541,541,539,539,1600,539
2011/03/09,540,547,537,537,2600,537
2011/03/10,541,541,531,531,2800,531
2011/03/11,530,537,530,537,500,537
2011/03/14,437,449,437,437,11100,437
2011/03/15,381,382,357,357,7100,357
2011/03/16,357,368,320,365,4700,365
2011/03/17,370,416,370,395,2900,395
2011/03/18,406,459,406,459,4600,459
2011/03/22,460,486,460,486,2300,486
2011/03/23,495,500,491,499,3300,499
2011/03/24,499,499,490,490,1500,490
2011/03/25,495,495,494,495,500,495
2011/03/28,495,495,460,494,2900,494
2011/03/29,490,490,460,480,900,480
2011/03/30,480,482,480,480,700,480
2011/03/31,486,493,485,493,500,493
2011/04/01,497,499,495,499,1500,499
2011/04/04,500,500,500,500,400,500
2011/04/05,500,500,495,495,1000,495
2011/04/06,500,500,481,481,700,481
2011/04/07,481,483,481,483,300,483
2011/04/08,483,500,483,498,600,498
2011/04/11,500,500,483,490,900,490
2011/04/12,484,498,470,477,1500,477
2011/04/13,481,481,480,480,500,480
2011/04/14,483,487,477,487,800,487
2011/04/15,468,470,454,459,3700,459
2011/04/18,460,469,460,469,1400,469
2011/04/19,469,482,469,472,1200,472
2011/04/20,480,487,480,487,900,487
2011/04/21,488,488,468,468,1200,468
2011/04/22,498,498,480,480,2000,480
2011/04/25,482,482,480,480,400,480
2011/04/26,494,494,486,486,200,486
2011/04/27,488,496,488,496,500,496
2011/04/28,496,501,490,495,900,495
2011/05/02,509,510,508,509,1400,509
2011/05/06,520,520,509,510,1000,510
2011/05/09,509,519,509,509,600,509
2011/05/10,515,519,510,515,800,515
2011/05/11,519,521,518,518,1000,518
2011/05/12,516,516,513,513,600,513
2011/05/13,513,516,513,516,200,516
2011/05/16,517,517,517,517,100,517
2011/05/17,514,514,511,513,500,513
2011/05/18,517,517,512,513,700,513
2011/05/19,513,517,513,517,300,517
2011/05/20,517,519,517,519,300,519
2011/05/23,518,518,515,515,1000,515
2011/05/24,532,533,528,528,2200,528
2011/05/25,521,521,519,520,600,520
2011/05/26,523,529,522,522,600,522
2011/05/27,529,530,523,530,1200,530
2011/05/30,535,535,528,530,700,530
2011/05/31,535,535,532,535,800,535
2011/06/01,540,541,533,541,1500,541
2011/06/02,540,540,535,536,1500,536
2011/06/03,536,536,535,536,1900,536
2011/06/06,536,536,536,536,500,536
2011/06/07,538,538,534,534,1000,534
2011/06/08,535,538,535,538,1200,538
2011/06/09,540,541,538,541,1700,541
2011/06/10,542,542,542,542,100,542
2011/06/13,550,550,545,550,2500,550
2011/06/14,550,550,548,548,2200,548
2011/06/15,549,549,542,549,1400,549
2011/06/16,548,550,548,550,700,550
2011/06/17,555,555,548,549,1000,549
2011/06/20,551,560,549,551,2100,551
2011/06/21,553,560,553,558,1300,558
2011/06/22,588,588,544,569,5900,569
2011/06/23,561,570,561,561,400,561
2011/06/24,560,570,560,570,500,570
2011/06/27,589,589,570,576,1900,576
2011/06/28,582,585,580,585,2400,585
2011/06/29,589,589,585,587,1600,587
2011/06/30,589,590,588,590,1400,590
2011/07/01,590,592,585,591,3700,591
2011/07/04,591,591,586,589,2100,589
2011/07/05,590,594,583,583,2300,583
2011/07/06,590,590,578,578,3200,578
2011/07/07,572,580,559,574,4900,574
2011/07/08,575,575,564,568,2000,568
2011/07/11,566,568,565,567,1800,567
2011/07/12,567,569,565,569,1300,569
2011/07/13,566,571,565,571,1600,571
2011/07/14,571,574,571,571,1200,571
2011/07/15,571,574,571,574,1600,574
2011/07/19,578,578,575,576,1900,576
2011/07/20,576,580,576,580,2300,580
2011/07/21,580,580,575,578,1900,578
2011/07/22,584,584,579,582,2400,582
2011/07/25,582,582,561,575,4300,575
2011/07/26,571,574,570,574,1500,574
2011/07/27,570,570,565,570,2500,570
2011/07/28,554,566,554,556,4300,556
2011/07/29,555,560,555,557,1800,557
2011/08/01,558,565,558,565,1200,565
2011/08/02,564,566,562,562,2200,562
2011/08/03,562,565,556,565,1700,565
2011/08/04,560,561,555,558,2600,558
2011/08/05,540,554,540,554,4100,554
2011/08/08,545,551,542,542,2900,542
2011/08/09,530,530,521,530,4100,530
2011/08/10,540,554,540,554,2200,554
2011/08/11,549,554,547,554,1800,554
2011/08/12,554,555,550,554,1600,554
2011/08/15,554,554,545,548,4200,548
2011/08/16,545,549,540,549,8200,549
2011/08/17,501,507,496,499,18400,499
2011/08/18,498,498,492,497,3300,497
2011/08/19,489,497,488,492,3900,492
2011/08/22,485,485,474,475,2400,475
2011/08/23,498,498,471,480,3300,480
2011/08/24,474,479,470,476,2300,476
2011/08/25,470,473,466,470,2100,470
2011/08/26,468,477,467,477,2200,477
2011/08/29,462,465,462,464,1600,464
2011/08/30,464,464,461,461,1100,461
2011/08/31,461,467,461,467,1300,467
2011/09/01,469,469,462,462,1800,462
2011/09/02,465,465,461,461,700,461
2011/09/05,461,463,461,462,1400,462
2011/09/06,462,462,458,458,2400,458
2011/09/07,460,460,460,460,100,460
2011/09/08,460,461,458,461,500,461
2011/09/09,460,460,458,458,500,458
2011/09/12,458,462,455,461,900,461
2011/09/13,460,460,460,460,100,460
2011/09/14,460,460,459,459,200,459
2011/09/15,460,460,450,456,1300,456
2011/09/16,459,459,455,456,1100,456
2011/09/20,456,456,456,456,1100,456
2011/09/21,456,488,456,488,5400,488
2011/09/22,512,512,470,476,11700,476
2011/09/26,470,470,432,436,3100,436
2011/09/27,445,445,440,445,500,445
2011/09/28,455,455,438,438,1100,438
2011/09/29,441,445,440,445,1400,445
2011/09/30,452,453,447,452,600,452
2011/10/03,448,453,448,449,700,449
2011/10/04,449,449,446,446,500,446
2011/10/05,446,449,446,449,500,449
2011/10/06,449,450,449,450,800,450
2011/10/07,450,460,450,453,1000,453
2011/10/11,460,460,460,460,300,460
2011/10/12,464,465,464,465,400,465
2011/10/13,466,472,466,470,1900,470
2011/10/14,475,475,472,472,300,472
2011/10/17,475,475,470,470,600,470
2011/10/18,470,470,469,469,700,469
2011/10/19,466,466,460,460,700,460
2011/10/20,460,460,457,457,700,457
2011/10/21,457,458,455,455,1000,455
2011/10/24,487,487,458,458,2600,458
2011/10/25,460,460,456,460,700,460
2011/10/26,456,456,450,450,900,450
2011/10/27,449,449,449,449,100,449
2011/10/28,452,455,452,453,300,453
2011/10/31,453,462,451,452,900,452
2011/11/01,460,460,451,452,500,452
2011/11/02,452,462,452,453,600,453
2011/11/04,455,463,453,463,1200,463
2011/11/07,463,463,463,463,200,463
2011/11/08,463,463,456,456,300,456
2011/11/09,455,455,452,452,2100,452
2011/11/10,452,452,450,450,300,450
2011/11/11,440,441,440,441,1900,441
2011/11/14,442,444,442,444,400,444
2011/11/15,444,444,439,440,900,440
2011/11/16,440,440,439,439,600,439
2011/11/17,438,439,438,439,400,439
2011/11/18,439,440,436,440,900,440
2011/11/21,443,445,441,442,900,442
2011/11/22,466,466,431,433,4600,433
2011/11/24,435,437,435,437,400,437
2011/11/25,437,437,437,437,1100,437
2011/11/28,437,437,433,433,1400,433
2011/11/29,426,431,425,425,3100,425
2011/11/30,428,432,428,432,500,432
2011/12/01,432,442,430,442,1100,442
2011/12/02,440,440,436,439,600,439
2011/12/05,440,441,439,441,2600,441
2011/12/06,441,441,426,433,5800,433
2011/12/07,427,430,425,425,4000,425
2011/12/08,427,440,427,427,1400,427
2011/12/09,430,440,428,429,2400,429
2011/12/12,435,438,430,432,2800,432
2011/12/13,432,439,432,439,1300,439
2011/12/14,439,449,439,448,2200,448
2011/12/15,445,448,445,446,1100,446
2011/12/16,450,458,450,452,2200,452
2011/12/19,460,469,455,469,3400,469
2011/12/20,470,475,467,475,1900,475
2011/12/21,476,476,460,466,3600,466
2011/12/22,475,476,466,476,5800,476
2011/12/26,520,520,490,495,26100,495
2011/12/27,487,499,484,497,3000,497
2011/12/28,497,500,496,499,1900,499
2011/12/29,498,500,498,499,1800,499
2011/12/30,503,503,495,503,2900,503
2012/01/04,504,509,504,509,3000,509
2012/01/05,509,520,487,498,4600,498
2012/01/06,492,499,491,491,2000,491
2012/01/10,508,508,490,496,600,496
2012/01/11,498,501,496,501,2100,501
2012/01/12,495,498,489,498,1200,498
2012/01/13,499,500,493,493,800,493
2012/01/16,491,491,487,489,1300,489
2012/01/17,500,500,490,490,1100,490
2012/01/18,497,500,492,492,800,492
2012/01/19,496,501,496,496,600,496
2012/01/20,496,500,496,498,700,498
2012/01/23,500,504,495,500,4200,500
2012/01/24,520,520,500,500,3200,500
2012/01/25,507,507,507,507,200,507
2012/01/26,508,508,503,503,700,503
2012/01/27,510,510,505,508,800,508
2012/01/30,519,519,507,507,1400,507
2012/01/31,507,515,504,508,1300,508
2012/02/01,514,515,508,509,2300,509
2012/02/02,515,515,508,515,900,515
2012/02/03,515,516,510,515,1800,515
2012/02/06,515,516,512,512,2200,512
2012/02/07,518,518,514,516,1800,516
2012/02/08,517,518,514,514,1400,514
2012/02/09,512,518,512,515,2500,515
2012/02/10,519,520,516,516,2400,516
2012/02/13,516,528,516,527,3100,527
2012/02/14,527,531,525,527,2400,527
2012/02/15,527,535,523,535,4100,535
2012/02/16,538,540,532,536,4100,536
2012/02/17,539,550,537,549,2800,549
2012/02/20,549,550,541,541,2100,541
2012/02/21,543,543,536,536,2100,536
2012/02/22,553,553,522,522,5500,522
2012/02/23,523,527,520,525,2900,525
2012/02/24,528,530,525,525,1400,525
2012/02/27,532,536,530,530,1400,530
2012/02/28,531,539,531,539,300,539
2012/02/29,544,545,533,539,2300,539
2012/03/01,539,549,530,531,2100,531
2012/03/02,532,534,529,531,2200,531
2012/03/05,539,543,533,539,2200,539
2012/03/06,536,540,531,535,1100,535
2012/03/07,532,535,531,535,1500,535
2012/03/08,535,535,528,530,3700,530
2012/03/09,530,530,525,525,4100,525
2012/03/12,530,532,526,526,2600,526
2012/03/13,527,537,527,530,1100,530
2012/03/14,531,541,531,541,400,541
2012/03/15,542,544,541,541,1300,541
2012/03/16,541,543,528,529,2500,529
2012/03/19,559,559,531,552,4600,552
2012/03/21,551,551,541,545,2000,545
2012/03/22,554,554,535,540,3400,540
2012/03/23,540,560,535,555,6000,555
2012/03/26,555,555,545,555,1500,555
2012/03/27,547,550,547,550,800,550
2012/03/28,552,560,550,560,2600,560
2012/03/29,561,570,560,562,2400,562
2012/03/30,575,585,570,584,2400,584
2012/04/02,586,601,585,601,7300,601
2012/04/03,603,617,603,605,7400,605
2012/04/04,610,616,601,613,4000,613
2012/04/05,613,648,591,648,15800,648
2012/04/06,628,645,606,612,34400,612
2012/04/09,615,615,595,595,6800,595
2012/04/10,600,603,598,598,2200,598
2012/04/11,600,603,597,597,1400,597
2012/04/12,600,602,597,598,2600,598
2012/04/13,600,602,598,599,3700,599
2012/04/16,605,605,601,601,1800,601
2012/04/17,604,604,602,604,1900,604
2012/04/18,610,616,605,605,4300,605
2012/04/19,612,613,610,610,4500,610
2012/04/20,612,613,605,605,3000,605
2012/04/23,610,614,601,614,4300,614
2012/04/24,623,623,607,610,2200,610
2012/04/25,640,641,610,617,4400,617
2012/04/26,622,624,618,619,2700,619
2012/04/27,612,645,610,615,9000,615
2012/05/01,624,630,605,610,13200,610
2012/05/02,615,615,608,615,3900,615
2012/05/07,615,619,613,619,2700,619
2012/05/08,619,620,613,615,1900,615
2012/05/09,617,617,610,610,2700,610
2012/05/10,610,613,605,606,2500,606
2012/05/11,608,608,600,608,3600,608
2012/05/14,608,610,583,583,4100,583
2012/05/15,581,582,556,580,4100,580
2012/05/16,580,580,578,578,800,578
2012/05/17,578,578,571,573,1700,573
2012/05/18,535,550,535,550,11600,550
2012/05/21,551,555,550,555,3100,555
2012/05/22,568,568,550,550,3000,550
2012/05/23,555,558,554,554,1400,554
2012/05/24,564,564,551,551,1100,551
2012/05/25,560,561,560,561,300,561
2012/05/28,562,566,560,560,1000,560
2012/05/29,560,575,560,570,1400,570
2012/05/30,571,575,565,565,3600,565
2012/05/31,565,582,565,582,900,582
2012/06/01,585,597,565,570,4300,570
2012/06/04,570,590,563,590,2100,590
2012/06/05,575,575,570,574,1200,574
2012/06/06,575,586,575,575,1000,575
2012/06/07,576,587,576,585,1300,585
2012/06/08,590,590,581,581,2100,581
2012/06/11,584,586,581,586,2500,586
2012/06/12,588,588,586,586,800,586
2012/06/13,586,592,586,591,1100,591
2012/06/14,590,595,590,590,1200,590
2012/06/15,597,600,594,594,3500,594
2012/06/18,609,613,600,611,3400,611
2012/06/19,613,617,612,614,3400,614
2012/06/20,614,630,614,630,5300,630
2012/06/21,628,628,621,627,2900,627
2012/06/22,628,628,621,626,4000,626
2012/06/25,627,629,625,625,2300,625
2012/06/26,607,607,580,596,8200,596
2012/06/27,597,610,597,608,1300,608
2012/06/28,608,614,608,614,3600,614
2012/06/29,618,620,613,620,2400,620
2012/07/02,629,630,626,629,3800,629
2012/07/03,636,636,629,631,6000,631
2012/07/04,632,636,632,632,4500,632
2012/07/05,634,640,632,640,3800,640
2012/07/06,640,650,632,648,4000,648
2012/07/09,648,666,630,666,12300,666
2012/07/10,666,666,650,663,4700,663
2012/07/11,663,663,652,660,2100,660
2012/07/12,660,663,654,660,1900,660
2012/07/13,655,662,655,660,2100,660
2012/07/17,660,661,648,650,7400,650
2012/07/18,650,650,626,630,6300,630
2012/07/19,637,638,632,637,3000,637
2012/07/20,639,639,629,638,3100,638
2012/07/23,635,635,631,635,2600,635
2012/07/24,635,635,618,628,6000,628
2012/07/25,625,625,618,618,1500,618
2012/07/26,610,622,585,614,6100,614
2012/07/27,615,628,589,610,6700,610
2012/07/30,620,620,605,614,3600,614
2012/07/31,615,616,613,615,2900,615
2012/08/01,610,615,609,615,4100,615
2012/08/02,615,618,609,610,4700,610
2012/08/03,610,613,609,610,3000,610
2012/08/06,610,610,606,610,6000,610
2012/08/07,605,610,605,608,8100,608
2012/08/08,607,609,605,608,4800,608
2012/08/09,609,619,608,611,4900,611
2012/08/10,611,618,611,618,4500,618
2012/08/13,618,619,612,618,8100,618
2012/08/14,617,617,608,616,9300,616
2012/08/15,604,613,600,606,23400,606
2012/08/16,566,583,566,573,32200,573
2012/08/17,573,577,558,562,12400,562
2012/08/20,563,564,560,562,5900,562
2012/08/21,560,560,550,555,10100,555
2012/08/22,557,558,550,557,5100,557
2012/08/23,552,555,550,554,3200,554
2012/08/24,555,555,552,553,1500,553
2012/08/27,553,555,541,547,8000,547
2012/08/28,546,547,536,544,6700,544
2012/08/29,538,538,529,529,6700,529
2012/08/30,527,527,505,505,9800,505
2012/08/31,506,510,501,501,5900,501
2012/09/03,502,505,500,500,5300,500
2012/09/04,510,510,505,505,2600,505
2012/09/05,510,510,505,505,2500,505
2012/09/06,506,508,505,505,1700,505
2012/09/07,510,523,500,506,7500,506
2012/09/10,507,509,506,506,1500,506
2012/09/11,506,508,503,503,1800,503
2012/09/12,506,519,503,514,2100,514
2012/09/13,520,520,508,509,1500,509
2012/09/14,514,514,508,508,1000,508
2012/09/18,508,514,504,504,3300,504
2012/09/19,512,512,506,506,1300,506
2012/09/20,507,514,507,507,1300,507
2012/09/21,508,512,508,512,1600,512
2012/09/24,512,513,506,506,4400,506
2012/09/25,505,509,502,509,3500,509
2012/09/26,510,510,510,510,300,510
2012/09/27,510,510,500,507,5600,507
2012/09/28,519,519,501,502,5300,502
2012/10/01,502,509,501,506,3700,506
2012/10/02,508,509,504,504,1700,504
2012/10/03,504,505,497,499,5100,499
2012/10/04,497,500,497,500,2000,500
2012/10/05,500,503,499,499,1800,499
2012/10/09,500,504,500,500,1400,500
2012/10/10,499,507,499,505,1300,505
2012/10/11,503,504,503,504,600,504
2012/10/12,503,504,500,500,1200,500
2012/10/15,501,505,500,500,500,500
2012/10/16,500,503,500,500,900,500
2012/10/17,501,504,500,500,900,500
2012/10/18,501,505,501,504,1400,504
2012/10/19,501,510,501,504,1800,504
2012/10/22,502,509,502,509,1500,509
2012/10/23,519,519,506,513,4100,513
2012/10/24,505,512,505,506,1100,506
2012/10/25,508,510,506,506,1200,506
2012/10/26,510,510,507,510,1600,510
2012/10/29,510,514,506,507,3100,507
2012/10/30,510,510,506,506,1100,506
2012/10/31,506,510,506,509,2600,509
2012/11/01,511,512,507,507,1900,507
2012/11/02,510,510,508,508,1600,508
2012/11/05,508,509,507,509,1600,509
2012/11/06,508,510,507,507,1300,507
2012/11/07,509,510,507,509,1800,509
2012/11/08,509,511,506,510,2500,510
2012/11/09,510,510,506,506,800,506
2012/11/12,506,506,503,503,1800,503
2012/11/13,503,511,501,503,3700,503
2012/11/14,503,506,502,503,800,503
2012/11/15,504,505,501,504,1600,504
2012/11/16,504,505,503,504,900,504
2012/11/19,506,508,505,507,1000,507
2012/11/20,507,509,506,508,1700,508
2012/11/21,509,510,508,510,1200,510
2012/11/22,512,512,510,512,2900,512
2012/11/26,512,518,511,518,3100,518
2012/11/27,515,519,514,517,900,517
2012/11/28,518,518,517,517,700,517
2012/11/29,517,519,517,518,700,518
2012/11/30,521,522,520,521,1700,521
2012/12/03,526,526,522,522,1200,522
2012/12/04,522,522,521,522,1800,522
2012/12/05,522,528,522,528,2300,528
2012/12/06,528,551,527,545,9000,545
2012/12/07,551,551,540,545,6500,545
2012/12/10,545,550,545,549,2400,549
2012/12/11,551,553,549,550,2400,550
2012/12/12,553,553,550,551,900,551
2012/12/13,551,551,545,546,1500,546
2012/12/14,546,549,542,549,2300,549
2012/12/17,547,552,547,551,2100,551
2012/12/18,550,550,548,549,3200,549
2012/12/19,548,551,547,549,1400,549
2012/12/20,549,555,548,555,3200,555
2012/12/21,555,558,553,555,2900,555
2012/12/25,564,564,559,559,2500,559
2012/12/26,560,560,557,560,2100,560
2012/12/27,559,561,550,560,4700,560
2012/12/28,560,562,557,560,2500,560
2013/01/04,560,565,559,565,4500,565
2013/01/07,566,568,565,568,3500,568
2013/01/08,569,571,565,571,4400,571
2013/01/09,570,571,568,571,1400,571
2013/01/10,571,572,568,569,2400,569
2013/01/11,570,574,570,574,2300,574
2013/01/15,576,582,575,582,6100,582
2013/01/16,580,598,580,586,4500,586
2013/01/17,587,595,585,593,3100,593
2013/01/18,593,594,589,590,2600,590
2013/01/21,596,600,591,598,2100,598
2013/01/22,600,600,590,596,3700,596
2013/01/23,596,605,595,604,3700,604
2013/01/24,600,603,597,601,1000,601
2013/01/25,598,601,598,601,1900,601
2013/01/28,602,607,600,607,4400,607
2013/01/29,608,608,606,606,2600,606
2013/01/30,606,606,600,602,2300,602
2013/01/31,602,603,600,601,1600,601
2013/02/01,603,603,600,600,2000,600
2013/02/04,600,603,600,603,2500,603
2013/02/05,603,605,601,605,3500,605
2013/02/06,605,609,605,609,3600,609
2013/02/07,609,610,607,610,1800,610
2013/02/08,610,610,606,609,1400,609
2013/02/12,611,612,609,609,2400,609
2013/02/13,610,611,609,609,3000,609
2013/02/14,609,610,605,608,3000,608
2013/02/15,608,609,590,602,5500,602
2013/02/18,594,602,590,593,3600,593
2013/02/19,593,598,593,598,1500,598
2013/02/20,598,608,598,603,2300,603
2013/02/21,604,607,604,607,900,607
2013/02/22,609,609,598,609,4400,609
2013/02/25,610,610,600,602,3800,602
2013/02/26,575,590,575,587,6400,587
2013/02/27,587,590,587,590,1400,590
2013/02/28,597,603,597,600,3300,600
2013/03/01,600,605,600,601,1900,601
2013/03/04,605,609,603,607,3900,607
2013/03/05,607,610,607,608,2500,608
2013/03/06,610,612,610,610,2200,610
2013/03/07,609,611,609,610,2200,610
2013/03/08,610,613,607,613,3200,613
2013/03/11,617,618,612,615,3300,615
2013/03/12,615,619,615,618,2300,618
2013/03/13,616,619,616,617,1000,617
2013/03/14,618,620,618,620,900,620
2013/03/15,620,622,616,617,4500,617
2013/03/18,622,622,619,622,2700,622
2013/03/19,621,623,612,622,6100,622
2013/03/21,623,625,623,625,2200,625
2013/03/22,635,635,626,626,3300,626
2013/03/25,631,638,629,631,6000,631
2013/03/26,637,640,635,639,2800,639
2013/03/27,640,652,640,652,4500,652
2013/03/28,667,700,667,678,9000,678
2013/03/29,680,700,679,689,11700,689
2013/04/01,698,710,695,700,8200,700
2013/04/02,695,695,650,683,7700,683
2013/04/03,693,700,693,693,3200,693
2013/04/04,693,693,682,692,2600,692
2013/04/05,695,710,693,696,6000,696
2013/04/08,700,725,670,675,25000,675
2013/04/09,685,688,681,681,4900,681
2013/04/10,682,683,680,681,3600,681
2013/04/11,683,696,680,682,14100,682
2013/04/12,681,684,676,679,8700,679
2013/04/15,680,681,676,678,7700,678
2013/04/16,676,676,669,671,6300,671
2013/04/17,672,678,672,677,5300,677
2013/04/18,682,682,673,680,5200,680
2013/04/19,682,682,676,680,5100,680
2013/04/22,690,690,679,683,15500,683
2013/04/23,685,685,678,682,10900,682
2013/04/24,683,683,679,679,7300,679
2013/04/25,681,682,678,681,6900,681
2013/04/26,684,687,681,687,12300,687
2013/04/30,707,707,691,692,9700,692
2013/05/01,688,692,684,686,17800,686
2013/05/02,692,695,689,690,15300,690
2013/05/07,711,711,705,707,12700,707
2013/05/08,710,713,708,712,7100,712
2013/05/09,724,725,714,716,9400,716
2013/05/10,731,734,718,725,5100,725
2013/05/13,735,735,726,733,6500,733
2013/05/14,754,754,734,753,7400,753
2013/05/15,755,756,749,753,6400,753
2013/05/16,754,754,711,714,15900,714
2013/05/17,718,735,711,716,4600,716
2013/05/20,731,734,724,733,3300,733
2013/05/21,734,751,734,751,4700,751
2013/05/22,753,760,749,760,6200,760
2013/05/23,760,768,755,755,7000,755
2013/05/24,755,760,750,753,7300,753
2013/05/27,753,753,738,738,4100,738
2013/05/28,725,745,725,741,3800,741
2013/05/29,747,749,745,745,2700,745
2013/05/30,743,745,720,720,7900,720
2013/05/31,723,733,723,730,2100,730
2013/06/03,725,730,710,720,5500,720
2013/06/04,700,715,690,704,9200,704
2013/06/05,710,728,709,709,3500,709
2013/06/06,706,710,680,680,6500,680
2013/06/07,650,662,585,615,22000,615
2013/06/10,640,668,639,660,8400,660
2013/06/11,680,680,669,669,2500,669
2013/06/12,669,670,664,670,2200,670
2013/06/13,674,679,670,670,1900,670
2013/06/14,678,678,650,675,5400,675
2013/06/17,675,680,675,678,1800,678
2013/06/18,690,690,685,687,1700,687
2013/06/19,687,698,687,697,3000,697
2013/06/20,700,710,700,704,2800,704
2013/06/21,710,717,705,717,5200,717
2013/06/24,747,747,725,736,4000,736
2013/06/25,742,743,735,739,2700,739
2013/06/26,735,744,729,729,4800,729
2013/06/27,731,731,720,726,5900,726
2013/06/28,734,734,727,734,2200,734
2013/07/01,740,745,737,745,3000,745
2013/07/02,750,760,746,759,4700,759
2013/07/03,759,760,756,760,4200,760
2013/07/04,760,770,760,765,4700,765
2013/07/05,760,771,755,767,7500,767
2013/07/08,772,775,768,768,6700,768
2013/07/09,770,775,760,763,9400,763
2013/07/10,770,774,768,770,5000,770
2013/07/11,772,775,770,771,2900,771
2013/07/12,774,774,769,769,5300,769
2013/07/16,772,779,772,779,2600,779
2013/07/17,778,779,777,779,2900,779
2013/07/18,779,780,777,780,4100,780
2013/07/19,780,785,780,783,11400,783
2013/07/22,787,796,785,796,6200,796
2013/07/23,810,840,810,819,29400,819
2013/07/24,820,820,804,813,10700,813
2013/07/25,806,812,798,806,9500,806
2013/07/26,805,808,796,805,4900,805
2013/07/29,805,805,798,803,7200,803
2013/07/30,799,803,799,802,4300,802
2013/07/31,802,802,796,798,4100,798
2013/08/01,800,804,800,804,3100,804
2013/08/02,802,804,802,804,4200,804
2013/08/05,804,804,801,804,5300,804
2013/08/06,803,805,795,805,11100,805
2013/08/07,803,804,790,803,9800,803
2013/08/08,802,804,800,800,3200,800
2013/08/09,802,804,800,800,2200,800
2013/08/12,800,802,800,802,3100,802
2013/08/13,803,805,800,805,4000,805
2013/08/14,805,806,802,805,3800,805
2013/08/15,807,809,806,809,5300,809
2013/08/16,805,813,803,813,8200,813
2013/08/19,814,830,810,817,9600,817
2013/08/20,825,825,817,822,4600,822
2013/08/21,819,820,814,820,4500,820
2013/08/22,818,818,815,817,4800,817
2013/08/23,818,819,811,815,6300,815
2013/08/26,818,824,816,824,10400,824
2013/08/27,826,833,824,832,15800,832
2013/08/28,757,757,728,728,47000,728
2013/08/29,730,734,703,707,10500,707
2013/08/30,707,734,703,713,10400,713
2013/09/02,707,710,698,701,7300,701
2013/09/03,701,701,695,695,4000,695
2013/09/04,695,698,690,691,3800,691
2013/09/05,691,692,688,688,2400,688
2013/09/06,688,691,686,688,2300,688
2013/09/09,693,695,688,689,2500,689
2013/09/10,688,691,688,689,3000,689
2013/09/11,689,690,686,687,3800,687
2013/09/12,688,690,687,690,3300,690
2013/09/13,690,690,689,690,1800,690
2013/09/17,691,698,691,698,1800,698
2013/09/18,700,702,699,700,2900,700
2013/09/19,704,705,703,705,2800,705
2013/09/20,706,711,706,710,3800,710
2013/09/24,711,712,709,710,3200,710
2013/09/25,715,715,712,714,4000,714
2013/09/26,714,715,711,713,1300,713
2013/09/27,713,715,710,713,3500,713
2013/09/30,713,713,712,712,2000,712
2013/10/01,712,713,705,707,4700,707
2013/10/02,705,711,703,711,3000,711
2013/10/03,711,713,706,707,2100,707
2013/10/04,708,708,703,703,1300,703
2013/10/07,703,705,700,700,2000,700
2013/10/08,701,701,698,700,1700,700
2013/10/09,698,706,698,701,1400,701
2013/10/10,701,704,701,704,800,704
2013/10/11,703,708,703,703,1700,703
2013/10/15,703,704,701,701,2200,701
2013/10/16,701,704,700,701,2600,701
2013/10/17,703,705,702,703,1300,703
2013/10/18,703,705,702,702,1300,702
2013/10/21,708,708,702,704,3800,704
2013/10/22,708,708,704,704,2000,704
2013/10/23,704,707,704,706,900,706
2013/10/24,706,707,706,706,800,706
2013/10/25,708,709,706,709,1000,709
2013/10/28,709,709,704,706,1300,706
2013/10/29,706,709,706,708,800,708
2013/10/30,708,711,708,709,1700,709
2013/10/31,709,709,704,704,2400,704
2013/11/01,708,708,701,701,2000,701
2013/11/05,701,706,701,706,800,706
2013/11/06,706,707,705,707,1000,707
2013/11/07,707,707,707,707,100,707
2013/11/08,708,708,707,707,600,707
2013/11/11,709,711,706,706,2100,706
2013/11/12,706,708,706,706,600,706
2013/11/13,706,709,706,707,1000,707
2013/11/14,709,709,706,706,1400,706
2013/11/15,709,710,707,710,1700,710
2013/11/18,712,712,708,710,3700,710
2013/11/19,710,713,710,710,3200,710
2013/11/20,712,713,711,713,900,713
2013/11/21,716,717,713,716,3200,716
2013/11/22,720,720,718,718,4000,718
2013/11/25,720,722,720,721,2300,721
2013/11/26,723,723,721,722,1100,722
2013/11/27,722,728,722,728,2700,728
2013/11/28,730,730,724,727,2700,727
2013/11/29,728,737,728,731,3700,731
2013/12/02,737,737,731,731,6500,731
2013/12/03,730,731,728,729,2500,729
2013/12/04,727,735,727,731,1800,731
2013/12/05,732,732,728,729,1900,729
2013/12/06,729,731,727,727,2500,727
2013/12/09,730,734,728,732,2900,732
2013/12/10,732,735,732,735,2400,735
2013/12/11,735,735,733,735,2800,735
2013/12/12,735,735,730,734,3200,734
2013/12/13,728,734,728,730,2600,730
2013/12/16,728,730,728,728,2400,728
2013/12/17,728,728,726,727,2200,727
2013/12/18,725,727,722,726,3600,726
2013/12/19,726,729,724,724,1600,724
2013/12/20,724,725,722,723,2300,723
2013/12/24,725,727,723,725,4000,725
2013/12/25,722,725,720,722,5800,722
2013/12/26,716,726,716,722,3300,722
2013/12/27,722,731,722,731,4400,731
2013/12/30,734,744,734,743,3600,743
2014/01/06,745,745,741,742,3700,742
2014/01/07,743,745,743,745,2400,745
2014/01/08,749,750,747,750,2900,750
2014/01/09,753,763,753,763,4900,763
2014/01/10,763,763,757,758,2300,758
2014/01/14,760,761,758,761,3700,761
2014/01/15,761,764,760,760,2000,760
2014/01/16,765,765,759,759,2300,759
2014/01/17,761,765,760,762,2200,762
2014/01/20,767,770,766,768,3600,768
2014/01/21,776,797,775,785,3500,785
2014/01/22,790,796,790,795,4100,795
2014/01/23,798,800,773,780,7500,780
2014/01/24,762,794,762,786,4800,786
2014/01/27,776,786,775,784,4900,784
2014/01/28,785,791,784,791,3900,791
2014/01/29,798,803,796,800,4800,800
2014/01/30,798,800,790,790,2700,790
2014/01/31,798,800,791,800,1500,800
2014/02/03,802,805,799,803,3700,803
2014/02/04,790,795,778,779,9900,779
2014/02/05,779,785,777,779,4400,779
2014/02/06,780,795,780,783,1400,783
2014/02/07,789,805,789,799,2000,799
2014/02/10,800,800,794,795,2800,795
2014/02/12,800,803,798,803,2400,803
2014/02/13,799,805,795,795,5100,795
2014/02/14,805,809,798,799,3300,799
2014/02/17,800,800,787,797,4000,797
2014/02/18,797,798,785,785,3600,785
2014/02/19,783,798,783,797,1800,797
2014/02/20,795,795,785,785,3500,785
2014/02/21,786,795,786,795,1000,795
2014/02/24,799,801,799,800,4000,800
2014/02/25,800,800,792,795,2700,795
2014/02/26,770,799,770,780,5900,780
2014/02/27,793,794,776,789,1200,789
2014/02/28,793,793,781,788,2100,788
2014/03/03,785,790,780,790,2300,790
2014/03/04,790,790,781,785,800,785
2014/03/05,785,789,781,785,1200,785
2014/03/06,785,790,781,786,1700,786
2014/03/07,788,789,787,787,1100,787
2014/03/10,786,787,785,786,1900,786
2014/03/11,786,790,785,788,1300,788
2014/03/12,788,793,788,792,1200,792
2014/03/13,790,792,790,790,400,790
2014/03/14,787,790,787,790,1100,790
2014/03/17,792,793,790,790,1700,790
2014/03/18,794,794,789,792,1500,792
2014/03/19,794,794,784,792,2300,792
2014/03/20,795,795,787,791,1200,791
2014/03/24,791,793,785,790,2300,790
2014/03/25,794,794,782,782,1900,782
2014/03/26,782,788,781,787,1500,787
2014/03/27,781,796,781,794,1200,794
2014/03/28,800,800,796,799,2000,799
2014/03/31,800,805,800,805,1700,805
2014/04/01,809,809,806,809,1600,809
2014/04/02,809,810,807,808,3600,808
2014/04/03,803,812,802,809,4700,809
2014/04/04,813,818,811,818,2300,818
2014/04/07,820,822,818,822,2600,822
2014/04/08,822,823,820,823,2800,823
2014/04/09,820,820,811,811,5000,811
2014/04/10,800,816,800,808,4700,808
2014/04/11,792,819,792,817,5200,817
2014/04/14,817,828,817,826,2000,826
2014/04/15,830,835,817,830,3200,830
2014/04/16,834,835,823,830,2700,830
2014/04/17,835,836,830,833,4600,833
2014/04/18,839,839,823,835,3200,835
2014/04/21,835,840,831,838,3800,838
2014/04/22,839,839,832,836,1700,836
2014/04/23,835,835,833,833,300,833
2014/04/24,840,840,832,832,2100,832
2014/04/25,840,840,830,840,2300,840
2014/04/28,840,840,832,838,1600,838
2014/04/30,840,840,832,835,2500,835
2014/05/01,839,839,833,839,1300,839
2014/05/02,840,841,834,841,2800,841
2014/05/07,841,846,840,844,3500,844
2014/05/08,845,855,845,849,3400,849
2014/05/09,858,868,858,860,3400,860
2014/05/12,855,867,855,861,4300,861
2014/05/13,862,874,862,866,4000,866
2014/05/14,868,875,868,872,1800,872
2014/05/15,873,880,872,880,3700,880
2014/05/16,885,899,880,896,4600,896
2014/05/19,900,907,897,901,4800,901
2014/05/20,910,910,905,909,2500,909
2014/05/21,909,909,900,905,3500,905
2014/05/22,910,910,890,896,3600,896
2014/05/23,907,907,853,866,8700,866
2014/05/26,881,885,881,885,2500,885
2014/05/27,886,886,883,886,1400,886
2014/05/28,886,902,886,900,2000,900
2014/05/29,905,905,898,903,2100,903
2014/05/30,903,904,900,904,1600,904
2014/06/02,904,905,901,901,2000,901
2014/06/03,905,905,901,902,2900,902
2014/06/04,902,905,901,901,1800,901
2014/06/05,901,906,901,903,4000,903
2014/06/06,903,925,902,921,4800,921
2014/06/09,921,936,921,935,2900,935
2014/06/10,935,965,933,965,8900,965
2014/06/11,966,993,966,991,12600,991
2014/06/12,998,999,960,975,17100,975
2014/06/13,970,984,970,973,3900,973
2014/06/16,984,985,979,980,3000,980
2014/06/17,984,989,984,987,2700,987
2014/06/18,990,1000,985,1000,8000,1000
2014/06/19,1005,1010,999,1009,5500,1009
2014/06/20,1007,1007,988,990,8300,990
2014/06/23,990,1008,990,1005,5700,1005
2014/06/24,1005,1020,1002,1019,7100,1019
2014/06/25,1019,1022,1001,1010,6900,1010
2014/06/26,1010,1024,1008,1023,3900,1023
2014/06/27,1029,1044,1016,1044,4300,1044
2014/06/30,1044,1059,1039,1059,6100,1059
2014/07/01,1070,1118,1070,1100,9500,1100
2014/07/02,1100,1137,1100,1128,9100,1128
2014/07/03,1170,1170,1126,1150,13100,1150
2014/07/04,1155,1169,1152,1161,8700,1161
2014/07/07,1190,1246,1180,1233,9800,1233
2014/07/08,1230,1230,1195,1225,11800,1225
2014/07/09,1200,1210,1190,1190,9300,1190
2014/07/10,1191,1191,1124,1138,14400,1138
2014/07/11,1120,1120,1100,1110,11000,1110
2014/07/14,1109,1130,1095,1130,9600,1130
2014/07/15,1149,1150,1137,1150,6200,1150
2014/07/16,1150,1150,1138,1149,4000,1149
2014/07/17,1150,1150,1136,1140,4200,1140
2014/07/18,1140,1149,1131,1149,3100,1149
2014/07/22,1145,1168,1145,1163,6300,1163
2014/07/23,1188,1188,1151,1160,6600,1160
2014/07/24,1170,1170,1162,1168,2100,1168
2014/07/25,1169,1189,1165,1183,8500,1183
2014/07/28,1183,1197,1179,1197,7700,1197
2014/07/29,1200,1220,1195,1214,8300,1214
2014/07/30,1218,1219,1210,1210,4400,1210
2014/07/31,1217,1218,1206,1206,3500,1206
2014/08/01,1200,1200,1186,1186,8600,1186
2014/08/04,1186,1200,1186,1188,5400,1188
2014/08/05,1189,1189,1179,1180,5700,1180
2014/08/06,1178,1180,1175,1180,2800,1180
2014/08/07,1170,1177,1160,1162,4200,1162
2014/08/08,1158,1190,1150,1150,9500,1150
2014/08/11,1180,1180,1150,1165,5400,1165
2014/08/12,1165,1179,1165,1175,2200,1175
2014/08/13,1175,1175,1171,1172,1700,1172
2014/08/14,1175,1180,1175,1179,3000,1179
2014/08/15,1180,1188,1179,1188,2200,1188
2014/08/18,1185,1186,1175,1186,6000,1186
2014/08/19,1186,1189,1183,1186,2900,1186
2014/08/20,1186,1190,1185,1188,6100,1188
2014/08/21,1188,1194,1185,1193,6700,1193
2014/08/22,1195,1195,1185,1188,7600,1188
2014/08/25,1198,1203,1188,1202,10000,1202
2014/08/26,1205,1218,1204,1218,12600,1218
2014/08/27,1098,1114,1086,1090,36200,1090
2014/08/28,1089,1089,1066,1067,9900,1067
2014/08/29,1052,1060,1028,1060,9200,1060
2014/09/01,1052,1055,1035,1035,4300,1035
2014/09/02,1031,1032,1022,1022,5700,1022
2014/09/03,1021,1022,1014,1020,5400,1020
2014/09/04,1020,1023,1013,1019,3100,1019
2014/09/05,1020,1035,1020,1035,4700,1035
2014/09/08,1035,1035,1023,1024,3200,1024
2014/09/09,1023,1025,1021,1025,2200,1025
2014/09/10,1028,1032,1026,1028,2700,1028
2014/09/11,1028,1030,1028,1029,1400,1029
2014/09/12,1029,1030,1028,1029,1000,1029
2014/09/16,1028,1028,1022,1022,2200,1022
2014/09/17,1022,1026,1021,1025,2000,1025
2014/09/18,1023,1023,1021,1021,2200,1021
2014/09/19,1024,1029,1021,1029,2200,1029
2014/09/22,1021,1025,1021,1024,2700,1024
2014/09/24,1021,1025,1020,1022,4000,1022
2014/09/25,1022,1022,1017,1019,2600,1019
2014/09/26,1014,1019,1011,1013,2800,1013
2014/09/29,1010,1023,1010,1014,2200,1014
2014/09/30,1010,1014,1009,1011,2700,1011
2014/10/01,1011,1011,1001,1003,3800,1003
2014/10/02,1001,1005,999,999,5100,999
2014/10/03,999,1004,999,1001,3300,1001
2014/10/06,1015,1015,1003,1005,4900,1005
2014/10/07,1015,1015,1003,1005,2400,1005
2014/10/08,1004,1004,1000,1002,2400,1002
2014/10/09,1002,1002,1001,1002,800,1002
2014/10/10,1000,1002,1000,1000,2100,1000
2014/10/14,998,1000,994,995,3900,995
2014/10/15,995,1000,993,998,1100,998
2014/10/16,998,998,990,990,1300,990
2014/10/17,990,1000,988,988,2300,988
2014/10/20,989,994,989,992,1700,992
2014/10/21,999,1001,991,1001,1100,1001
2014/10/22,1002,1004,995,1004,1600,1004
2014/10/23,1004,1004,995,995,1900,995
2014/10/24,996,998,995,995,1000,995
2014/10/27,998,1003,998,1003,800,1003
2014/10/28,1007,1007,1000,1004,300,1004
2014/10/29,1003,1010,1003,1004,1400,1004
2014/10/30,1004,1006,1002,1006,600,1006
2014/10/31,1006,1009,1006,1007,1200,1007
2014/11/04,1009,1013,1007,1007,2200,1007
2014/11/05,1007,1010,1005,1006,2100,1006
2014/11/06,1001,1010,1001,1002,2800,1002
2014/11/07,1002,1002,1000,1000,2100,1000
2014/11/10,1014,1014,1001,1009,1600,1009
2014/11/11,1009,1015,1009,1015,1600,1015
2014/11/12,1009,1015,1009,1015,1400,1015
2014/11/13,1015,1017,1010,1017,1300,1017
2014/11/14,1017,1020,1016,1016,500,1016
2014/11/17,1016,1020,1013,1013,2300,1013
2014/11/18,1012,1014,1012,1012,1600,1012
2014/11/19,1012,1015,1007,1015,2100,1015
2014/11/20,1015,1015,1011,1011,800,1011
2014/11/21,1011,1015,1011,1015,800,1015
2014/11/25,1020,1021,1018,1021,2100,1021
2014/11/26,1020,1024,1018,1020,1500,1020
2014/11/27,1018,1019,1017,1017,1500,1017
2014/11/28,1015,1020,1015,1020,500,1020
2014/12/01,1023,1088,1023,1072,12800,1072
2014/12/02,1075,1075,1039,1073,12600,1073
2014/12/03,1069,1069,1059,1060,900,1060
2014/12/04,1069,1070,1021,1045,4800,1045
2014/12/05,1065,1070,1051,1051,1000,1051
2014/12/08,1051,1062,1050,1062,4000,1062
2014/12/09,1057,1066,1057,1058,2500,1058
2014/12/10,1064,1065,1059,1062,800,1062
2014/12/11,1062,1063,1060,1063,2600,1063
2014/12/12,1063,1069,1063,1069,1800,1069
2014/12/15,1065,1079,1065,1078,3100,1078
2014/12/16,1079,1080,1065,1079,3100,1079
2014/12/17,1079,1079,1050,1052,4300,1052
2014/12/18,1070,1070,1051,1060,2300,1060
2014/12/19,1078,1081,1060,1075,4100,1075
2014/12/22,1075,1079,1070,1079,2200,1079
2014/12/24,1099,1099,1079,1083,2900,1083
2014/12/25,1080,1090,1080,1090,2500,1090
2014/12/26,1100,1124,1100,1106,4800,1106
2014/12/29,1112,1132,1112,1126,4000,1126
2014/12/30,1119,1139,1119,1139,3900,1139
2015/01/05,1148,1151,1146,1150,3900,1150
2015/01/06,1148,1148,1140,1147,3500,1147
2015/01/07,1138,1160,1135,1154,7300,1154
2015/01/08,1161,1177,1155,1170,8200,1170
2015/01/09,1185,1185,1159,1159,2300,1159
2015/01/13,1138,1150,1138,1147,3600,1147
2015/01/14,1146,1159,1128,1155,3200,1155
2015/01/15,1130,1150,1122,1131,2000,1131
2015/01/16,1114,1127,1113,1124,2000,1124
2015/01/19,1130,1175,1121,1175,2300,1175
2015/01/20,1150,1167,1135,1166,3500,1166
2015/01/21,1145,1160,1130,1159,3700,1159
2015/01/22,1163,1175,1143,1156,4500,1156
2015/01/23,1156,1178,1142,1156,5400,1156
2015/01/26,1156,1157,1150,1150,1900,1150
2015/01/27,1152,1160,1152,1156,2000,1156
2015/01/28,1157,1170,1157,1160,1100,1160
2015/01/29,1160,1170,1159,1167,2300,1167
2015/01/30,1166,1178,1166,1177,2200,1177
2015/02/02,1177,1178,1171,1178,1900,1178
2015/02/03,1178,1178,1173,1178,1900,1178
2015/02/04,1179,1181,1176,1179,1800,1179
2015/02/05,1166,1178,1166,1169,2200,1169
2015/02/06,1169,1179,1169,1173,1300,1173
2015/02/09,1173,1182,1160,1182,5100,1182
2015/02/10,1182,1194,1180,1185,3800,1185
2015/02/12,1187,1194,1187,1194,2300,1194
2015/02/13,1190,1195,1190,1195,2300,1195
2015/02/16,1199,1206,1195,1206,6500,1206
2015/02/17,1207,1210,1206,1210,1900,1210
2015/02/18,1215,1217,1212,1215,3700,1215
2015/02/19,1215,1216,1199,1200,4800,1200
2015/02/20,1200,1201,1188,1189,4900,1189
2015/02/23,1190,1191,1185,1191,6800,1191
2015/02/24,1193,1198,1185,1198,5000,1198
2015/02/25,1180,1197,1179,1196,4100,1196
2015/02/26,1186,1197,1186,1188,1600,1188
2015/02/27,1190,1194,1190,1191,1500,1191
2015/03/02,1191,1215,1190,1214,4000,1214
2015/03/03,1220,1230,1219,1230,5300,1230
2015/03/04,1231,1300,1231,1257,9600,1257
2015/03/05,1265,1286,1265,1280,2300,1280
2015/03/06,1275,1280,1270,1270,1300,1270
2015/03/09,1270,1271,1258,1265,3600,1265
2015/03/10,1270,1271,1259,1271,1200,1271
2015/03/11,1270,1270,1225,1266,6500,1266
2015/03/12,1260,1279,1250,1277,3500,1277
2015/03/13,1272,1272,1264,1270,1700,1270
2015/03/16,1270,1279,1270,1279,3200,1279
2015/03/17,1273,1285,1273,1285,3200,1285
2015/03/18,1300,1334,1292,1294,15800,1294
2015/03/19,1300,1355,1300,1349,8000,1349
2015/03/20,1350,1350,1323,1350,5700,1350
2015/03/23,1349,1377,1349,1377,2800,1377
2015/03/24,1390,1480,1390,1420,12100,1420
2015/03/25,1437,1456,1437,1437,3700,1437
2015/03/26,1437,1450,1421,1421,4300,1421
2015/03/27,1422,1449,1422,1431,2500,1431
2015/03/30,1470,1470,1438,1461,2000,1461
2015/03/31,1461,1480,1461,1473,2800,1473
2015/04/01,1479,1558,1479,1516,3700,1516
2015/04/02,1527,1527,1501,1506,2900,1506
2015/04/03,1507,1521,1507,1516,4700,1516
2015/04/06,1522,1565,1522,1559,4400,1559
2015/04/07,1571,1589,1560,1566,8700,1566
2015/04/08,1569,1590,1558,1590,6700,1590
2015/04/09,1589,1589,1555,1565,7500,1565
2015/04/10,1550,1590,1479,1565,14400,1565
2015/04/13,1532,1578,1530,1538,5600,1538
2015/04/14,1527,1538,1505,1507,6700,1507
2015/04/15,1490,1491,1480,1480,7500,1480
2015/04/16,1455,1480,1453,1475,6000,1475
2015/04/17,1475,1539,1475,1515,8100,1515
2015/04/20,1515,1575,1515,1564,3200,1564
2015/04/21,1564,1610,1564,1602,8300,1602
2015/04/22,1619,1622,1570,1600,7200,1600
2015/04/23,1594,1601,1590,1590,3800,1590
2015/04/24,1575,1584,1572,1575,1400,1575
2015/04/27,1576,1590,1576,1589,1600,1589
2015/04/28,1597,1600,1587,1600,3600,1600
2015/04/30,1601,1603,1577,1603,8800,1603
2015/05/01,1603,1608,1600,1602,4700,1602
2015/05/07,1603,1632,1590,1590,8600,1590
2015/05/08,1629,1646,1604,1640,7100,1640
2015/05/11,1650,1705,1650,1694,8800,1694
2015/05/12,1698,1798,1698,1795,10300,1795
2015/05/13,1760,1773,1663,1767,12500,1767
2015/05/14,1767,1767,1716,1725,1400,1725
2015/05/15,1748,1748,1719,1730,3800,1730
2015/05/18,1745,1755,1725,1755,2900,1755
2015/05/19,1744,1760,1737,1759,3300,1759
2015/05/20,1758,1764,1750,1763,2900,1763
2015/05/21,1764,1780,1753,1780,7400,1780
2015/05/22,1781,1800,1773,1800,6800,1800
2015/05/25,1850,1858,1812,1839,6500,1839
2015/05/26,1852,1853,1825,1853,3800,1853
2015/05/27,1870,1927,1861,1924,6700,1924
2015/05/28,1900,1926,1891,1918,5400,1918
2015/05/29,1906,1936,1890,1936,9600,1936
2015/06/01,1936,1955,1932,1954,5800,1954
2015/06/02,1974,1980,1910,1956,9400,1956
2015/06/03,1933,1934,1910,1930,7800,1930
2015/06/04,1909,1933,1901,1933,4800,1933
2015/06/05,1930,1930,1922,1926,3600,1926
2015/06/08,1935,1950,1935,1950,2400,1950
2015/06/09,1950,1960,1944,1960,1600,1960
2015/06/10,1975,1995,1953,1995,4500,1995
2015/06/11,1980,1995,1980,1995,2700,1995
2015/06/12,1984,1984,1920,1922,14700,1922
2015/06/15,1923,1970,1922,1967,3100,1967
2015/06/16,1950,1950,1900,1933,4300,1933
2015/06/17,1926,1933,1918,1932,3500,1932
2015/06/18,1915,1930,1851,1895,8100,1895
2015/06/19,1895,1900,1850,1865,4500,1865
2015/06/22,1858,1858,1802,1852,9900,1852
2015/06/23,1844,1846,1836,1836,2600,1836
2015/06/24,1833,1833,1816,1823,4700,1823
2015/06/25,1815,1815,1811,1815,2400,1815
2015/06/26,1814,1865,1814,1850,3800,1850
2015/06/29,1845,1859,1820,1852,3700,1852
2015/06/30,1840,1860,1830,1850,2300,1850
2015/07/01,1863,1919,1863,1915,5100,1915
2015/07/02,1945,1949,1915,1942,5500,1942
2015/07/03,1947,1948,1944,1948,2000,1948
2015/07/06,1946,1949,1946,1947,2600,1947
2015/07/07,1947,1948,1946,1948,1500,1948
2015/07/08,1951,1972,1842,1855,10400,1855
2015/07/09,1802,1847,1698,1847,15700,1847
2015/07/10,1807,1839,1807,1820,3800,1820
2015/07/13,1820,1867,1820,1862,3500,1862
2015/07/14,1900,1920,1900,1920,3700,1920
2015/07/15,1921,1938,1911,1938,2300,1938
2015/07/16,1938,1955,1921,1955,3700,1955
2015/07/17,1937,1950,1937,1943,2400,1943
2015/07/21,1951,1953,1947,1950,4000,1950
2015/07/22,1951,1957,1948,1952,2800,1952
2015/07/23,1952,1952,1947,1948,3000,1948
2015/07/24,1948,1952,1935,1935,4600,1935
2015/07/27,1935,1948,1930,1945,3600,1945
2015/07/28,1920,1948,1920,1947,4500,1947
2015/07/29,1947,1949,1926,1931,3300,1931
2015/07/30,1932,1936,1925,1926,2900,1926
2015/07/31,1926,1926,1918,1923,3100,1923
2015/08/03,1924,1925,1910,1918,4700,1918
2015/08/04,1918,1920,1910,1914,4100,1914
2015/08/05,1914,1916,1908,1916,3800,1916
2015/08/06,1910,1915,1905,1910,4900,1910
2015/08/07,1910,1910,1897,1900,10200,1900
2015/08/10,1898,1899,1896,1896,5200,1896
2015/08/11,1896,1897,1876,1881,8500,1881
2015/08/12,1881,1882,1862,1862,7400,1862
2015/08/13,1859,1859,1838,1846,5700,1846
2015/08/14,1842,1850,1841,1849,4000,1849
2015/08/17,1846,1846,1842,1846,5000,1846
2015/08/18,1845,1853,1843,1852,6100,1852
2015/08/19,1852,1852,1847,1852,5000,1852
2015/08/20,1852,1857,1844,1852,5100,1852
2015/08/21,1850,1873,1849,1855,8100,1855
2015/08/24,1800,1848,1785,1785,14200,1785
2015/08/25,1720,1808,1700,1800,10200,1800
2015/08/26,1815,1845,1815,1845,9800,1845
2015/08/27,1685,1692,1630,1648,27300,1648
2015/08/28,1650,1654,1642,1651,6900,1651
2015/08/31,1636,1648,1616,1617,4700,1617
2015/09/01,1611,1611,1519,1521,6900,1521
2015/09/02,1476,1521,1400,1520,6900,1520
2015/09/03,1484,1494,1449,1450,3400,1450
2015/09/04,1442,1442,1240,1329,13600,1329
2015/09/07,1320,1335,1299,1312,5200,1312
2015/09/08,1312,1312,1298,1299,2000,1299
2015/09/09,1302,1314,1300,1314,3200,1314
2015/09/10,1301,1309,1301,1308,1800,1308
2015/09/11,1314,1334,1307,1327,3200,1327
2015/09/14,1354,1361,1320,1320,5600,1320
2015/09/15,1318,1345,1313,1321,2000,1321
2015/09/16,1334,1334,1317,1323,1700,1323
2015/09/17,1331,1331,1327,1330,1000,1330
2015/09/18,1311,1334,1311,1325,1700,1325
2015/09/24,1319,1325,1317,1325,2200,1325
2015/09/25,1337,1340,1326,1340,3500,1340
2015/09/28,1340,1350,1337,1350,1600,1350
2015/09/29,1350,1369,1347,1350,1800,1350
2015/09/30,1350,1367,1346,1352,900,1352
2015/10/01,1360,1380,1360,1378,2800,1378
2015/10/02,1389,1460,1389,1433,6700,1433
2015/10/05,1459,1527,1459,1526,4300,1526
2015/10/06,1538,1563,1487,1487,6200,1487
2015/10/07,1520,1550,1500,1500,3600,1500
2015/10/08,1505,1530,1505,1516,1800,1516
2015/10/09,1510,1548,1510,1548,1900,1548
2015/10/13,1548,1565,1547,1565,2100,1565
2015/10/14,1565,1565,1532,1554,4100,1554
2015/10/15,1569,1569,1515,1559,3000,1559
2015/10/16,1530,1563,1530,1560,600,1560
2015/10/19,1555,1560,1540,1545,1400,1545
2015/10/20,1546,1550,1542,1542,900,1542
2015/10/21,1567,1567,1552,1566,2600,1566
2015/10/22,1570,1570,1555,1555,1100,1555
2015/10/23,1549,1553,1541,1541,1800,1541
2015/10/26,1540,1541,1538,1538,700,1538
2015/10/27,1501,1522,1501,1520,2100,1520
2015/10/28,1520,1550,1520,1550,1900,1550
2015/10/29,1540,1551,1537,1545,2300,1545
2015/10/30,1554,1560,1532,1543,1700,1543
2015/11/02,1546,1549,1540,1545,1100,1545
2015/11/04,1541,1550,1540,1542,1700,1542
2015/11/05,1542,1553,1538,1549,1100,1549
2015/11/06,1559,1559,1544,1544,1000,1544
2015/11/09,1550,1550,1546,1546,800,1546
2015/11/10,1546,1550,1545,1546,1300,1546
2015/11/11,1546,1547,1543,1547,1800,1547
2015/11/12,1551,1551,1547,1548,900,1548
2015/11/13,1544,1560,1544,1560,1300,1560
2015/11/16,1575,1617,1560,1588,4800,1588
2015/11/17,1590,1616,1588,1616,1300,1616
2015/11/18,1634,1639,1621,1639,2800,1639
2015/11/19,1630,1638,1630,1636,700,1636
2015/11/20,1640,1643,1624,1643,1200,1643
2015/11/24,1640,1640,1616,1639,2100,1639
2015/11/25,1635,1635,1603,1605,1500,1605
2015/11/26,1605,1610,1515,1610,5100,1610
2015/11/27,1625,1629,1589,1628,1800,1628
2015/11/30,1588,1620,1588,1598,3100,1598
2015/12/01,1598,1601,1570,1570,2400,1570
2015/12/02,1580,1580,1565,1579,800,1579
2015/12/03,1579,1590,1579,1588,1200,1588
2015/12/04,1588,1588,1552,1572,2300,1572
2015/12/07,1573,1576,1557,1558,2200,1558
2015/12/08,1558,1560,1555,1555,1400,1555
2015/12/09,1555,1555,1550,1550,600,1550
2015/12/10,1550,1550,1537,1541,2100,1541
2015/12/11,1529,1539,1525,1539,2100,1539
2015/12/14,1470,1494,1430,1463,4600,1463
2015/12/15,1463,1494,1463,1469,2800,1469
2015/12/16,1490,1491,1466,1466,2900,1466
2015/12/17,1466,1486,1465,1467,1600,1467
2015/12/18,1466,1467,1464,1465,1700,1465
2015/12/21,1461,1461,1452,1457,2600,1457
2015/12/22,1457,1460,1455,1457,1900,1457
2015/12/24,1455,1464,1450,1450,5500,1450
2015/12/25,1451,1460,1451,1456,3000,1456
2015/12/28,1456,1488,1451,1488,1500,1488
2015/12/29,1497,1503,1497,1503,900,1503
2015/12/30,1518,1528,1518,1528,1300,1528
2016/01/04,1526,1590,1526,1526,2000,1526
2016/01/05,1526,1528,1515,1520,1900,1520
2016/01/06,1506,1506,1494,1500,2700,1500
2016/01/07,1462,1481,1462,1480,1000,1480
2016/01/08,1480,1480,1461,1466,1500,1466
2016/01/12,1465,1465,1430,1430,2800,1430
2016/01/13,1428,1461,1428,1461,1300,1461
2016/01/14,1465,1497,1435,1436,2400,1436
2016/01/15,1443,1443,1407,1407,1500,1407
2016/01/18,1400,1410,1351,1410,3400,1410
2016/01/19,1410,1457,1392,1457,800,1457
2016/01/20,1414,1414,1398,1398,1400,1398
2016/01/21,1383,1388,1345,1345,1300,1345
2016/01/22,1375,1399,1374,1399,1500,1399
2016/01/25,1410,1410,1391,1410,1400,1410
2016/01/26,1400,1412,1360,1412,2200,1412
2016/01/27,1410,1445,1410,1445,700,1445
2016/01/28,1440,1446,1401,1446,500,1446
2016/01/29,1445,1450,1420,1420,300,1420
2016/02/01,1468,1479,1468,1478,1700,1478
2016/02/02,1492,1500,1492,1495,1200,1495
2016/02/03,1500,1510,1500,1500,2500,1500
2016/02/04,1500,1500,1495,1500,600,1500
2016/02/05,1510,1530,1510,1530,1400,1530
2016/02/08,1530,1530,1490,1520,400,1520
2016/02/09,1480,1480,1472,1473,1200,1473
2016/02/10,1473,1493,1431,1433,1500,1433
2016/02/12,1420,1420,1340,1341,2000,1341
2016/02/15,1380,1400,1380,1400,300,1400
2016/02/16,1381,1396,1381,1395,400,1395
2016/02/17,1398,1400,1398,1398,1500,1398
2016/02/18,1400,1409,1400,1405,1000,1405
2016/02/19,1415,1435,1399,1399,900,1399
2016/02/22,1400,1401,1400,1401,1000,1401
2016/02/23,1473,1473,1402,1459,1400,1459
2016/02/24,1429,1480,1429,1480,1600,1480
2016/02/25,1430,1435,1430,1435,400,1435
2016/02/26,1412,1415,1412,1415,1300,1415
2016/02/29,1419,1449,1419,1449,400,1449
2016/03/01,1498,1498,1485,1485,1000,1485
2016/03/02,1485,1497,1462,1490,1100,1490
2016/03/03,1490,1490,1463,1463,500,1463
2016/03/04,1464,1500,1464,1500,2700,1500
2016/03/07,1500,1500,1470,1476,1700,1476
2016/03/08,1490,1495,1489,1495,1100,1495
2016/03/09,1501,1501,1481,1499,400,1499
2016/03/10,1487,1530,1487,1500,2000,1500
2016/03/11,1502,1529,1502,1520,800,1520
2016/03/14,1559,1579,1540,1575,3100,1575
2016/03/15,1583,1583,1565,1572,2200,1572
2016/03/16,1570,1590,1570,1573,2800,1573
2016/03/17,1587,1587,1570,1570,1600,1570
2016/03/18,1566,1577,1549,1549,2600,1549
2016/03/22,1584,1584,1583,1584,1100,1584
2016/03/23,1585,1605,1585,1605,1900,1605
2016/03/24,1605,1619,1605,1617,2900,1617
2016/03/25,1610,1619,1610,1615,1200,1615
2016/03/28,1616,1623,1614,1623,2700,1623
2016/03/29,1630,1685,1623,1685,3000,1685
2016/03/30,1686,1719,1686,1719,3700,1719
2016/03/31,1720,1738,1662,1675,2600,1675
2016/04/01,1686,1700,1675,1675,1800,1675
2016/04/04,1675,1685,1670,1670,1100,1670
2016/04/05,1671,1680,1670,1670,1200,1670
2016/04/06,1675,1675,1665,1666,1300,1666
2016/04/07,1666,1695,1666,1666,1200,1666
2016/04/08,1665,1665,1625,1663,1200,1663
2016/04/11,1698,1698,1629,1632,2200,1632
2016/04/12,1637,1686,1637,1686,1400,1686
2016/04/13,1686,1713,1680,1700,3900,1700
2016/04/14,1700,1700,1670,1689,1100,1689
2016/04/15,1700,1700,1681,1687,2400,1687
2016/04/18,1690,1690,1687,1687,1400,1687
2016/04/19,1700,1700,1690,1700,1100,1700
2016/04/20,1700,1714,1699,1714,2800,1714
2016/04/21,1715,1715,1701,1713,1000,1713
2016/04/22,1730,1735,1713,1731,4900,1731
2016/04/25,1735,1774,1735,1774,4500,1774
2016/04/26,1768,1774,1756,1774,2400,1774
2016/04/27,1780,1798,1780,1793,4300,1793
2016/04/28,1785,1791,1760,1791,3300,1791
2016/05/02,1790,1790,1760,1789,2800,1789
2016/05/06,1790,1798,1789,1798,1800,1798
2016/05/09,1799,1804,1767,1776,3500,1776
2016/05/10,1776,1780,1774,1774,1800,1774
2016/05/11,1775,1798,1771,1771,1100,1771
2016/05/12,1789,1789,1778,1779,1000,1779
2016/05/13,1780,1797,1779,1783,1200,1783
2016/05/16,1784,1784,1770,1770,1600,1770
2016/05/17,1765,1770,1765,1770,1300,1770
2016/05/18,1789,1789,1775,1789,1000,1789
2016/05/19,1788,1789,1788,1789,600,1789
2016/05/20,1789,1792,1789,1792,700,1792
2016/05/23,1792,1799,1792,1799,1900,1799
2016/05/24,1803,1810,1801,1808,2500,1808
2016/05/25,1811,1818,1808,1818,1900,1818
2016/05/26,1820,1820,1809,1820,1400,1820
2016/05/27,1819,1821,1813,1816,1100,1816
2016/05/30,1822,1825,1820,1822,1100,1822
2016/05/31,1816,1816,1803,1803,2200,1803
2016/06/01,1802,1811,1736,1750,8000,1750
2016/06/02,1716,1765,1716,1740,2600,1740
2016/06/03,1740,1780,1740,1780,1600,1780
2016/06/06,1775,1775,1725,1774,1500,1774
2016/06/07,1774,1783,1750,1753,800,1753
2016/06/08,1738,1743,1738,1741,1400,1741
2016/06/09,1741,1741,1720,1740,1900,1740
2016/06/10,1719,1720,1712,1714,1700,1714
2016/06/13,1714,1714,1701,1703,1300,1703
2016/06/14,1702,1705,1700,1703,1800,1703
2016/06/15,1703,1714,1700,1714,1300,1714
2016/06/16,1705,1713,1703,1713,700,1713
2016/06/17,1702,1708,1695,1695,1500,1695
2016/06/20,1695,1695,1600,1629,3400,1629
2016/06/21,1589,1589,1550,1551,5400,1551
2016/06/22,1630,1630,1554,1554,2700,1554
2016/06/23,1556,1594,1549,1573,2300,1573
2016/06/24,1594,1594,1517,1517,3100,1517
2016/06/27,1518,1562,1518,1552,3200,1552
2016/06/28,1552,1588,1550,1588,2400,1588
2016/06/29,1594,1600,1594,1600,1100,1600
2016/06/30,1605,1627,1605,1626,1700,1626
2016/07/01,1628,1644,1625,1637,1100,1637
2016/07/04,1645,1693,1645,1674,2400,1674
2016/07/05,1700,1700,1678,1693,2900,1693
2016/07/06,1693,1705,1692,1694,1900,1694
2016/07/07,1693,1693,1683,1685,1300,1685
2016/07/08,1687,1729,1685,1729,1600,1729
2016/07/11,1735,1735,1703,1703,1600,1703
2016/07/12,1718,1739,1718,1735,1800,1735
2016/07/13,1735,1742,1711,1714,2600,1714
2016/07/14,1710,1720,1710,1720,400,1720
2016/07/15,1720,1730,1720,1725,800,1725
2016/07/19,1719,1721,1699,1714,3900,1714
2016/07/20,1700,1702,1693,1700,2300,1700
2016/07/21,1704,1718,1703,1704,1000,1704
2016/07/22,1694,1703,1693,1703,1800,1703
2016/07/25,1705,1713,1705,1713,1000,1713
2016/07/26,1708,1708,1690,1692,3400,1692
2016/07/27,1689,1690,1669,1669,3200,1669
2016/07/28,1665,1665,1640,1640,3500,1640
2016/07/29,1639,1639,1548,1590,8600,1590
2016/08/01,1565,1584,1565,1576,2900,1576
2016/08/02,1579,1592,1578,1592,2400,1592
2016/08/03,1588,1589,1577,1585,1800,1585
2016/08/04,1575,1579,1575,1575,2400,1575
2016/08/05,1579,1579,1575,1575,2400,1575
2016/08/08,1577,1579,1577,1577,2300,1577
2016/08/09,1577,1580,1577,1577,1700,1577
2016/08/10,1580,1580,1577,1579,2000,1579
2016/08/12,1579,1588,1578,1588,3000,1588
2016/08/15,1588,1588,1586,1588,1900,1588
2016/08/16,1587,1628,1587,1619,3900,1619
2016/08/17,1602,1609,1598,1601,2100,1601
2016/08/18,1600,1600,1586,1599,3200,1599
2016/08/19,1599,1610,1595,1605,1400,1605
2016/08/22,1610,1625,1610,1625,2400,1625
2016/08/23,1625,1633,1625,1628,2300,1628
2016/08/24,1640,1648,1628,1633,2600,1633
2016/08/25,1640,1644,1634,1644,4700,1644
2016/08/26,1633,1662,1633,1662,11600,1662
2016/08/29,1462,1504,1451,1481,20800,1481
2016/08/30,1480,1494,1470,1475,4000,1475
2016/08/31,1470,1470,1431,1431,5300,1431
2016/09/01,1445,1445,1441,1441,2600,1441
2016/09/02,1441,1450,1440,1444,1000,1444
2016/09/05,1443,1443,1440,1441,1900,1441
2016/09/06,1441,1442,1440,1442,1100,1442
2016/09/07,1442,1445,1442,1445,1500,1445
2016/09/08,1445,1445,1441,1442,900,1442
2016/09/09,1441,1441,1441,1441,500,1441
2016/09/12,1441,1445,1441,1441,1900,1441
2016/09/13,1440,1442,1440,1442,3000,1442
2016/09/14,1453,1453,1440,1445,1200,1445
2016/09/15,1441,1441,1419,1423,2800,1423
2016/09/16,1423,1423,1416,1416,700,1416
2016/09/20,1410,1410,1401,1402,2700,1402
2016/09/21,1402,1403,1400,1403,2100,1403
2016/09/23,1429,1429,1408,1420,2800,1420
2016/09/26,1420,1420,1400,1402,2100,1402
2016/09/27,1415,1420,1404,1404,2600,1404
2016/09/28,1406,1406,1405,1405,600,1405
2016/09/29,1405,1415,1405,1414,1600,1414
2016/09/30,1413,1413,1407,1407,800,1407
2016/10/03,1410,1439,1410,1411,2000,1411
2016/10/04,1413,1420,1413,1417,800,1417
2016/10/05,1418,1449,1418,1449,1000,1449
2016/10/06,1452,1452,1421,1421,2500,1421
2016/10/07,1424,1436,1424,1436,1300,1436
2016/10/11,1436,1440,1426,1426,1300,1426
2016/10/12,1428,1430,1428,1430,300,1430
2016/10/13,1445,1447,1440,1441,2000,1441
2016/10/17,1450,1451,1447,1447,1000,1447
2016/10/19,1452,1464,1452,1464,2500,1464
2016/10/20,1465,1465,1460,1464,900,1464
2016/10/21,1464,1464,1460,1460,900,1460
2016/10/24,1465,1465,1456,1464,1600,1464
2016/10/25,1464,1464,1460,1461,1100,1461
2016/10/26,1461,1468,1460,1461,1000,1461
2016/10/27,1460,1460,1460,1460,400,1460
2016/10/28,1460,1460,1460,1460,200,1460
2016/10/31,1460,1470,1460,1465,1400,1465
2016/11/01,1475,1478,1475,1478,200,1478
2016/11/02,1478,1480,1478,1478,900,1478
2016/11/04,1471,1473,1470,1470,1400,1470
2016/11/07,1470,1471,1464,1464,1000,1464
2016/11/08,1483,1484,1464,1464,400,1464
2016/11/09,1481,1481,1430,1439,3800,1439
2016/11/10,1453,1469,1453,1469,1200,1469
2016/11/11,1469,1475,1469,1475,1100,1475
2016/11/14,1475,1479,1463,1475,1500,1475
2016/11/15,1477,1480,1476,1476,3000,1476
2016/11/16,1476,1476,1471,1476,900,1476
2016/11/17,1476,1476,1476,1476,200,1476
2016/11/18,1479,1479,1475,1479,800,1479
2016/11/21,1479,1480,1474,1479,1800,1479
2016/11/22,1488,1488,1470,1480,2100,1480
2016/11/24,1478,1480,1475,1480,400,1480
2016/11/25,1480,1480,1472,1472,1300,1472
2016/11/28,1473,1477,1472,1472,600,1472
2016/11/29,1475,1486,1475,1485,1400,1485
2016/11/30,1488,1499,1488,1499,1600,1499
2016/12/01,1500,1500,1495,1495,1200,1495
2016/12/02,1499,1505,1495,1495,1700,1495
2016/12/05,1496,1520,1496,1509,1300,1509
2016/12/06,1508,1508,1505,1506,400,1506
2016/12/07,1504,1506,1504,1506,600,1506
2016/12/08,1506,1506,1501,1502,1100,1502
2016/12/09,1510,1520,1509,1509,2300,1509
2016/12/12,1501,1520,1500,1519,2200,1519
2016/12/13,1530,1530,1508,1512,800,1512
2016/12/14,1512,1515,1509,1509,1000,1509
2016/12/15,1509,1517,1509,1512,1200,1512
2016/12/16,1520,1520,1516,1516,1400,1516
2016/12/19,1520,1530,1516,1530,2500,1530
2016/12/20,1530,1530,1525,1530,1400,1530
2016/12/21,1531,1540,1531,1532,1300,1532
2016/12/22,1540,1540,1525,1532,1600,1532
2016/12/26,1550,1550,1522,1524,5300,1524
2016/12/27,1524,1525,1495,1505,6400,1505
2016/12/28,1504,1535,1504,1524,1400,1524
2016/12/29,1516,1534,1516,1528,800,1528
2016/12/30,1528,1545,1526,1526,1600,1526
2017/01/04,1541,1553,1533,1536,2500,1536
2017/01/05,1536,1549,1536,1542,1400,1542
2017/01/06,1541,1556,1541,1547,1800,1547
2017/01/10,1562,1568,1558,1568,2000,1568
2017/01/11,1560,1571,1560,1569,1200,1569
2017/01/12,1578,1600,1570,1577,5600,1577
2017/01/13,1578,1589,1573,1589,1300,1589
2017/01/16,1591,1595,1591,1592,2000,1592
2017/01/17,1592,1594,1575,1575,2400,1575
2017/01/18,1575,1575,1558,1558,2000,1558
2017/01/19,1553,1557,1533,1550,3900,1550
2017/01/20,1550,1550,1545,1545,400,1545
2017/01/23,1550,1569,1550,1560,1000,1560
2017/01/24,1570,1570,1558,1558,1300,1558
2017/01/25,1558,1584,1558,1572,2400,1572
2017/01/26,1568,1568,1562,1565,600,1565
2017/01/27,1566,1580,1566,1580,1400,1580
2017/01/30,1575,1575,1567,1569,1400,1569
2017/01/31,1580,1581,1573,1573,900,1573
2017/02/01,1580,1588,1573,1573,800,1573
2017/02/02,1576,1578,1575,1577,1200,1577
2017/02/03,1577,1595,1577,1595,2200,1595
2017/02/06,1600,1615,1595,1615,1800,1615
2017/02/07,1614,1614,1602,1611,1100,1611
2017/02/08,1620,1620,1603,1618,900,1618
2017/02/09,1620,1628,1620,1622,2000,1622
2017/02/10,1620,1630,1620,1630,2200,1630
2017/02/13,1624,1640,1624,1633,2400,1633
2017/02/14,1640,1642,1640,1640,1000,1640
2017/02/15,1640,1658,1640,1647,2800,1647
2017/02/16,1642,1652,1642,1652,700,1652
2017/02/17,1659,1669,1656,1662,1600,1662
2017/02/20,1665,1670,1663,1670,1400,1670
2017/02/21,1674,1684,1674,1684,2000,1684
2017/02/22,1690,1717,1675,1675,4500,1675
2017/02/23,1674,1674,1650,1650,4700,1650
2017/02/24,1650,1650,1624,1635,3300,1635
2017/02/27,1630,1642,1627,1640,1700,1640
2017/02/28,1640,1646,1640,1646,800,1646
2017/03/01,1648,1648,1645,1645,1200,1645
2017/03/02,1645,1660,1632,1660,3100,1660
2017/03/03,1665,1665,1654,1654,2100,1654
2017/03/06,1660,1668,1660,1661,1600,1661
2017/03/07,1656,1662,1656,1660,2000,1660
2017/03/08,1662,1670,1662,1670,1300,1670
2017/03/09,1671,1674,1651,1654,1800,1654
2017/03/10,1656,1656,1650,1650,2000,1650
2017/03/13,1660,1660,1658,1660,1300,1660
2017/03/14,1672,1675,1664,1675,1500,1675
2017/03/15,1676,1676,1675,1676,800,1676
2017/03/16,1676,1684,1675,1684,1300,1684
2017/03/17,1695,1696,1675,1681,2300,1681
2017/03/21,1681,1681,1675,1681,1300,1681
2017/03/22,1664,1694,1664,1668,1500,1668
2017/03/23,1668,1670,1668,1670,900,1670
2017/03/24,1678,1678,1667,1674,600,1674
2017/03/27,1674,1679,1674,1679,1800,1679
2017/03/28,1680,1685,1679,1683,2100,1683
2017/03/29,1684,1697,1684,1697,2200,1697
2017/03/30,1700,1717,1700,1715,2200,1715
2017/03/31,1743,1743,1712,1725,3300,1725
2017/04/03,1725,1730,1691,1691,5200,1691
2017/04/04,1728,1728,1680,1699,4200,1699
2017/04/05,1699,1699,1662,1663,3600,1663
2017/04/06,1640,1649,1542,1598,14100,1598
2017/04/07,1588,1588,1557,1585,9500,1585
2017/04/10,1613,1613,1583,1608,3700,1608
2017/04/11,1618,1631,1618,1631,2800,1631
2017/04/12,1636,1636,1600,1600,3400,1600
2017/04/13,1600,1607,1598,1600,2400,1600
2017/04/14,1600,1607,1600,1605,900,1605
2017/04/17,1585,1596,1584,1590,3500,1590
2017/04/18,1590,1608,1590,1608,1100,1608
2017/04/19,1602,1629,1600,1629,900,1629
2017/04/20,1628,1628,1608,1608,300,1608
2017/04/21,1619,1620,1610,1620,1600,1620
2017/04/24,1646,1646,1625,1627,1100,1627
2017/04/25,1645,1648,1641,1641,1700,1641
2017/04/26,1641,1649,1641,1649,2800,1649
2017/04/27,1650,1659,1650,1659,1100,1659
2017/04/28,1660,1660,1642,1651,2500,1651
2017/05/01,1657,1657,1636,1636,2000,1636
2017/05/02,1636,1652,1636,1641,1600,1641
2017/05/08,1645,1666,1645,1658,3700,1658
2017/05/09,1664,1675,1658,1673,2600,1673
2017/05/10,1688,1688,1661,1682,3300,1682
2017/05/11,1682,1690,1682,1683,2300,1683
2017/05/12,1695,1695,1685,1690,1200,1690
2017/05/15,1691,1692,1690,1692,1500,1692
2017/05/16,1693,1693,1671,1688,3600,1688
2017/05/17,1688,1688,1681,1688,1900,1688
2017/05/18,1661,1690,1661,1690,2900,1690
2017/05/19,1690,1690,1680,1690,1100,1690
2017/05/22,1700,1712,1700,1712,3600,1712
2017/05/23,1725,1740,1700,1702,3900,1702
2017/05/24,1707,1734,1707,1718,2900,1718
2017/05/25,1725,1725,1720,1725,2100,1725
2017/05/26,1725,1737,1725,1737,1800,1737
2017/05/29,1745,1764,1740,1763,6300,1763
2017/05/30,1749,1761,1748,1754,1700,1754
2017/05/31,1754,1759,1754,1755,1200,1755
2017/06/01,1756,1760,1756,1760,1200,1760
2017/06/02,1758,1764,1756,1757,3000,1757
2017/06/05,1757,1765,1757,1761,3300,1761
2017/06/06,1757,1774,1757,1774,3200,1774
2017/06/07,1774,1774,1764,1771,1800,1771
2017/06/08,1774,1774,1767,1773,1500,1773
2017/06/09,1768,1772,1760,1760,2300,1760
2017/06/12,1761,1770,1756,1769,1400,1769
2017/06/13,1760,1762,1755,1762,1300,1762
2017/06/14,1767,1767,1750,1751,1500,1751
2017/06/15,1750,1751,1741,1741,1500,1741
2017/06/16,1741,1745,1741,1744,1000,1744
2017/06/19,1744,1755,1744,1755,3100,1755
2017/06/20,1763,1775,1760,1774,3100,1774
2017/06/21,1775,1776,1762,1768,1400,1768
2017/06/22,1778,1780,1767,1768,1900,1768
2017/06/23,1772,1783,1770,1783,1600,1783
2017/06/26,1791,1791,1780,1791,2600,1791
2017/06/27,1791,1798,1784,1784,1000,1784
2017/06/28,1784,1800,1784,1795,3900,1795
2017/06/29,1800,1810,1798,1809,2700,1809
2017/06/30,1810,1810,1771,1792,7200,1792
2017/07/03,1810,1810,1794,1794,1700,1794
2017/07/04,1797,1805,1792,1798,2000,1798
2017/07/05,1802,1809,1799,1807,1900,1807
2017/07/06,1809,1813,1802,1813,1700,1813
2017/07/07,1811,1814,1808,1814,2200,1814
2017/07/10,1814,1814,1800,1813,2700,1813
2017/07/11,1813,1820,1812,1818,3300,1818
2017/07/12,1818,1818,1811,1817,3500,1817
2017/07/13,1817,1818,1814,1816,1100,1816
2017/07/14,1820,1820,1815,1819,1700,1819
2017/07/18,1815,1820,1815,1815,1900,1815
2017/07/19,1815,1822,1815,1822,2600,1822
2017/07/20,1815,1825,1815,1825,2200,1825
2017/07/21,1825,1832,1824,1832,900,1832
2017/07/24,1844,1850,1837,1850,3900,1850
2017/07/25,1850,1850,1844,1850,2300,1850
2017/07/26,1850,1858,1850,1858,1800,1858
2017/07/27,1858,1875,1855,1875,6000,1875
2017/07/28,1875,1880,1868,1871,4600,1871
2017/07/31,1831,1869,1831,1847,11900,1847
2017/08/01,1840,1851,1836,1850,2800,1850
2017/08/02,1849,1865,1848,1857,4300,1857
2017/08/03,1855,1860,1851,1852,3400,1852
2017/08/04,1850,1855,1850,1854,2600,1854
2017/08/07,1855,1858,1852,1857,3700,1857
2017/08/08,1857,1866,1856,1865,3400,1865
2017/08/09,1865,1865,1857,1861,5600,1861
2017/08/10,1860,1862,1857,1859,2900,1859
2017/08/14,1857,1859,1855,1857,2900,1857
2017/08/15,1858,1860,1856,1860,1700,1860
2017/08/16,1860,1867,1860,1863,1900,1863
2017/08/17,1868,1870,1866,1870,2100,1870
2017/08/18,1867,1870,1861,1865,3900,1865
2017/08/21,1871,1877,1871,1877,2400,1877
2017/08/22,1880,1885,1877,1883,3100,1883
2017/08/23,1888,1892,1880,1892,9300,1892
2017/08/24,1893,1899,1892,1897,4300,1897
2017/08/25,1896,1905,1893,1904,7500,1904
2017/08/28,1903,1948,1903,1948,13400,1948
2017/08/29,1768,1795,1756,1763,35400,1763
2017/08/30,1766,1772,1760,1760,8600,1760
2017/08/31,1754,1754,1730,1740,7100,1740
2017/09/01,1730,1735,1651,1684,10000,1684
2017/09/04,1683,1683,1655,1664,3200,1664
2017/09/05,1664,1675,1660,1663,3100,1663
2017/09/06,1665,1666,1655,1656,4200,1656
2017/09/07,1660,1665,1660,1660,1900,1660
2017/09/08,1660,1668,1660,1668,1700,1668
2017/09/11,1663,1680,1662,1671,2300,1671
2017/09/12,1671,1684,1671,1675,2900,1675
2017/09/13,1683,1687,1676,1683,2900,1683
2017/09/14,1683,1691,1681,1690,2300,1690
2017/09/15,1699,1709,1695,1695,4500,1695
2017/09/19,1702,1707,1695,1701,2700,1701
2017/09/20,1708,1710,1696,1705,2500,1705
2017/09/21,1705,1715,1705,1708,1400,1708
2017/09/22,1715,1724,1715,1720,1700,1720
2017/09/25,1720,1739,1720,1732,3200,1732
2017/09/26,1732,1735,1720,1723,3100,1723
2017/09/27,1749,1749,1734,1741,1300,1741
2017/09/28,1759,1761,1749,1760,2600,1760
2017/09/29,1771,1775,1764,1768,2000,1768
2017/10/02,1785,1797,1785,1793,3600,1793
2017/10/03,1805,1806,1790,1793,1400,1793
2017/10/04,1785,1790,1766,1772,3800,1772
2017/10/05,1789,1789,1779,1784,1300,1784
2017/10/06,1782,1782,1781,1782,1200,1782
2017/10/10,1775,1781,1761,1781,1700,1781
2017/10/11,1781,1781,1765,1779,700,1779
2017/10/12,1779,1779,1720,1748,2600,1748
2017/10/13,1745,1745,1733,1734,1400,1734
2017/10/16,1745,1745,1732,1744,2000,1744
2017/10/17,1737,1743,1735,1736,600,1736
2017/10/18,1736,1736,1731,1731,600,1731
2017/10/19,1734,1749,1734,1734,1500,1734
2017/10/20,1733,1738,1733,1734,500,1734
2017/10/23,1730,1730,1727,1727,600,1727
2017/10/24,1728,1730,1728,1730,700,1730
2017/10/25,1729,1732,1720,1721,1800,1721
2017/10/26,1716,1716,1705,1707,1400,1707
2017/10/27,1704,1712,1704,1712,1800,1712
2017/10/30,1718,1718,1704,1708,1100,1708
2017/10/31,1708,1714,1700,1702,1800,1702
2017/11/01,1716,1717,1708,1717,1500,1717
2017/11/02,1717,1720,1713,1720,1700,1720
2017/11/06,1718,1722,1718,1721,800,1721
2017/11/07,1721,1725,1718,1720,1700,1720
2017/11/08,1724,1729,1718,1721,1400,1721
2017/11/09,1720,1731,1718,1718,1800,1718
2017/11/10,1717,1717,1706,1709,1000,1709
2017/11/13,1709,1709,1709,1709,200,1709
2017/11/15,1701,1710,1700,1700,1200,1700
2017/11/16,1700,1700,1696,1699,1700,1699
2017/11/17,1700,1705,1695,1700,900,1700
2017/11/20,1700,1710,1694,1694,500,1694
2017/11/21,1694,1697,1691,1694,1400,1694
2017/11/22,1699,1699,1692,1693,1400,1693
2017/11/24,1690,1700,1690,1700,700,1700
2017/11/27,1696,1699,1690,1690,1300,1690
2017/11/28,1692,1700,1691,1700,800,1700
2017/11/29,1709,1710,1693,1707,1500,1707
2017/11/30,1719,1719,1714,1719,900,1719
2017/12/01,1720,1720,1711,1712,2100,1712
2017/12/04,1717,1719,1710,1719,1100,1719
2017/12/05,1727,1739,1721,1739,1400,1739
2017/12/06,1779,1779,1737,1737,3300,1737
2017/12/07,1722,1747,1721,1722,800,1722
2017/12/08,1726,1770,1726,1764,1100,1764
2017/12/11,1763,1771,1731,1771,2200,1771
2017/12/12,1771,1774,1770,1770,1200,1770
2017/12/13,1772,1773,1744,1748,1100,1748
2017/12/15,1757,1760,1752,1752,1300,1752
2017/12/18,1755,1759,1747,1747,1500,1747
2017/12/19,1746,1747,1746,1746,500,1746
2017/12/20,1748,1752,1748,1752,700,1752
2017/12/21,1753,1773,1753,1772,1100,1772
2017/12/22,1772,1772,1752,1753,1300,1753
2017/12/25,1764,1764,1751,1751,1000,1751
2017/12/26,1751,1751,1751,1751,900,1751
2017/12/27,1743,1761,1743,1761,600,1761
2017/12/28,1762,1762,1743,1748,700,1748
2017/12/29,1754,1754,1746,1746,1000,1746
2018/01/04,1750,1757,1744,1745,2000,1745
2018/01/05,1750,1755,1745,1755,800,1755
2018/01/09,1745,1764,1745,1755,1300,1755
2018/01/10,1758,1777,1758,1777,2200,1777
2018/01/11,1756,1775,1756,1762,1900,1762
2018/01/12,1762,1771,1759,1759,1000,1759
2018/01/15,1778,1778,1761,1770,2000,1770
2018/01/16,1777,1778,1767,1771,1100,1771
2018/01/17,1771,1780,1764,1767,2100,1767
2018/01/18,1772,1772,1768,1768,600,1768
2018/01/19,1769,1770,1769,1770,500,1770
2018/01/22,1767,1767,1767,1767,600,1767
2018/01/23,1780,1780,1768,1772,1200,1772
2018/01/24,1772,1773,1770,1772,800,1772
2018/01/25,1770,1771,1769,1770,800,1770
2018/01/26,1770,1771,1768,1771,800,1771
2018/01/29,1771,1774,1770,1774,600,1774
2018/01/30,1774,1774,1761,1761,1700,1761
2018/01/31,1780,1780,1762,1762,1300,1762
2018/02/01,1764,1769,1763,1764,600,1764
2018/02/02,1776,1779,1766,1778,900,1778
2018/02/05,1778,1778,1769,1770,1400,1770
2018/02/06,1745,1745,1700,1700,6100,1700
2018/02/07,1740,1769,1739,1767,1100,1767
2018/02/08,1769,1769,1767,1769,700,1769
2018/02/09,1760,1768,1760,1760,500,1760
2018/02/13,1768,1768,1710,1710,1700,1710
2018/02/14,1767,1767,1712,1760,1100,1760
2018/02/15,1760,1760,1750,1750,300,1750
2018/02/16,1748,1750,1730,1750,1100,1750
2018/02/19,1765,1765,1765,1765,300,1765
2018/02/20,1765,1765,1755,1760,400,1760
2018/02/21,1755,1760,1755,1760,300,1760
2018/02/22,1786,1786,1761,1762,1000,1762
2018/02/23,1762,1774,1755,1755,1000,1755
2018/02/26,1754,1760,1754,1757,800,1757
2018/02/27,1758,1765,1758,1765,1100,1765
2018/02/28,1750,1750,1745,1750,1300,1750
2018/03/01,1780,1780,1745,1760,1300,1760
2018/03/02,1776,1776,1745,1760,800,1760
2018/03/05,1760,1760,1745,1745,800,1745
2018/03/07,1740,1740,1730,1736,1100,1736
2018/03/08,1736,1740,1735,1740,900,1740
2018/03/09,1740,1750,1740,1750,1300,1750
2018/03/12,1750,1750,1750,1750,1200,1750
2018/03/13,1760,1760,1752,1752,400,1752
2018/03/14,1760,1768,1755,1768,800,1768
2018/03/15,1769,1775,1758,1775,2300,1775
2018/03/16,1778,1785,1771,1771,2000,1771
2018/03/19,1772,1785,1770,1770,1100,1770
2018/03/20,1772,1788,1770,1778,2900,1778
2018/03/22,1778,1785,1778,1783,1100,1783
2018/03/23,1785,1785,1770,1783,1600,1783
2018/03/26,1790,1790,1771,1771,1500,1771
2018/03/27,1771,1789,1771,1789,1900,1789
2018/03/28,1772,1780,1772,1780,1100,1780
2018/03/29,1776,1786,1774,1777,1500,1777
2018/03/30,1787,1787,1778,1784,3200,1784
2018/04/02,1780,1788,1775,1788,2500,1788
2018/04/03,1788,1790,1780,1790,4200,1790
2018/04/04,1790,1815,1790,1804,2300,1804
2018/04/05,1818,1818,1804,1815,1400,1815
2018/04/06,1815,1820,1812,1820,1600,1820
2018/04/09,1821,1825,1820,1825,1300,1825
2018/04/10,1830,1840,1770,1810,5200,1810
2018/04/11,1798,1813,1790,1799,2500,1799
2018/04/12,1814,1814,1805,1810,500,1810
2018/04/13,1810,1825,1810,1825,1400,1825
2018/04/16,1845,1845,1830,1831,1900,1831
2018/04/17,1845,1851,1840,1840,1700,1840
2018/04/18,1849,1860,1840,1849,3300,1849
2018/04/19,1862,1866,1841,1854,1600,1854
2018/04/20,1852,1867,1852,1866,900,1866
2018/04/23,1875,1875,1855,1867,1400,1867
2018/04/24,1881,1881,1865,1865,3300,1865
2018/04/25,1865,1877,1865,1867,1200,1867
2018/04/26,1865,1866,1860,1861,1900,1861
2018/04/27,1841,1860,1840,1840,2100,1840
2018/05/01,1841,1850,1841,1842,1100,1842
2018/05/02,1849,1850,1849,1850,600,1850
2018/05/07,1884,1884,1856,1875,1400,1875
2018/05/08,1875,1875,1868,1873,1800,1873
2018/05/09,1873,1880,1871,1871,900,1871
2018/05/10,1883,1883,1872,1872,400,1872
2018/05/11,1874,1874,1874,1874,500,1874
2018/05/14,1884,1885,1877,1885,1800,1885
2018/05/15,1885,1890,1885,1889,1400,1889
2018/05/16,1893,1900,1892,1892,2900,1892
2018/05/17,1897,1897,1840,1865,4200,1865
2018/05/18,1868,1878,1868,1878,400,1878
2018/05/21,1884,1887,1880,1887,1100,1887
2018/05/22,1890,1890,1879,1879,1600,1879
2018/05/23,1880,1884,1880,1883,1100,1883
2018/05/24,1884,1884,1880,1883,900,1883
2018/05/25,1880,1885,1875,1885,1900,1885
2018/05/28,1889,1897,1887,1897,1000,1897
2018/05/29,1897,1902,1887,1902,1500,1902
2018/05/30,1888,1888,1887,1887,2400,1887
2018/05/31,1887,1899,1887,1887,1800,1887
2018/06/01,1887,1890,1887,1890,700,1890
2018/06/04,1900,1900,1889,1899,2600,1899
2018/06/05,1899,1904,1899,1899,1500,1899
2018/06/06,1899,1904,1899,1904,1100,1904
2018/06/07,1905,1905,1895,1895,1000,1895
2018/06/08,1893,1901,1891,1891,2000,1891
2018/06/11,1891,1897,1872,1873,4800,1873
2018/06/12,1879,1886,1879,1886,500,1886
2018/06/13,1882,1886,1882,1886,300,1886
2018/06/14,1888,1888,1876,1876,800,1876
2018/06/15,1875,1884,1870,1872,4300,1872
2018/06/18,1879,1880,1870,1879,1700,1879
2018/06/19,1870,1880,1870,1877,900,1877
2018/06/20,1877,1899,1877,1895,3200,1895
2018/06/21,1899,1899,1879,1899,600,1899
2018/06/22,1899,1899,1882,1882,1100,1882
2018/06/25,1884,1895,1879,1879,1200,1879
2018/06/26,1895,1899,1895,1896,600,1896
2018/06/27,1896,1906,1896,1905,2100,1905
2018/06/28,1905,1906,1886,1886,2900,1886
2018/06/29,1881,1898,1881,1885,1300,1885
2018/07/02,1896,1899,1876,1876,3100,1876
2018/07/03,1876,1887,1871,1871,3500,1871
2018/07/04,1871,1885,1870,1885,1300,1885
2018/07/05,1884,1884,1870,1871,1700,1871
2018/07/06,1870,1880,1870,1875,900,1875
2018/07/09,1872,1893,1871,1871,1400,1871
2018/07/10,1890,1893,1872,1872,1600,1872
2018/07/11,1890,1890,1874,1876,1500,1876
2018/07/12,1876,1885,1871,1885,1200,1885
2018/07/13,1887,1890,1885,1890,900,1890
2018/07/17,1893,1894,1891,1894,2500,1894
2018/07/18,1898,1898,1894,1896,1400,1896
2018/07/19,1898,1898,1882,1887,1000,1887
2018/07/20,1887,1890,1885,1890,600,1890
2018/07/23,1880,1890,1880,1890,1600,1890
2018/07/24,1894,1895,1885,1885,1500,1885
2018/07/25,1885,1893,1882,1882,1500,1882
2018/07/26,1870,1877,1870,1877,5200,1877
2018/07/27,1880,1889,1880,1889,2200,1889
2018/07/30,1889,1892,1888,1888,3200,1888
2018/07/31,1879,1886,1870,1882,3500,1882
2018/08/01,1870,1879,1870,1874,3700,1874
2018/08/02,1880,1884,1870,1883,3400,1883
2018/08/03,1883,1883,1876,1880,1600,1880
2018/08/06,1879,1879,1875,1876,1300,1876
2018/08/07,1876,1876,1869,1870,3800,1870
2018/08/08,1870,1873,1867,1867,2200,1867
2018/08/09,1865,1865,1836,1836,7300,1836
2018/08/10,1821,1835,1815,1835,3100,1835
2018/08/13,1838,1838,1826,1826,2200,1826
2018/08/14,1835,1835,1827,1829,2900,1829
2018/08/15,1825,1825,1824,1825,1100,1825
2018/08/16,1822,1830,1820,1821,4400,1821
2018/08/17,1830,1830,1805,1820,3500,1820
2018/08/20,1819,1822,1819,1822,1500,1822
2018/08/21,1816,1827,1811,1815,2800,1815
2018/08/22,1827,1828,1825,1826,1700,1826
2018/08/23,1835,1841,1835,1837,3300,1837
2018/08/24,1844,1854,1836,1854,4700,1854
2018/08/27,1856,1870,1852,1864,6000,1864
2018/08/28,1853,1875,1853,1855,16300,1855
2018/08/29,1661,1775,1651,1728,32200,1728
2018/08/30,1728,1750,1720,1730,5500,1730
2018/08/31,1729,1729,1700,1700,4600,1700
2018/09/03,1700,1720,1694,1694,3700,1694
2018/09/04,1693,1693,1680,1685,1600,1685
2018/09/05,1685,1685,1670,1670,3200,1670
2018/09/06,1670,1673,1670,1670,3000,1670
2018/09/07,1666,1680,1661,1665,1500,1665
2018/09/10,1665,1670,1660,1669,2300,1669
2018/09/11,1675,1683,1660,1660,1000,1660
2018/09/12,1661,1661,1660,1661,800,1661
2018/09/13,1661,1663,1661,1662,1200,1662
2018/09/14,1662,1670,1662,1662,1500,1662
2018/09/18,1675,1675,1662,1663,1300,1663
2018/09/19,1672,1672,1661,1661,2300,1661
2018/09/20,1662,1669,1661,1667,1100,1667
2018/09/21,1667,1667,1661,1661,2700,1661
2018/09/25,1672,1672,1661,1664,2100,1664
2018/09/26,1665,1671,1665,1671,500,1671
2018/09/27,1671,1671,1665,1665,2100,1665
2018/09/28,1665,1665,1665,1665,300,1665
2018/10/01,1680,1690,1670,1689,1800,1689
2018/10/02,1690,1695,1676,1676,1900,1676
2018/10/03,1685,1691,1685,1691,800,1691
2018/10/04,1683,1750,1682,1750,2900,1750
2018/10/05,1738,1738,1670,1693,3400,1693
2018/10/09,1697,1700,1695,1700,900,1700
2018/10/10,1701,1710,1701,1710,1000,1710
2018/10/11,1708,1708,1700,1706,1700,1706
2018/10/12,1692,1706,1690,1693,1700,1693
2018/10/15,1692,1738,1692,1700,2300,1700
2018/10/16,1701,1705,1700,1700,1100,1700
2018/10/17,1700,1704,1690,1690,700,1690
2018/10/18,1721,1721,1690,1690,400,1690
2018/10/19,1691,1691,1687,1687,700,1687
2018/10/22,1686,1695,1680,1695,1100,1695
2018/10/23,1720,1720,1685,1685,900,1685
2018/10/24,1685,1685,1685,1685,100,1685
2018/10/25,1681,1696,1664,1686,1200,1686
2018/10/26,1686,1692,1665,1692,1200,1692
2018/10/30,1658,1675,1658,1675,300,1675
2018/11/01,1674,1674,1651,1651,900,1651
2018/11/02,1651,1655,1651,1651,700,1651
2018/11/05,1651,1653,1651,1653,700,1653
2018/11/06,1652,1665,1650,1657,1400,1657
2018/11/07,1651,1660,1649,1649,2000,1649
2018/11/08,1649,1649,1649,1649,1000,1649
2018/11/09,1648,1648,1648,1648,400,1648
2018/11/12,1655,1655,1647,1650,700,1650
2018/11/13,1647,1650,1646,1646,400,1646
2018/11/14,1655,1655,1648,1651,500,1651
2018/11/15,1653,1653,1646,1646,200,1646
2018/11/16,1655,1655,1654,1655,800,1655
