Date,Open,Hight,Low,Close,Volume,Adj Close
1997/09/18,1310,1310,1300,1300,118000,1074.4
1997/09/19,1300,1300,1300,1300,2000,1074.4
1997/09/22,1290,1290,1290,1290,1000,1066.1
1997/09/24,1230,1230,1190,1190,2000,983.5
1997/09/26,1000,1000,1000,1000,7000,826.5
1997/09/30,855,855,810,810,24000,669.4
1997/10/01,790,800,790,790,20000,652.9
1997/10/02,800,800,790,790,12000,652.9
1997/10/03,791,800,791,800,9000,661.2
1997/10/06,802,804,802,804,11000,664.5
1997/10/07,851,851,850,850,2000,702.5
1997/10/08,860,872,850,872,19000,720.7
1997/10/13,971,971,950,950,24000,785.1
1997/10/14,960,960,931,944,7000,780.2
1997/10/15,954,954,944,954,6000,788.4
1997/10/16,954,954,944,954,9000,788.4
1997/10/17,954,954,952,952,3000,786.8
1997/10/20,962,962,952,952,2000,786.8
1997/10/22,900,900,900,900,2000,743.8
1997/10/23,898,900,898,900,28000,743.8
1997/10/24,910,910,901,910,5000,752.1
1997/10/27,898,910,898,910,4000,752.1
1997/10/28,910,910,890,890,2000,735.5
1997/10/29,880,885,880,881,5000,728.1
1997/10/30,881,881,880,880,3000,727.3
1997/10/31,900,900,900,900,2000,743.8
1997/11/05,910,910,880,880,3000,727.3
1997/11/06,880,880,880,880,3000,727.3
1997/11/07,879,879,850,850,10000,702.5
1997/11/10,860,860,850,860,4000,710.7
1997/11/11,860,860,850,850,5000,702.5
1997/11/12,845,845,820,820,11000,677.7
1997/11/13,820,820,810,820,9000,677.7
1997/11/14,810,810,800,810,11000,669.4
1997/11/17,805,805,805,805,2000,665.3
1997/11/18,820,830,820,830,6000,686
1997/11/19,850,850,850,850,2000,702.5
1997/11/20,850,850,850,850,4000,702.5
1997/11/21,817,817,817,817,1000,675.2
1997/11/25,805,805,800,800,9000,661.2
1997/11/26,800,800,800,800,19000,661.2
1997/11/27,800,800,800,800,6000,661.2
1997/11/28,800,800,799,800,11000,661.2
1997/12/01,800,800,800,800,1000,661.2
1997/12/02,801,810,801,810,9000,669.4
1997/12/03,810,810,810,810,9000,669.4
1997/12/04,810,810,800,800,17000,661.2
1997/12/05,785,785,770,770,6000,636.4
1997/12/08,771,771,771,771,7000,637.2
1997/12/09,790,795,780,790,4000,652.9
1997/12/10,788,788,759,759,5000,627.3
1997/12/11,750,750,720,720,7000,595
1997/12/12,720,720,650,650,7000,537.2
1997/12/15,650,655,650,655,3000,541.3
1997/12/16,649,649,625,635,5000,524.8
1997/12/17,600,600,600,600,6000,495.9
1997/12/18,610,610,600,600,7000,495.9
1997/12/19,590,590,590,590,3000,487.6
1997/12/25,480,500,475,500,19000,413.2
1997/12/26,500,520,500,510,9000,421.5
1997/12/29,510,510,500,504,14000,416.5
1997/12/30,481,481,481,481,3000,397.5
1998/01/05,482,487,480,480,15000,396.7
1998/01/06,460,463,460,460,14000,380.2
1998/01/07,471,485,471,485,29000,400.8
1998/01/08,485,500,485,490,30000,405
1998/01/09,498,498,498,498,1000,411.6
1998/01/12,508,508,507,507,6000,419
1998/01/13,524,524,524,524,1000,433.1
1998/01/14,504,520,500,500,36000,413.2
1998/01/16,520,520,519,520,26000,429.8
1998/01/19,580,584,570,570,10000,471.1
1998/01/20,580,600,580,595,17000,491.7
1998/01/21,605,606,600,600,11000,495.9
1998/01/22,560,570,560,570,12000,471.1
1998/01/23,620,631,620,631,7000,521.5
1998/01/26,710,710,710,710,7000,586.8
1998/01/27,730,750,730,740,18000,611.6
1998/01/28,740,740,731,731,9000,604.1
1998/01/29,732,750,732,735,13000,607.4
1998/01/30,745,755,736,736,19000,608.3
1998/02/02,745,760,740,740,15000,611.6
1998/02/03,760,770,740,740,14000,611.6
1998/02/04,750,750,736,736,19000,608.3
1998/02/05,735,740,735,739,11000,610.7
1998/02/06,738,740,738,740,2000,611.6
1998/02/09,741,750,740,749,8000,619
1998/02/10,750,777,749,777,17000,642.2
1998/02/12,817,817,787,787,16000,650.4
1998/02/13,787,787,787,787,2000,650.4
1998/02/16,788,796,787,796,5000,657.9
1998/02/17,826,826,803,803,6000,663.6
1998/02/18,823,823,813,813,9000,671.9
1998/02/19,823,830,813,824,14000,681
1998/02/20,791,791,791,791,2000,653.7
1998/02/23,791,791,791,791,1000,653.7
1998/02/25,791,791,791,791,2000,653.7
1998/02/26,781,785,775,775,3000,640.5
1998/02/27,779,779,770,775,4000,640.5
1998/03/02,780,780,780,780,3000,644.6
1998/03/03,800,800,781,785,7000,648.8
1998/03/04,781,781,780,781,10000,645.5
1998/03/05,781,782,759,759,32000,627.3
1998/03/06,750,750,741,741,2000,612.4
1998/03/09,721,721,690,690,9000,570.3
1998/03/10,650,690,650,690,11000,570.3
1998/03/11,700,705,700,700,16000,578.5
1998/03/12,700,700,700,700,10000,578.5
1998/03/13,700,700,690,690,5000,570.3
1998/03/16,691,691,690,690,27000,570.3
1998/03/17,685,690,675,679,27000,561.2
1998/03/18,695,695,675,675,33000,557.9
1998/03/19,675,675,675,675,7000,557.9
1998/03/20,660,670,660,670,7000,553.7
1998/03/23,669,670,650,670,34000,553.7
1998/03/24,670,695,670,695,10000,574.4
1998/03/25,700,700,685,685,7000,566.1
1998/03/26,690,690,690,690,1000,570.3
1998/03/27,660,660,660,660,2000,545.5
1998/03/31,660,665,651,665,4000,549.6
1998/04/01,665,665,651,664,5000,548.8
1998/04/02,664,664,664,664,1000,548.8
1998/04/06,664,670,664,669,3000,552.9
1998/04/07,660,660,650,650,4000,537.2
1998/04/08,650,670,650,670,15000,553.7
1998/04/09,680,680,651,651,10000,538
1998/04/10,651,651,651,651,1000,538
1998/04/13,652,652,641,650,15000,537.2
1998/04/14,650,653,645,645,13000,533.1
1998/04/15,641,650,641,650,9000,537.2
1998/04/17,649,660,649,660,7000,545.5
1998/04/20,671,675,670,675,5000,557.9
1998/04/21,675,675,671,671,4000,554.6
1998/04/22,650,650,650,650,1000,537.2
1998/04/24,670,680,670,670,5000,553.7
1998/04/27,670,670,660,660,4000,545.5
1998/04/28,650,650,650,650,2000,537.2
1998/04/30,650,650,610,610,10000,504.1
1998/05/01,620,620,620,620,11000,512.4
1998/05/06,630,630,620,630,15000,520.7
1998/05/07,630,630,630,630,2000,520.7
1998/05/08,680,680,680,680,2000,562
1998/05/11,699,700,690,700,8000,578.5
1998/05/12,700,710,700,700,10000,578.5
1998/05/13,700,700,680,700,5000,578.5
1998/05/14,700,700,700,700,2000,578.5
1998/05/19,710,710,690,700,7000,578.5
1998/05/20,660,670,660,660,17000,545.5
1998/05/21,660,660,650,650,5000,537.2
1998/05/22,650,650,650,650,1000,537.2
1998/05/25,650,650,640,640,6000,528.9
1998/05/26,620,620,620,620,6000,512.4
1998/05/27,620,620,610,619,4000,511.6
1998/05/28,600,615,600,615,3000,508.3
1998/06/01,615,615,610,610,2000,504.1
1998/06/02,609,609,590,590,4000,487.6
1998/06/03,570,570,570,570,2000,471.1
1998/06/04,581,581,580,580,6000,479.3
1998/06/05,580,580,580,580,1000,479.3
1998/06/08,580,580,580,580,1000,479.3
1998/06/09,580,580,580,580,2000,479.3
1998/06/11,580,580,580,580,1000,479.3
1998/06/12,555,555,555,555,2000,458.7
1998/06/17,555,555,550,550,4000,454.6
1998/06/18,550,550,549,550,32000,454.6
1998/06/19,550,555,550,550,3000,454.6
1998/06/22,520,530,520,530,6000,438
1998/06/23,530,530,520,520,8000,429.8
1998/06/24,510,510,497,497,13000,410.7
1998/06/25,497,509,497,509,11000,420.7
1998/06/26,510,510,509,510,4000,421.5
1998/06/29,510,510,500,500,6000,413.2
1998/06/30,520,520,520,520,7000,429.8
1998/07/01,530,550,530,550,3000,454.6
1998/07/02,580,580,560,560,10000,462.8
1998/07/03,561,561,561,561,1000,463.6
1998/07/06,560,560,560,560,1000,462.8
1998/07/07,595,620,595,620,13000,512.4
1998/07/08,619,620,619,620,6000,512.4
1998/07/09,619,619,610,610,4000,504.1
1998/07/10,606,606,606,606,2000,500.8
1998/07/13,606,606,590,590,5000,487.6
1998/07/14,600,600,600,600,1000,495.9
1998/07/15,590,605,590,605,4000,500
1998/07/16,605,605,605,605,1000,500
1998/07/17,610,610,606,610,3000,504.1
1998/07/21,610,610,610,610,6000,504.1
1998/07/22,610,615,610,615,2000,508.3
1998/07/23,610,610,605,605,4000,500
1998/07/24,630,630,630,630,4000,520.7
1998/07/27,621,658,621,650,5000,537.2
1998/07/28,650,650,650,650,2000,537.2
1998/07/29,650,650,650,650,4000,537.2
1998/07/30,630,633,630,633,6000,523.1
1998/07/31,635,635,635,635,1000,524.8
1998/08/03,630,630,625,625,5000,516.5
1998/08/04,635,635,605,605,6000,500
1998/08/05,606,607,605,605,14000,500
1998/08/06,600,605,600,605,3000,500
1998/08/07,600,610,599,599,4000,495
1998/08/10,590,590,590,590,3000,487.6
1998/08/11,571,571,540,540,3000,446.3
1998/08/12,539,540,500,510,10000,421.5
1998/08/13,530,530,510,520,22000,429.8
1998/08/14,520,530,510,510,12000,421.5
1998/08/17,515,515,515,515,4000,425.6
1998/08/18,515,520,511,520,6000,429.8
1998/08/19,519,519,510,510,5000,421.5
1998/08/20,511,511,502,510,16000,421.5
1998/08/21,510,510,504,505,16000,417.4
1998/08/24,502,502,490,490,20000,405
1998/08/25,500,500,500,500,9000,413.2
1998/08/26,493,493,493,493,2000,407.4
1998/08/27,491,493,491,493,11000,407.4
1998/08/28,490,490,481,485,8000,400.8
1998/08/31,480,481,480,481,3000,397.5
1998/09/01,482,486,481,481,8000,397.5
1998/09/02,501,501,501,501,2000,414.1
1998/09/03,500,500,500,500,1000,413.2
1998/09/04,492,492,492,492,4000,406.6
1998/09/07,492,495,492,492,17000,406.6
1998/09/08,500,500,499,499,2000,412.4
1998/09/09,500,501,500,500,4000,413.2
1998/09/10,500,500,500,500,2000,413.2
1998/09/11,492,492,492,492,2000,406.6
1998/09/14,500,500,500,500,1000,413.2
1998/09/16,500,500,492,492,2000,406.6
1998/09/17,500,500,492,492,3000,406.6
1998/09/18,542,542,542,542,1000,447.9
1998/09/21,514,514,514,514,1000,424.8
1998/09/22,499,499,490,490,20000,405
1998/09/24,485,485,485,485,6000,400.8
1998/09/25,542,542,530,530,4000,438
1998/09/28,489,489,489,489,2000,404.1
1998/09/29,489,489,489,489,1000,404.1
1998/09/30,488,489,485,489,14000,404.1
1998/10/01,484,484,480,480,9000,396.7
1998/10/02,520,520,500,500,3000,413.2
1998/10/06,485,485,485,485,1000,400.8
1998/10/07,485,485,485,485,2000,400.8
1998/10/08,485,485,485,485,5000,400.8
1998/10/09,482,482,482,482,1000,398.4
1998/10/13,450,450,410,411,6000,339.7
1998/10/14,421,421,421,421,1000,347.9
1998/10/16,430,440,430,440,2000,363.6
1998/10/19,455,455,455,455,1000,376
1998/10/20,470,470,470,470,2000,388.4
1998/10/21,470,470,470,470,4000,388.4
1998/10/22,455,455,455,455,5000,376
1998/10/23,535,535,535,535,6000,442.2
1998/10/27,484,484,480,480,3000,396.7
1998/10/28,470,470,470,470,1000,388.4
1998/10/29,470,470,470,470,1000,388.4
1998/10/30,465,465,460,460,4000,380.2
1998/11/02,452,452,452,452,1000,373.6
1998/11/04,460,480,460,480,6000,396.7
1998/11/05,480,480,480,480,6000,396.7
1998/11/06,480,480,475,475,4000,392.6
1998/11/09,470,470,470,470,1000,388.4
1998/11/10,470,490,470,490,8000,405
1998/11/11,470,470,452,452,10000,373.6
1998/11/12,461,465,461,465,2000,384.3
1998/11/16,465,465,465,465,1000,384.3
1998/11/17,470,470,470,470,1000,388.4
1998/11/18,475,475,470,475,3000,392.6
1998/11/19,477,487,477,487,3000,402.5
1998/11/20,475,500,470,500,10000,413.2
1998/11/24,503,510,503,510,12000,421.5
1998/11/25,520,540,510,537,12000,443.8
1998/11/26,540,550,540,550,10000,454.6
1998/11/27,550,550,540,540,7000,446.3
1998/11/30,539,540,539,539,5000,445.5
1998/12/01,530,530,510,525,11000,433.9
1998/12/02,525,530,525,530,18000,438
1998/12/03,525,525,525,525,1000,433.9
1998/12/04,526,526,520,520,5000,429.8
1998/12/07,510,520,510,515,5000,425.6
1998/12/08,525,525,520,520,16000,429.8
1998/12/09,520,520,516,519,4000,428.9
1998/12/10,519,519,510,510,9000,421.5
1998/12/11,510,515,510,510,5000,421.5
1998/12/14,511,515,510,515,5000,425.6
1998/12/15,510,510,500,500,8000,413.2
1998/12/16,505,505,480,480,16000,396.7
1998/12/17,490,490,485,490,28000,405
1998/12/18,495,495,495,495,3000,409.1
1998/12/21,500,510,500,510,26000,421.5
1998/12/22,500,505,496,496,11000,409.9
1998/12/24,496,496,496,496,2000,409.9
1998/12/25,531,531,521,521,6000,430.6
1998/12/28,520,520,520,520,1000,429.8
1998/12/29,519,519,519,519,2000,428.9
1998/12/30,523,535,519,535,7000,442.2
1999/01/04,535,545,535,535,6000,442.2
1999/01/05,550,600,540,585,47000,483.5
1999/01/06,600,630,600,600,61000,495.9
1999/01/07,615,620,580,580,34000,479.3
1999/01/08,570,596,550,550,20000,454.6
1999/01/11,571,580,570,578,5000,477.7
1999/01/12,580,594,580,594,7000,490.9
1999/01/13,590,590,571,571,10000,471.9
1999/01/14,561,569,561,569,3000,470.3
1999/01/18,571,571,570,570,7000,471.1
1999/01/19,580,580,552,553,7000,457
1999/01/20,556,580,555,580,8000,479.3
1999/01/21,590,599,580,590,21000,487.6
1999/01/22,592,595,570,570,17000,471.1
1999/01/25,589,590,570,571,15000,471.9
1999/01/26,572,590,571,580,14000,479.3
1999/01/27,600,650,600,640,52000,528.9
1999/01/28,630,650,630,638,24000,527.3
1999/01/29,618,619,618,618,12000,510.7
1999/02/01,638,648,638,647,4000,534.7
1999/02/02,647,648,618,648,18000,535.5
1999/02/03,638,638,635,635,2000,524.8
1999/02/04,625,625,610,610,14000,504.1
1999/02/05,610,615,605,614,5000,507.4
1999/02/08,605,610,605,608,8000,502.5
1999/02/09,610,612,610,612,4000,505.8
1999/02/10,613,620,613,620,11000,512.4
1999/02/12,621,648,620,628,18000,519
1999/02/15,628,628,627,628,22000,519
1999/02/16,629,639,628,639,12000,528.1
1999/02/17,648,648,636,636,8000,525.6
1999/02/18,638,675,638,675,26000,557.9
1999/02/19,679,686,675,686,54000,566.9
1999/02/22,696,700,685,689,41000,569.4
1999/02/23,689,690,680,680,18000,562
1999/02/24,691,695,680,695,15000,574.4
1999/02/25,700,740,700,735,57000,607.4
1999/02/26,735,745,730,745,40000,615.7
1999/03/01,785,800,770,790,54000,652.9
1999/03/02,780,790,766,766,26000,633.1
1999/03/03,760,765,750,755,28000,624
1999/03/04,765,790,765,790,34000,652.9
1999/03/05,820,850,800,845,91000,698.4
1999/03/08,895,895,855,855,56000,706.6
1999/03/09,855,875,843,843,22000,696.7
1999/03/10,823,830,810,825,27000,681.8
1999/03/11,810,815,740,743,21000,614.1
1999/03/12,793,810,765,810,17000,669.4
1999/03/15,830,850,830,830,26000,686
1999/03/16,840,840,820,820,12000,677.7
1999/03/17,819,819,779,809,30000,668.6
1999/03/18,801,830,801,820,53000,677.7
1999/03/19,830,870,820,870,68000,719
1999/03/23,959,969,921,969,130000,800.8
1999/03/24,990,1069,990,1059,103000,875.2
1999/03/25,1030,1039,970,1010,64000,834.7
1999/03/26,1060,1060,1010,1055,51000,871.9
1999/03/29,1100,1150,1080,1100,51000,909.1
1999/03/30,1150,1190,1100,1100,74000,909.1
1999/03/31,1150,1160,1111,1120,30000,925.6
1999/04/01,1100,1100,1035,1040,63000,859.5
1999/04/02,1051,1140,1051,1109,68000,916.5
1999/04/05,1209,1209,1160,1160,85000,958.7
1999/04/06,1225,1230,1160,1210,74000,1000
1999/04/07,1249,1249,1200,1230,39000,1016.5
1999/04/08,1199,1199,1145,1150,35000,950.4
1999/04/09,1200,1200,1120,1120,43000,925.6
1999/04/12,1121,1150,1060,1080,31000,892.6
1999/04/13,1100,1140,1090,1100,21000,909.1
1999/04/14,1100,1110,1072,1100,19000,909.1
1999/04/15,1060,1100,1060,1100,16000,909.1
1999/04/16,1100,1100,1060,1081,14000,893.4
1999/04/19,1061,1070,1030,1030,14000,851.2
1999/04/20,950,980,950,980,35000,809.9
1999/04/21,970,980,970,970,26000,801.7
1999/04/22,981,998,970,975,22000,805.8
1999/04/23,1001,1040,1001,1030,32000,851.2
1999/04/26,1060,1090,1060,1070,32000,884.3
1999/04/27,1090,1090,1060,1060,20000,876
1999/04/28,1060,1070,1050,1050,47000,867.8
1999/04/30,1061,1061,1000,1000,26000,826.5
1999/05/06,1011,1011,980,1000,47000,826.5
1999/05/07,1000,1010,1000,1000,36000,826.5
1999/05/10,990,1000,970,990,34000,818.2
1999/05/11,990,1040,990,1040,27000,859.5
1999/05/12,1040,1090,1040,1070,90000,884.3
1999/05/13,1075,1160,1075,1110,118000,917.4
1999/05/14,1150,1190,1130,1180,81000,975.2
1999/05/17,1150,1170,1120,1150,23000,950.4
1999/05/18,1130,1150,1120,1130,21000,933.9
1999/05/19,1098,1120,1090,1120,19000,925.6
1999/05/20,1120,1120,1060,1110,23000,917.4
1999/05/21,1120,1130,1100,1100,19000,909.1
1999/05/24,1100,1120,1100,1120,11000,925.6
1999/05/25,1100,1100,1050,1090,13000,900.8
1999/05/26,1050,1070,1010,1010,24000,834.7
1999/05/27,1110,1126,1100,1100,46000,909.1
1999/05/28,1100,1100,1050,1090,15000,900.8
1999/05/31,1089,1090,1070,1070,5000,884.3
1999/06/01,1030,1100,1030,1100,22000,909.1
1999/06/02,1100,1200,1100,1161,58000,959.5
1999/06/03,1181,1270,1170,1270,183000,1049.6
1999/06/04,1310,1400,1300,1390,311000,1148.8
1999/06/07,1350,1385,1345,1345,109000,1111.6
1999/06/08,1379,1500,1360,1500,289000,1239.7
1999/06/09,1500,1500,1450,1452,224000,1200
1999/06/10,1500,1590,1485,1590,211000,1314.1
1999/06/11,1590,1730,1560,1670,242000,1380.2
1999/06/14,1650,1730,1600,1725,134000,1425.6
1999/06/15,1694,1699,1650,1685,107000,1392.6
1999/06/16,1661,1670,1590,1590,103000,1314.1
1999/06/17,1641,1685,1590,1600,69000,1322.3
1999/06/18,1600,1630,1560,1560,43000,1289.3
1999/06/21,1500,1560,1410,1540,67000,1272.7
1999/06/22,1570,1630,1550,1610,51000,1330.6
1999/06/23,1620,1680,1610,1650,91000,1363.6
1999/06/24,1649,1650,1550,1560,48000,1289.3
1999/06/25,1550,1580,1520,1580,34000,1305.8
1999/06/28,1550,1580,1530,1580,28000,1305.8
1999/06/29,1579,1579,1500,1550,32000,1281
1999/06/30,1580,1620,1575,1585,64000,1309.9
1999/07/01,1610,1780,1600,1780,273000,1471.1
1999/07/02,1800,1830,1701,1730,120000,1429.8
1999/07/05,1761,1761,1680,1680,72000,1388.4
1999/07/06,1730,1740,1651,1670,86000,1380.2
1999/07/07,1700,1700,1600,1600,75000,1322.3
1999/07/08,1650,1700,1620,1670,63000,1380.2
1999/07/09,1720,1720,1631,1679,59000,1387.6
1999/07/12,1739,1745,1700,1720,115000,1421.5
1999/07/13,1749,1810,1740,1800,216000,1487.6
1999/07/14,1802,1810,1720,1770,62000,1462.8
1999/07/15,1770,1770,1720,1750,38000,1446.3
1999/07/16,1749,1749,1670,1690,29000,1396.7
1999/07/19,1690,1690,1640,1669,20000,1379.3
1999/07/21,1659,1659,1601,1640,26000,1355.4
1999/07/22,1610,1610,1520,1590,40000,1314.1
1999/07/23,1420,1550,1420,1467,47000,1212.4
1999/07/26,1467,1490,1455,1460,61000,1206.6
1999/07/27,1479,1479,1330,1390,39000,1148.8
1999/07/28,1400,1430,1400,1420,47000,1173.6
1999/07/29,1425,1550,1420,1500,53000,1239.7
1999/07/30,1530,1549,1500,1545,37000,1276.9
1999/08/02,1561,1561,1530,1530,32000,1264.5
1999/08/03,1530,1530,1480,1525,13000,1260.3
1999/08/04,1524,1524,1470,1470,19000,1214.9
1999/08/05,1460,1460,1400,1450,42000,1198.4
1999/08/06,1450,1460,1410,1425,16000,1177.7
1999/08/09,1425,1440,1410,1410,6000,1165.3
1999/08/10,1400,1400,1400,1400,8000,1157
1999/08/11,1400,1410,1360,1390,14000,1148.8
1999/08/12,1410,1440,1390,1410,17000,1165.3
1999/08/13,1430,1440,1415,1430,28000,1181.8
1999/08/16,1451,1510,1450,1500,23000,1239.7
1999/08/17,1511,1630,1511,1600,42000,1322.3
1999/08/18,1602,1650,1600,1620,83000,1338.8
1999/08/19,1560,1640,1560,1640,30000,1355.4
1999/08/20,1640,1640,1580,1610,30000,1330.6
1999/08/23,1560,1599,1560,1560,21000,1289.3
1999/08/24,1566,1610,1565,1580,28000,1305.8
1999/08/25,1520,1600,1520,1600,11000,1322.3
1999/08/26,1540,1600,1540,1590,23000,1314.1
1999/08/27,1599,1600,1570,1571,23000,1298.4
1999/08/30,1599,1660,1590,1660,42000,1371.9
1999/08/31,1662,1670,1635,1635,29000,1351.2
1999/09/01,1650,1800,1650,1780,308000,1471.1
1999/09/02,1810,1860,1790,1850,286000,1528.9
1999/09/03,1820,1840,1700,1778,40000,1469.4
1999/09/06,1800,1860,1800,1851,169000,1529.8
1999/09/07,1851,1961,1830,1907,378000,1576
1999/09/08,1980,2020,1950,1960,359000,1619.8
1999/09/09,2050,2155,2050,2130,436000,1760.3
1999/09/10,2150,2310,2140,2270,393000,1876
1999/09/13,2270,2480,2270,2480,351000,2049.6
1999/09/14,2430,2430,2210,2225,209000,1838.8
1999/09/16,2025,2100,1990,2000,131000,1652.9
1999/09/17,2000,2120,1990,2080,105000,1719
1999/09/20,2120,2210,2120,2150,134000,1776.9
1999/09/21,2150,2170,2010,2090,39000,1727.3
1999/09/22,1910,1940,1840,1900,59000,1570.3
1999/09/24,1800,1850,1800,1820,69000,1504.1
1999/09/27,1830,1930,1830,1860,58000,1537.2
1999/09/28,1880,1900,1860,1900,27000,1570.3
1999/09/29,1900,1900,1830,1830,33000,1512.4
1999/09/30,1880,2000,1880,1980,40000,1636.4
1999/10/01,1950,1970,1850,1970,71000,1628.1
1999/10/04,2040,2040,1980,1990,56000,1644.6
1999/10/05,2100,2220,2070,2200,243000,1818.2
1999/10/06,2185,2190,2120,2160,104000,1785.1
1999/10/07,2160,2160,2110,2160,108000,1785.1
1999/10/08,2165,2180,2040,2160,81000,1785.1
1999/10/12,2080,2150,2040,2060,39000,1702.5
1999/10/13,2090,2100,2050,2050,19000,1694.2
1999/10/14,2020,2050,1980,2020,46000,1669.4
1999/10/15,2010,2030,1960,1960,54000,1619.8
1999/10/18,1660,1750,1660,1740,43000,1438
1999/10/19,1830,1850,1790,1790,24000,1479.3
1999/10/20,1910,1990,1900,1970,49000,1628.1
1999/10/21,2080,2090,1970,2000,22000,1652.9
1999/10/22,1939,1969,1850,1900,36000,1570.3
1999/10/25,1900,1910,1860,1880,23000,1553.7
1999/10/26,1880,1900,1840,1840,26000,1520.7
1999/10/27,1840,1850,1830,1840,20000,1520.7
1999/10/28,1840,1840,1770,1820,23000,1504.1
1999/10/29,1850,1870,1770,1800,33000,1487.6
1999/11/01,1821,1850,1820,1840,32000,1520.7
1999/11/02,1828,1900,1810,1810,42000,1495.9
1999/11/04,1871,1960,1861,1910,43000,1578.5
1999/11/05,1991,2160,1991,2130,185000,1760.3
1999/11/08,2210,2210,2100,2145,87000,1772.7
1999/11/09,2105,2105,1980,2020,25000,1669.4
1999/11/10,1950,2000,1900,2000,35000,1652.9
1999/11/11,1999,2000,1910,1990,62000,1644.6
1999/11/12,1979,2000,1950,1960,51000,1619.8
1999/11/15,2000,2120,2000,2050,92000,1694.2
1999/11/16,2090,2090,2000,2020,50000,1669.4
1999/11/17,2020,2040,1950,1950,36000,1611.6
1999/11/18,1848,1900,1800,1820,50000,1504.1
1999/11/19,1900,1920,1850,1920,30000,1586.8
1999/11/22,1899,1899,1830,1835,26000,1516.5
1999/11/24,1811,1812,1720,1800,68000,1487.6
1999/11/25,1760,1760,1700,1750,51000,1446.3
1999/11/26,1749,1750,1689,1750,39000,1446.3
1999/11/29,1751,1851,1751,1780,15000,1471.1
1999/11/30,1871,1871,1770,1780,12000,1471.1
1999/12/01,1760,1760,1661,1670,20000,1380.2
1999/12/02,1751,1751,1650,1651,21000,1364.5
1999/12/03,1681,1700,1621,1621,15000,1339.7
1999/12/06,1600,1621,1600,1615,17000,1334.7
1999/12/07,1585,1600,1530,1550,44000,1281
1999/12/08,1549,1550,1401,1448,80000,1196.7
1999/12/09,1450,1460,1420,1440,18000,1190.1
1999/12/10,1480,1520,1460,1510,14000,1247.9
1999/12/13,1570,1589,1550,1570,27000,1297.5
1999/12/14,1630,1665,1570,1570,29000,1297.5
1999/12/15,1600,1600,1480,1580,12000,1305.8
1999/12/16,1550,1550,1460,1460,16000,1206.6
1999/12/17,1600,1600,1462,1480,56000,1223.1
1999/12/20,1620,1680,1550,1560,37000,1289.3
1999/12/21,1600,1600,1559,1560,10000,1289.3
1999/12/22,1559,1640,1559,1630,31000,1347.1
1999/12/24,1690,1770,1690,1700,59000,1405
1999/12/27,1760,1760,1650,1650,26000,1363.6
1999/12/28,1700,1700,1590,1590,26000,1314.1
1999/12/29,1591,1610,1530,1530,27000,1264.5
1999/12/30,1520,1530,1500,1500,11000,1239.7
2000/01/04,1530,1590,1530,1571,13000,1298.4
2000/01/05,1571,1600,1501,1510,30000,1247.9
2000/01/06,1509,1545,1430,1430,24000,1181.8
2000/01/07,1400,1400,1280,1349,25000,1114.9
2000/01/11,1549,1549,1549,1549,12000,1280.2
2000/01/12,1549,1549,1400,1400,22000,1157
2000/01/13,1400,1490,1400,1410,21000,1165.3
2000/01/14,1450,1500,1411,1411,14000,1166.1
2000/01/17,1450,1451,1441,1445,15000,1194.2
2000/01/18,1459,1460,1440,1460,32000,1206.6
2000/01/19,1460,1460,1401,1401,27000,1157.9
2000/01/20,1403,1403,1360,1360,15000,1124
2000/01/21,1370,1420,1370,1400,17000,1157
2000/01/24,1400,1400,1360,1400,19000,1157
2000/01/25,1400,1400,1340,1348,18000,1114.1
2000/01/26,1360,1360,1330,1330,21000,1099.2
2000/01/27,1350,1420,1350,1420,18000,1173.6
2000/01/28,1420,1490,1420,1450,12000,1198.4
2000/01/31,1500,1510,1461,1461,17000,1207.4
2000/02/01,1500,1505,1480,1500,21000,1239.7
2000/02/02,1520,1530,1466,1480,19000,1223.1
2000/02/03,1500,1500,1450,1450,24000,1198.4
2000/02/04,1430,1450,1401,1411,28000,1166.1
2000/02/07,1411,1422,1401,1406,21000,1162
2000/02/08,1408,1420,1360,1360,37000,1124
2000/02/09,1400,1410,1380,1380,16000,1140.5
2000/02/10,1351,1400,1351,1400,19000,1157
2000/02/14,1399,1399,1350,1369,24000,1131.4
2000/02/15,1429,1429,1370,1370,38000,1132.2
2000/02/16,1370,1371,1331,1335,29000,1103.3
2000/02/17,1320,1325,1310,1311,17000,1083.5
2000/02/18,1391,1400,1350,1400,28000,1157
2000/02/21,1460,1500,1420,1470,42000,1214.9
2000/02/22,1499,1550,1490,1550,49000,1281
2000/02/23,1600,1620,1550,1570,31000,1297.5
2000/02/24,1581,1581,1490,1490,16000,1231.4
2000/02/25,1490,1500,1450,1450,15000,1198.4
2000/02/28,1451,1519,1450,1519,33000,1255.4
2000/02/29,1579,1580,1550,1580,38000,1305.8
2000/03/01,1591,1610,1590,1590,40000,1314.1
2000/03/02,1620,1620,1550,1570,36000,1297.5
2000/03/03,1581,1600,1460,1460,22000,1206.6
2000/03/06,1520,1590,1500,1520,38000,1256.2
2000/03/07,1610,1620,1550,1598,21000,1320.7
2000/03/08,1590,1610,1550,1610,56000,1330.6
2000/03/09,1650,1711,1650,1665,51000,1376
2000/03/10,1701,1780,1700,1770,57000,1462.8
2000/03/13,1770,1780,1470,1471,36000,1215.7
2000/03/14,1478,1600,1478,1540,23000,1272.7
2000/03/15,1551,1599,1530,1570,13000,1297.5
2000/03/16,1570,1570,1480,1490,25000,1231.4
2000/03/17,1570,1570,1500,1560,22000,1289.3
2000/03/21,1559,1570,1501,1570,28000,1297.5
2000/03/22,1639,1680,1620,1620,20000,1338.8
2000/03/23,1620,1641,1600,1600,18000,1322.3
2000/03/24,1550,1600,1540,1600,15000,1322.3
2000/03/27,1540,1580,1530,1580,21000,1305.8
2000/03/28,1580,1580,1500,1500,13000,1363.6
2000/03/29,1500,1510,1471,1500,15000,1363.6
2000/03/30,1501,1510,1480,1500,11000,1363.6
2000/03/31,1500,1500,1450,1455,18000,1322.7
2000/04/03,1498,1498,1450,1450,12000,1318.2
2000/04/04,1450,1450,1450,1450,1000,1318.2
2000/04/05,1400,1400,1355,1400,9000,1272.7
2000/04/06,1360,1400,1350,1350,9000,1227.3
2000/04/07,1270,1300,1270,1300,11000,1181.8
2000/04/10,1310,1350,1310,1320,19000,1200
2000/04/11,1320,1320,1300,1310,16000,1190.9
2000/04/12,1310,1310,1300,1300,11000,1181.8
2000/04/13,1280,1281,1270,1270,10000,1154.6
2000/04/14,1250,1250,1210,1230,12000,1118.2
2000/04/17,1030,1150,1030,1060,25000,963.6
2000/04/18,1101,1110,1100,1100,36000,1000
2000/04/19,1260,1260,1230,1240,6000,1127.3
2000/04/20,1260,1260,1170,1200,12000,1090.9
2000/04/21,1200,1220,1200,1200,5000,1090.9
2000/04/24,1200,1210,1190,1200,6000,1090.9
2000/04/25,1150,1150,1110,1149,8000,1044.6
2000/04/26,1162,1200,1160,1200,20000,1090.9
2000/04/27,1260,1280,1260,1280,11000,1163.6
2000/04/28,1250,1250,1200,1200,8000,1090.9
2000/05/01,1180,1200,1180,1200,6000,1090.9
2000/05/02,1250,1250,1190,1190,8000,1081.8
2000/05/08,1251,1251,1240,1240,4000,1127.3
2000/05/09,1200,1200,1180,1200,21000,1090.9
2000/05/10,1200,1240,1180,1180,5000,1072.7
2000/05/11,1181,1200,1180,1200,13000,1090.9
2000/05/12,1200,1240,1200,1240,3000,1127.3
2000/05/15,1220,1220,1220,1220,1000,1109.1
2000/05/16,1210,1210,1163,1198,7000,1089.1
2000/05/17,1218,1218,1151,1192,16000,1083.6
2000/05/18,1189,1189,1131,1150,7000,1045.5
2000/05/19,1139,1139,1100,1100,11000,1000
2000/05/22,999,1010,990,1001,11000,910
2000/05/23,1000,1030,998,998,23000,907.3
2000/05/24,995,995,950,955,21000,868.2
2000/05/25,961,1010,961,995,27000,904.6
2000/05/26,994,995,980,990,17000,900
2000/05/29,995,995,971,971,9000,882.7
2000/05/30,1000,1020,980,1001,6000,910
2000/05/31,1030,1030,980,980,13000,890.9
2000/06/01,990,990,980,990,10000,900
2000/06/02,971,990,970,973,22000,884.6
2000/06/05,973,990,970,971,20000,882.7
2000/06/06,1000,1045,1000,1045,7000,950
2000/06/07,1105,1105,1025,1025,10000,931.8
2000/06/08,1014,1020,991,991,17000,900.9
2000/06/09,991,991,971,971,14000,882.7
2000/06/12,978,1018,977,1018,12000,925.5
2000/06/13,1016,1016,971,982,11000,892.7
2000/06/14,980,980,930,942,23000,856.4
2000/06/15,944,946,942,942,15000,856.4
2000/06/16,980,980,940,940,7000,854.6
2000/06/19,940,940,930,940,14000,854.6
2000/06/20,930,930,905,905,22000,822.7
2000/06/21,905,920,905,915,26000,831.8
2000/06/22,922,950,922,947,8000,860.9
2000/06/23,949,949,930,945,11000,859.1
2000/06/26,944,944,930,930,7000,845.5
2000/06/27,930,930,906,907,14000,824.6
2000/06/28,926,926,905,915,21000,831.8
2000/06/29,915,929,910,916,19000,832.7
2000/06/30,916,930,911,911,21000,828.2
2000/07/03,921,935,921,935,51000,850
2000/07/04,941,970,940,950,32000,863.6
2000/07/05,951,951,940,940,22000,854.6
2000/07/06,950,950,940,940,9000,854.6
2000/07/07,940,950,940,950,5000,863.6
2000/07/10,956,980,946,946,15000,860
2000/07/11,1000,1008,980,983,11000,893.6
2000/07/12,1000,1000,951,951,6000,864.6
2000/07/13,982,990,981,982,7000,892.7
2000/07/14,952,952,951,951,4000,864.6
2000/07/17,960,960,950,950,9000,863.6
2000/07/18,960,960,946,946,7000,860
2000/07/19,946,960,935,960,9000,872.7
2000/07/21,960,960,940,940,4000,854.6
2000/07/24,949,949,910,910,9000,827.3
2000/07/25,914,920,910,915,23000,831.8
2000/07/26,915,916,915,915,3000,831.8
2000/07/27,910,910,905,907,4000,824.6
2000/07/28,937,937,890,890,9000,809.1
2000/07/31,890,890,860,860,7000,781.8
2000/08/01,900,900,850,850,7000,772.7
2000/08/02,895,895,875,875,2000,795.5
2000/08/03,867,868,860,860,5000,781.8
2000/08/04,860,865,830,830,23000,754.6
2000/08/07,845,845,840,840,10000,763.6
2000/08/08,841,850,841,850,2000,772.7
2000/08/09,860,860,850,850,6000,772.7
2000/08/10,850,850,835,836,26000,760
2000/08/11,840,840,830,831,11000,755.5
2000/08/14,831,850,831,850,3000,772.7
2000/08/15,890,890,835,845,6000,768.2
2000/08/16,860,860,860,860,15000,781.8
2000/08/17,863,863,840,850,26000,772.7
2000/08/18,850,850,840,840,12000,763.6
2000/08/21,885,885,879,879,11000,799.1
2000/08/22,879,879,879,879,3000,799.1
2000/08/23,870,870,865,865,4000,786.4
2000/08/24,850,860,845,850,9000,772.7
2000/08/25,851,860,850,860,11000,781.8
2000/08/28,880,889,850,850,11000,772.7
2000/08/29,840,840,830,830,21000,754.6
2000/08/30,831,831,820,820,12000,745.5
2000/08/31,814,830,810,830,4000,754.6
2000/09/01,840,840,817,817,8000,742.7
2000/09/04,837,839,820,820,6000,745.5
2000/09/05,812,812,811,811,3000,737.3
2000/09/06,810,815,810,815,6000,740.9
2000/09/07,800,811,800,802,9000,729.1
2000/09/08,805,810,802,810,10000,736.4
2000/09/11,810,810,800,800,6000,727.3
2000/09/12,800,800,800,800,8000,727.3
2000/09/13,800,800,761,790,9000,718.2
2000/09/14,789,798,780,798,5000,725.5
2000/09/18,778,778,760,760,11000,690.9
2000/09/19,761,761,731,750,17000,681.8
2000/09/20,750,750,740,740,10000,672.7
2000/09/21,730,730,720,722,8000,656.4
2000/09/22,723,731,723,730,12000,663.6
2000/09/25,732,735,732,732,7000,665.5
2000/09/26,741,750,741,750,4000,681.8
2000/09/27,749,749,748,748,2000,680
2000/09/28,748,748,730,730,6000,663.6
2000/09/29,730,740,730,730,10000,663.6
2000/10/02,760,760,750,750,2000,681.8
2000/10/03,750,750,740,740,3000,672.7
2000/10/04,730,749,700,721,8000,655.5
2000/10/05,726,726,722,722,16000,656.4
2000/10/06,732,732,710,725,11000,659.1
2000/10/10,724,724,724,724,2000,658.2
2000/10/11,724,724,722,723,5000,657.3
2000/10/12,710,710,700,701,6000,637.3
2000/10/13,699,699,650,666,9000,605.5
2000/10/16,671,678,670,673,12000,611.8
2000/10/17,672,672,650,650,12000,590.9
2000/10/18,650,650,621,630,14000,572.7
2000/10/19,600,618,600,614,18000,558.2
2000/10/20,613,613,610,610,13000,554.6
2000/10/23,610,610,600,610,11000,554.6
2000/10/24,609,609,600,605,6000,550
2000/10/25,600,604,590,590,10000,536.4
2000/10/26,590,590,561,561,13000,510
2000/10/27,566,600,561,600,24000,545.5
2000/10/30,561,600,561,600,46000,545.5
2000/10/31,600,604,580,580,45000,527.3
2000/11/01,600,600,590,590,13000,536.4
2000/11/02,600,600,591,600,14000,545.5
2000/11/06,600,601,599,600,20000,545.5
2000/11/07,600,610,600,608,11000,552.7
2000/11/08,650,650,648,648,2000,589.1
2000/11/09,640,640,640,640,3000,581.8
2000/11/10,639,639,609,611,5000,555.5
2000/11/13,605,605,600,600,5000,545.5
2000/11/14,600,600,600,600,2000,545.5
2000/11/15,602,610,602,610,5000,554.6
2000/11/16,610,610,586,586,5000,532.7
2000/11/17,586,586,586,586,3000,532.7
2000/11/21,588,588,561,561,9000,510
2000/11/22,561,581,561,580,5000,527.3
2000/11/24,550,568,550,555,23000,504.6
2000/11/27,565,565,550,551,18000,500.9
2000/11/28,551,560,545,550,13000,500
2000/11/29,551,560,540,540,10000,490.9
2000/11/30,520,550,520,550,6000,500
2000/12/01,550,550,530,540,3000,490.9
2000/12/04,560,570,560,570,4000,518.2
2000/12/05,569,570,552,552,13000,501.8
2000/12/06,560,560,560,560,3000,509.1
2000/12/07,559,560,550,560,5000,509.1
2000/12/11,560,560,560,560,6000,509.1
2000/12/12,590,590,550,588,22000,534.6
2000/12/13,570,580,570,580,6000,527.3
2000/12/14,570,570,563,563,2000,511.8
2000/12/15,570,570,555,555,8000,504.6
2000/12/18,570,570,561,561,8000,510
2000/12/20,560,560,555,555,10000,504.6
2000/12/21,550,555,525,525,8000,477.3
2000/12/22,505,505,500,500,10000,454.6
2000/12/25,560,570,560,570,10000,518.2
2000/12/26,540,540,540,540,1000,490.9
2000/12/28,541,541,541,541,1000,491.8
2000/12/29,541,541,540,540,2000,490.9
2001/01/04,560,560,521,521,2000,473.6
2001/01/05,550,550,521,521,5000,473.6
2001/01/09,530,530,518,518,5000,470.9
2001/01/10,510,510,490,500,18000,454.6
2001/01/11,500,500,490,500,7000,454.6
2001/01/12,500,500,500,500,2000,454.6
2001/01/15,497,502,490,490,4000,445.5
2001/01/16,490,490,490,490,1000,445.5
2001/01/17,491,491,490,491,16000,446.4
2001/01/18,508,519,500,519,13000,471.8
2001/01/19,529,540,520,521,11000,473.6
2001/01/22,532,533,516,516,10000,469.1
2001/01/23,550,550,548,548,6000,498.2
2001/01/24,548,550,548,550,3000,500
2001/01/25,599,600,599,600,12000,545.5
2001/01/26,610,619,600,600,28000,545.5
2001/01/29,600,620,600,620,2000,563.6
2001/01/30,620,624,620,620,7000,563.6
2001/01/31,620,620,600,600,2000,545.5
2001/02/01,601,601,600,600,4000,545.5
2001/02/02,601,620,600,620,9000,563.6
2001/02/05,619,625,602,620,23000,563.6
2001/02/06,625,625,600,600,3000,545.5
2001/02/07,620,620,600,600,3000,545.5
2001/02/08,600,600,600,600,5000,545.5
2001/02/09,600,600,600,600,1000,545.5
2001/02/13,600,600,600,600,5000,545.5
2001/02/14,560,600,560,600,5000,545.5
2001/02/15,560,572,560,572,3000,520
2001/02/16,570,570,560,569,7000,517.3
2001/02/19,565,565,565,565,1000,513.6
2001/02/20,560,575,560,575,4000,522.7
2001/02/21,575,575,575,575,1000,522.7
2001/02/23,574,574,560,570,7000,518.2
2001/02/26,570,571,559,561,17000,510
2001/02/27,591,591,561,570,14000,518.2
2001/02/28,570,570,565,565,10000,513.6
2001/03/01,561,561,560,560,14000,509.1
2001/03/02,570,570,570,570,3000,518.2
2001/03/05,560,560,551,551,4000,500.9
2001/03/06,550,565,550,551,12000,500.9
2001/03/07,552,559,545,550,10000,500
2001/03/08,540,542,540,541,4000,491.8
2001/03/09,541,551,540,540,11000,490.9
2001/03/12,529,530,529,530,2000,481.8
2001/03/13,529,529,491,500,22000,454.6
2001/03/14,502,529,502,529,3000,480.9
2001/03/15,509,529,500,529,7000,480.9
2001/03/16,559,560,530,560,10000,509.1
2001/03/19,560,560,560,560,1000,509.1
2001/03/21,543,560,543,550,5000,500
2001/03/22,565,565,550,565,6000,513.6
2001/03/23,567,567,545,545,11000,495.5
2001/03/26,570,611,570,611,13000,555.5
2001/03/27,613,613,580,580,7000,527.3
2001/03/28,586,600,586,600,4000,545.5
2001/03/29,563,583,563,583,16000,530
2001/03/30,596,596,596,596,1000,541.8
2001/04/02,575,575,565,565,2000,513.6
2001/04/03,567,567,566,567,5000,515.5
2001/04/04,567,567,555,555,10000,504.6
2001/04/05,557,589,557,589,7000,535.5
2001/04/06,589,600,589,598,11000,543.6
2001/04/09,600,610,600,605,3000,550
2001/04/10,615,615,600,613,4000,557.3
2001/04/11,599,600,571,571,5000,519.1
2001/04/12,571,600,571,579,7000,526.4
2001/04/13,575,576,575,575,6000,522.7
2001/04/16,575,580,575,580,6000,527.3
2001/04/17,580,580,578,578,5000,525.5
2001/04/18,592,594,590,594,7000,540
2001/04/19,600,607,600,607,15000,551.8
2001/04/20,607,608,590,590,17000,536.4
2001/04/23,609,619,605,605,13000,550
2001/04/24,600,601,590,594,8000,540
2001/04/25,600,600,600,600,12000,545.5
2001/04/26,590,595,590,595,17000,540.9
2001/04/27,590,596,580,580,19000,527.3
2001/05/01,581,585,581,585,13000,531.8
2001/05/02,585,595,585,588,14000,534.6
2001/05/07,615,618,614,615,22000,559.1
2001/05/08,635,669,631,669,29000,608.2
2001/05/09,680,680,666,666,35000,605.5
2001/05/10,670,680,669,669,20000,608.2
2001/05/11,671,675,669,675,8000,613.6
2001/05/14,671,671,665,665,8000,604.6
2001/05/15,690,699,690,699,7000,635.5
2001/05/16,700,700,688,688,11000,625.5
2001/05/17,666,670,665,665,9000,604.6
2001/05/18,685,685,670,672,13000,610.9
2001/05/21,722,722,690,700,19000,636.4
2001/05/22,702,722,685,700,13000,636.4
2001/05/23,700,700,675,685,6000,622.7
2001/05/24,684,684,670,670,5000,609.1
2001/05/25,699,700,670,670,8000,609.1
2001/05/28,670,680,666,666,57000,605.5
2001/05/29,665,665,640,655,41000,595.5
2001/05/30,655,660,646,646,19000,587.3
2001/05/31,641,650,640,645,10000,586.4
2001/06/01,650,655,650,655,3000,595.5
2001/06/04,670,670,655,655,8000,595.5
2001/06/05,657,657,650,650,47000,590.9
2001/06/06,660,660,650,650,12000,590.9
2001/06/07,655,657,650,650,5000,590.9
2001/06/08,651,655,650,655,17000,595.5
2001/06/11,651,665,651,665,4000,604.6
2001/06/13,667,670,667,667,10000,606.4
2001/06/14,673,673,673,673,1000,611.8
2001/06/15,673,673,665,665,10000,604.6
2001/06/18,665,665,650,652,8000,592.7
2001/06/19,660,660,652,660,7000,600
2001/06/20,652,652,650,651,4000,591.8
2001/06/21,680,680,675,675,8000,613.6
2001/06/22,679,680,675,675,7000,613.6
2001/06/25,700,700,677,677,6000,615.5
2001/06/26,678,678,675,675,5000,613.6
2001/06/27,680,698,675,675,5000,613.6
2001/06/28,685,685,672,672,4000,610.9
2001/06/29,680,688,680,688,2000,625.5
2001/07/02,700,700,690,695,15000,631.8
2001/07/03,700,700,690,700,12000,636.4
2001/07/04,690,695,690,695,5000,631.8
2001/07/05,680,695,680,695,5000,631.8
2001/07/06,680,680,651,651,14000,591.8
2001/07/09,678,678,660,660,18000,600
2001/07/10,661,665,651,665,7000,604.6
2001/07/11,660,665,660,665,6000,604.6
2001/07/12,650,651,650,650,7000,590.9
2001/07/13,661,661,661,661,4000,600.9
2001/07/16,662,662,650,650,6000,590.9
2001/07/17,660,660,650,650,3000,590.9
2001/07/18,659,659,645,645,6000,586.4
2001/07/19,635,636,620,620,17000,563.6
2001/07/23,621,621,620,620,5000,563.6
2001/07/24,616,616,615,615,3000,559.1
2001/07/25,631,650,631,650,7000,590.9
2001/07/26,650,650,630,630,5000,572.7
2001/07/27,630,640,630,630,9000,572.7
2001/07/30,635,635,635,635,1000,577.3
2001/07/31,640,640,635,640,14000,581.8
2001/08/01,640,644,640,644,8000,585.5
2001/08/02,649,655,640,655,16500,595.5
2001/08/03,655,661,650,661,9000,600.9
2001/08/06,661,661,661,661,2500,600.9
2001/08/07,661,661,650,650,18000,590.9
2001/08/08,690,690,670,670,7000,609.1
2001/08/09,670,670,645,650,10500,590.9
2001/08/10,670,670,645,650,3500,590.9
2001/08/13,650,650,645,645,2000,586.4
2001/08/14,630,640,630,640,2500,581.8
2001/08/15,640,650,640,650,1500,590.9
2001/08/16,640,640,640,640,3000,581.8
2001/08/17,650,650,640,640,4000,581.8
2001/08/20,635,650,631,631,3000,573.6
2001/08/21,631,631,625,627,8500,570
2001/08/22,620,620,620,620,25000,563.6
2001/08/23,626,630,620,630,10000,572.7
2001/08/24,640,650,630,650,10500,590.9
2001/08/27,630,649,630,648,6000,589.1
2001/08/28,635,648,635,640,2500,581.8
2001/08/29,635,645,635,645,4000,586.4
2001/08/30,626,649,626,649,10500,590
2001/08/31,659,659,640,647,15500,588.2
2001/09/03,679,679,640,640,14000,581.8
2001/09/04,655,655,640,640,15500,581.8
2001/09/05,675,675,640,650,11500,590.9
2001/09/06,650,650,640,640,2500,581.8
2001/09/07,660,660,640,640,6500,581.8
2001/09/10,659,659,630,630,4500,572.7
2001/09/11,640,640,620,632,6000,574.6
2001/09/12,599,599,582,582,11000,529.1
2001/09/13,580,580,565,570,10000,518.2
2001/09/14,580,596,570,596,5500,541.8
2001/09/17,579,579,572,575,7500,522.7
2001/09/18,570,575,570,570,10500,518.2
2001/09/19,570,585,570,576,4000,523.6
2001/09/20,570,590,570,590,20000,536.4
2001/09/21,570,590,570,590,4500,536.4
2001/09/25,625,630,625,625,8000,568.2
2001/09/26,558,568,558,567,3000,515.5
2001/09/27,570,570,570,570,500,518.2
2001/09/28,570,570,570,570,500,518.2
2001/10/01,570,572,570,572,5500,520
2001/10/02,609,610,572,572,11000,520
2001/10/03,610,610,575,576,5000,523.6
2001/10/04,579,589,579,581,15500,528.2
2001/10/05,603,603,588,588,3500,534.6
2001/10/09,588,588,588,588,5000,534.6
2001/10/10,590,590,589,589,3500,535.5
2001/10/11,608,608,590,590,6500,536.4
2001/10/12,600,600,595,600,6000,545.5
2001/10/15,600,600,595,595,14000,540.9
2001/10/16,595,600,595,600,2500,545.5
2001/10/17,600,600,600,600,2500,545.5
2001/10/18,595,595,595,595,7000,540.9
2001/10/19,598,598,595,595,2000,540.9
2001/10/22,595,600,595,600,2000,545.5
2001/10/23,600,600,595,595,8500,540.9
2001/10/24,600,620,600,609,6500,553.6
2001/10/25,620,620,595,595,11000,540.9
2001/10/26,603,610,600,610,4500,554.6
2001/10/29,610,610,600,600,7000,545.5
2001/10/30,595,600,595,595,2500,540.9
2001/10/31,600,600,595,595,6000,540.9
2001/11/01,600,600,595,595,6000,540.9
2001/11/02,605,605,590,590,7000,536.4
2001/11/05,590,590,565,565,5000,513.6
2001/11/06,570,570,550,550,7000,500
2001/11/07,551,551,510,515,12000,468.2
2001/11/08,521,522,521,522,2000,474.6
2001/11/09,512,514,510,512,6000,465.5
2001/11/12,520,550,500,500,13000,454.6
2001/11/13,492,495,490,491,7500,446.4
2001/11/14,548,548,501,515,5000,468.2
2001/11/15,503,503,502,502,1000,456.4
2001/11/16,530,530,505,515,2500,468.2
2001/11/19,517,519,514,514,3500,467.3
2001/11/20,521,521,515,516,2500,469.1
2001/11/21,520,530,520,530,8000,481.8
2001/11/22,530,540,530,530,4000,481.8
2001/11/26,541,600,541,585,8500,531.8
2001/11/27,545,545,545,545,5000,495.5
2001/11/28,550,560,550,560,4000,509.1
2001/11/29,560,560,550,560,22000,509.1
2001/11/30,590,590,588,588,1000,534.6
2001/12/03,571,575,571,575,3000,522.7
2001/12/04,575,580,565,575,13000,522.7
2001/12/05,575,575,570,570,5000,518.2
2001/12/06,570,579,570,579,3000,526.4
2001/12/07,579,580,579,580,6500,527.3
2001/12/10,580,590,560,560,21500,509.1
2001/12/11,570,590,560,590,17500,536.4
2001/12/12,595,620,590,620,17000,563.6
2001/12/13,615,615,580,580,8000,527.3
2001/12/14,585,590,585,585,12500,531.8
2001/12/17,585,590,585,590,9500,536.4
2001/12/18,590,591,590,590,14500,536.4
2001/12/19,590,590,570,570,12500,518.2
2001/12/20,570,590,570,590,4500,536.4
2001/12/21,590,590,585,585,14500,531.8
2001/12/25,590,590,565,565,13000,513.6
2001/12/26,605,605,565,565,4000,513.6
2001/12/27,595,595,580,580,3500,527.3
2001/12/28,580,580,530,530,13500,481.8
2002/01/04,550,550,540,540,3500,490.9
2002/01/07,580,580,565,565,1500,513.6
2002/01/08,566,580,565,565,6000,513.6
2002/01/09,565,570,565,570,4000,518.2
2002/01/10,575,620,575,600,14500,545.5
2002/01/11,600,600,585,585,4500,531.8
2002/01/15,610,610,590,590,9000,536.4
2002/01/16,595,600,590,595,5500,540.9
2002/01/17,595,600,590,590,8500,536.4
2002/01/18,595,595,595,595,1500,540.9
2002/01/21,595,600,590,590,5000,536.4
2002/01/22,600,600,600,600,2000,545.5
2002/01/23,600,600,590,590,7000,536.4
2002/01/24,589,589,560,560,14500,509.1
2002/01/25,570,572,560,560,16000,509.1
2002/01/28,560,560,550,550,8500,500
2002/01/29,560,560,560,560,10500,509.1
2002/01/30,560,569,550,555,9500,504.6
2002/01/31,555,560,555,560,3000,509.1
2002/02/01,559,560,550,550,11000,500
2002/02/04,559,559,550,559,7000,508.2
2002/02/05,559,559,530,530,11000,481.8
2002/02/06,530,540,530,530,10500,481.8
2002/02/07,535,540,520,520,10500,472.7
2002/02/08,520,530,520,530,7000,481.8
2002/02/12,535,545,525,526,14000,478.2
2002/02/13,530,530,530,530,2500,481.8
2002/02/14,539,560,539,560,5000,509.1
2002/02/15,565,574,565,570,9000,518.2
2002/02/18,570,571,570,570,5500,518.2
2002/02/19,570,570,560,560,6000,509.1
2002/02/20,560,565,560,560,9000,509.1
2002/02/21,565,570,565,570,3500,518.2
2002/02/22,570,574,570,574,5000,521.8
2002/02/25,575,575,570,570,13000,518.2
2002/02/26,599,599,560,560,6500,509.1
2002/02/27,561,565,561,565,7000,513.6
2002/02/28,565,566,550,550,7000,500
2002/03/01,550,550,530,530,17000,481.8
2002/03/04,570,585,560,585,13500,531.8
2002/03/05,575,602,560,576,17000,523.6
2002/03/06,568,572,568,568,10000,516.4
2002/03/07,571,572,560,560,10000,509.1
2002/03/08,560,595,550,595,20000,540.9
2002/03/11,615,630,600,620,57000,563.6
2002/03/12,640,650,625,645,35000,586.4
2002/03/13,645,645,610,610,14000,554.6
2002/03/14,616,620,600,600,5000,545.5
2002/03/15,600,600,600,600,1000,545.5
2002/03/18,607,620,601,619,17500,562.7
2002/03/19,615,621,615,621,16500,564.6
2002/03/20,621,625,616,623,19500,566.4
2002/03/22,629,629,626,629,7500,571.8
2002/03/25,650,650,629,629,12500,571.8
2002/03/26,629,640,620,620,7000,563.6
2002/03/27,620,620,603,620,9000,563.6
2002/03/28,590,610,590,610,5500,554.6
2002/03/29,600,600,600,600,3500,545.5
2002/04/01,610,610,585,585,2500,531.8
2002/04/02,592,600,581,600,12500,545.5
2002/04/03,582,585,575,575,6000,522.7
2002/04/04,585,599,585,599,5000,544.6
2002/04/05,599,599,590,595,5500,540.9
2002/04/08,585,585,585,585,5000,531.8
2002/04/09,571,580,511,545,52000,495.5
2002/04/10,550,579,550,569,10000,517.3
2002/04/11,560,568,560,565,9500,513.6
2002/04/12,555,560,555,560,5000,509.1
2002/04/15,588,588,585,586,4000,532.7
2002/04/16,586,586,579,579,5500,526.4
2002/04/17,579,580,569,570,6500,518.2
2002/04/18,570,575,570,571,6000,519.1
2002/04/19,571,571,571,571,2500,519.1
2002/04/22,580,580,580,580,2500,527.3
2002/04/23,580,580,560,561,4000,510
2002/04/24,575,575,561,570,4000,518.2
2002/04/25,585,588,575,580,16500,527.3
2002/04/26,580,581,580,580,9500,527.3
2002/04/30,552,575,552,575,3000,522.7
2002/05/01,565,570,555,555,5500,504.6
2002/05/02,579,579,571,575,3000,522.7
2002/05/07,565,575,556,556,4500,505.5
2002/05/08,555,570,555,560,10000,509.1
2002/05/09,561,561,561,561,500,510
2002/05/10,575,580,570,570,9000,518.2
2002/05/13,570,570,570,570,2000,518.2
2002/05/14,574,574,570,570,5000,518.2
2002/05/15,580,580,570,578,7500,525.5
2002/05/16,580,580,578,578,4500,525.5
2002/05/17,582,589,582,589,5500,535.5
2002/05/20,579,579,572,572,7500,520
2002/05/21,571,572,550,550,15500,500
2002/05/22,550,550,530,536,28500,487.3
2002/05/23,566,566,560,560,3500,509.1
2002/05/24,585,590,585,589,9500,535.5
2002/05/27,549,568,549,568,8000,516.4
2002/05/28,567,567,558,558,5500,507.3
2002/05/29,556,568,556,568,6000,516.4
2002/05/30,568,568,555,560,8500,509.1
2002/05/31,560,583,555,583,8000,530
2002/06/03,553,565,553,555,17000,504.6
2002/06/04,557,558,557,558,4000,507.3
2002/06/05,555,555,552,555,2500,504.6
2002/06/06,560,560,550,550,8500,500
2002/06/07,550,568,550,568,4000,516.4
2002/06/10,568,575,550,550,8000,500
2002/06/11,550,550,550,550,5000,500
2002/06/12,551,551,525,530,20500,481.8
2002/06/14,533,548,533,548,1000,498.2
2002/06/17,540,540,532,532,6000,483.6
2002/06/18,526,539,526,530,3000,481.8
2002/06/19,540,540,526,526,4500,478.2
2002/06/20,526,570,526,560,15500,509.1
2002/06/24,540,540,540,540,500,490.9
2002/06/25,543,560,543,560,8000,509.1
2002/06/27,550,550,530,530,4500,481.8
2002/07/01,541,561,541,560,8500,509.1
2002/07/02,560,560,558,558,2500,507.3
2002/07/03,550,550,540,545,3000,495.5
2002/07/04,550,560,550,550,5500,500
2002/07/05,540,541,540,540,2000,490.9
2002/07/08,540,540,540,540,2000,490.9
2002/07/09,540,540,540,540,1000,490.9
2002/07/10,560,560,560,560,4000,509.1
2002/07/11,558,558,550,550,4000,500
2002/07/12,550,550,550,550,500,500
2002/07/16,555,555,540,540,5500,490.9
2002/07/17,535,535,535,535,500,486.4
2002/07/18,535,540,530,531,5500,482.7
2002/07/19,533,540,533,534,2000,485.5
2002/07/22,519,522,510,522,7000,474.6
2002/07/23,521,535,521,532,5500,483.6
2002/07/24,525,530,525,528,8000,480
2002/07/25,528,543,528,540,11000,490.9
2002/07/26,540,541,540,541,6000,491.8
2002/07/29,531,549,500,515,13000,468.2
2002/07/30,519,519,519,519,2500,471.8
2002/07/31,510,510,510,510,3500,463.6
2002/08/01,511,511,510,510,4000,463.6
2002/08/02,530,530,512,515,3500,468.2
2002/08/05,512,513,505,505,7500,459.1
2002/08/06,505,505,503,503,3000,457.3
2002/08/07,512,512,512,512,500,465.5
2002/08/08,515,520,515,520,4000,472.7
2002/08/09,526,535,526,535,5500,486.4
2002/08/12,540,545,540,542,2000,492.7
2002/08/13,540,545,526,530,10500,481.8
2002/08/14,528,528,520,520,5000,472.7
2002/08/15,521,524,521,524,5000,476.4
2002/08/16,525,531,524,524,5000,476.4
2002/08/19,530,535,530,535,5000,486.4
2002/08/20,536,550,535,550,7500,500
2002/08/21,515,515,503,513,8500,466.4
2002/08/22,506,525,505,525,7000,477.3
2002/08/23,529,530,507,507,9500,460.9
2002/08/26,506,508,505,505,7000,459.1
2002/08/27,506,510,505,510,3500,463.6
2002/08/28,509,510,509,510,1000,463.6
2002/08/29,510,510,510,510,500,463.6
2002/08/30,503,503,500,501,6000,455.5
2002/09/02,486,500,486,500,6900,454.6
2002/09/03,509,509,500,500,3400,454.6
2002/09/04,485,490,470,472,6600,429.1
2002/09/05,490,490,480,480,3600,436.4
2002/09/06,480,480,475,475,4700,431.8
2002/09/09,475,480,475,475,1100,431.8
2002/09/10,505,509,500,500,4200,454.6
2002/09/11,500,500,500,500,1300,454.6
2002/09/12,500,500,500,500,1300,454.6
2002/09/17,495,499,495,499,2100,453.6
2002/09/18,500,500,480,480,4100,436.4
2002/09/19,481,500,480,500,5200,454.6
2002/09/20,475,490,475,490,1300,445.5
2002/09/24,479,480,470,480,7000,436.4
2002/09/25,481,495,480,480,51300,436.4
2002/09/26,470,470,450,450,5400,409.1
2002/09/27,465,465,460,460,1200,418.2
2002/09/30,460,460,430,430,2600,390.9
2002/10/01,430,430,430,430,1800,390.9
2002/10/02,441,441,431,431,1100,391.8
2002/10/03,431,431,430,431,11000,391.8
2002/10/04,430,431,430,431,2800,391.8
2002/10/07,430,455,430,434,2300,394.6
2002/10/08,430,430,430,430,3600,390.9
2002/10/09,420,420,405,405,3600,368.2
2002/10/10,391,420,390,410,12500,372.7
2002/10/11,400,410,400,410,900,372.7
2002/10/15,410,410,409,409,3100,371.8
2002/10/16,407,407,407,407,1400,370
2002/10/17,400,400,391,391,2100,355.5
2002/10/18,393,399,391,391,4800,355.5
2002/10/21,391,393,381,390,9800,354.6
2002/10/22,380,390,379,390,3700,354.6
2002/10/23,370,379,370,370,1700,336.4
2002/10/24,355,365,355,360,7300,327.3
2002/10/25,360,399,358,399,12500,362.7
2002/10/28,399,399,378,378,300,343.6
2002/10/29,378,378,378,378,600,343.6
2002/10/30,370,370,370,370,1300,336.4
2002/10/31,356,375,356,375,3200,340.9
2002/11/01,375,380,370,375,2600,340.9
2002/11/05,393,393,380,385,3900,350
2002/11/06,380,380,380,380,1000,345.5
2002/11/07,364,364,355,355,6300,322.7
2002/11/08,370,370,355,369,9000,335.5
2002/11/11,374,374,373,373,1300,339.1
2002/11/12,370,370,363,363,1800,330
2002/11/13,363,363,363,363,6000,330
2002/11/14,362,362,362,362,7000,329.1
2002/11/15,360,360,360,360,100,327.3
2002/11/18,320,325,310,325,4500,295.5
2002/11/19,310,320,300,301,10100,273.6
2002/11/20,308,308,290,304,7800,276.4
2002/11/21,299,300,290,300,3600,272.7
2002/11/22,290,293,290,290,3800,263.6
2002/11/25,300,335,300,325,9500,295.5
2002/11/26,335,353,335,353,7300,320.9
2002/11/27,353,360,340,340,5100,309.1
2002/11/28,330,333,330,330,9500,300
2002/11/29,340,340,321,321,6600,291.8
2002/12/02,322,337,322,326,5000,296.4
2002/12/03,322,340,322,322,4600,292.7
2002/12/04,323,323,318,320,9300,290.9
2002/12/05,318,326,311,315,9200,286.4
2002/12/06,316,316,310,310,4600,281.8
2002/12/09,330,330,320,320,2400,290.9
2002/12/10,329,350,329,345,27900,313.6
2002/12/11,340,350,340,348,10900,316.4
2002/12/12,333,333,318,318,12300,289.1
2002/12/13,316,317,300,301,15200,273.6
2002/12/16,321,321,290,305,13700,277.3
2002/12/17,315,315,300,300,7000,272.7
2002/12/18,300,300,300,300,4500,272.7
2002/12/19,297,300,297,297,3700,270
2002/12/20,297,300,295,300,9100,272.7
2002/12/24,302,302,300,300,14800,272.7
2002/12/25,305,305,300,300,27000,272.7
2002/12/26,320,320,310,310,1400,281.8
2002/12/27,311,322,311,313,2700,284.6
2002/12/30,313,313,313,313,2100,284.6
2003/01/06,322,330,322,330,1000,300
2003/01/07,335,335,330,330,1900,300
2003/01/08,330,330,305,315,1100,286.4
2003/01/09,305,315,305,315,1900,286.4
2003/01/10,315,315,311,311,6400,282.7
2003/01/14,313,323,313,323,2500,293.6
2003/01/15,323,323,323,323,500,293.6
2003/01/16,323,323,313,318,2800,289.1
2003/01/17,318,318,315,317,500,288.2
2003/01/20,327,327,310,310,10400,281.8
2003/01/21,310,313,306,312,7200,283.6
2003/01/22,307,318,307,310,4200,281.8
2003/01/23,307,313,307,313,16700,284.6
2003/01/24,316,320,311,313,43600,284.6
2003/01/27,313,313,313,313,3500,284.6
2003/01/28,313,313,311,313,3700,284.6
2003/01/29,310,312,310,310,8000,281.8
2003/01/30,313,313,310,310,500,281.8
2003/01/31,310,310,305,305,500,277.3
2003/02/03,313,313,307,310,3100,281.8
2003/02/04,313,313,313,313,6300,284.6
2003/02/05,314,314,310,310,2700,281.8
2003/02/06,310,310,310,310,1200,281.8
2003/02/07,310,310,307,308,5000,280
2003/02/10,308,308,305,305,10200,277.3
2003/02/12,300,311,300,305,7800,277.3
2003/02/13,305,310,303,303,15300,275.5
2003/02/14,305,313,302,313,14400,284.6
2003/02/17,314,315,310,310,15700,281.8
2003/02/18,325,325,320,320,6400,290.9
2003/02/19,322,323,320,323,6600,293.6
2003/02/20,320,320,320,320,4100,290.9
2003/02/21,325,325,320,320,2600,290.9
2003/02/24,320,321,316,320,4400,290.9
2003/02/25,320,320,308,308,20800,280
2003/02/26,308,312,308,312,1500,283.6
2003/02/27,315,315,303,303,6100,275.5
2003/02/28,314,314,305,305,3200,277.3
2003/03/03,306,320,306,319,2300,290
2003/03/04,325,325,311,311,2400,282.7
2003/03/05,318,318,315,315,1300,286.4
2003/03/06,315,320,314,315,12300,286.4
2003/03/07,315,315,310,310,2000,281.8
2003/03/10,310,320,305,320,8900,290.9
2003/03/11,310,310,301,301,6000,273.6
2003/03/12,302,307,301,307,1300,279.1
2003/03/13,310,310,307,309,2100,280.9
2003/03/14,309,309,309,309,2000,280.9
2003/03/17,305,321,302,320,18400,290.9
2003/03/18,310,320,310,320,12000,290.9
2003/03/19,320,320,312,312,14500,283.6
2003/03/20,313,319,313,319,1300,290
2003/03/24,323,335,320,335,11800,304.6
2003/03/25,335,339,323,339,20600,308.2
2003/03/26,331,332,326,326,1600,296.4
2003/03/27,325,330,325,330,2100,300
2003/03/28,325,330,325,330,900,300
2003/03/31,331,331,325,325,10100,295.5
2003/04/01,320,323,320,323,3100,293.6
2003/04/02,322,322,305,310,2200,281.8
2003/04/03,310,310,307,307,1300,279.1
2003/04/04,319,320,319,320,1700,290.9
2003/04/07,315,315,313,313,3200,284.6
2003/04/08,310,317,310,317,4500,288.2
2003/04/09,317,320,315,315,2700,286.4
2003/04/10,320,325,311,325,8200,295.5
2003/04/11,313,315,313,315,2800,286.4
2003/04/14,325,325,325,325,900,295.5
2003/04/15,330,359,330,350,26200,318.2
2003/04/16,355,395,350,395,42200,359.1
2003/04/17,385,390,381,382,28300,347.3
2003/04/18,400,400,390,400,22100,363.6
2003/04/21,400,420,399,420,40300,381.8
2003/04/22,419,420,400,405,13000,368.2
2003/04/23,406,410,380,390,18500,354.6
2003/04/24,391,391,380,382,18900,347.3
2003/04/25,384,399,382,395,13800,359.1
2003/04/28,395,420,395,420,17600,381.8
2003/04/30,420,425,415,415,11600,377.3
2003/05/01,409,409,395,409,8100,371.8
2003/05/02,410,410,395,395,3200,359.1
2003/05/06,390,415,390,410,7900,372.7
2003/05/07,412,420,400,415,11400,377.3
2003/05/08,415,420,402,420,3700,381.8
2003/05/09,420,420,401,415,3000,377.3
2003/05/12,401,420,400,415,6600,377.3
2003/05/13,411,414,406,406,2900,369.1
2003/05/14,400,406,392,395,4700,359.1
2003/05/15,410,410,395,396,1900,360
2003/05/16,405,405,388,390,8400,354.6
2003/05/19,380,395,375,380,9600,345.5
2003/05/20,400,400,400,400,300,363.6
2003/05/21,385,395,380,380,5000,345.5
2003/05/22,380,385,380,385,4500,350
2003/05/23,400,410,400,410,20900,372.7
2003/05/26,395,395,348,375,42400,340.9
2003/05/27,380,380,363,374,7100,340
2003/05/28,373,373,355,373,3300,339.1
2003/05/29,370,370,362,362,1000,329.1
2003/05/30,360,366,360,366,4900,332.7
2003/06/02,370,370,362,362,3600,329.1
2003/06/03,368,380,363,380,13000,345.5
2003/06/04,380,390,375,390,7800,354.6
2003/06/05,377,382,377,382,5000,347.3
2003/06/06,372,378,370,378,3900,343.6
2003/06/09,382,382,370,379,8500,344.6
2003/06/10,379,379,371,371,6900,337.3
2003/06/11,370,379,366,378,10300,343.6
2003/06/12,378,383,372,379,4700,344.6
2003/06/13,383,383,375,380,2200,345.5
2003/06/16,392,392,380,380,1200,345.5
2003/06/17,375,377,360,369,9700,335.5
2003/06/18,370,370,358,368,7600,334.6
2003/06/19,370,370,360,365,1900,331.8
2003/06/20,375,385,370,375,18100,340.9
2003/06/23,385,390,380,385,8600,350
2003/06/24,380,390,376,376,2900,341.8
2003/06/25,385,390,381,381,11500,346.4
2003/06/26,381,381,381,381,200,346.4
2003/06/27,378,378,377,377,1300,342.7
2003/06/30,368,376,360,376,2900,341.8
2003/07/01,376,390,376,389,10200,353.6
2003/07/02,390,396,390,393,8400,357.3
2003/07/03,396,397,380,380,3400,345.5
2003/07/04,366,379,366,370,7400,336.4
2003/07/07,385,385,375,375,5800,340.9
2003/07/08,385,395,370,390,25600,354.6
2003/07/09,395,395,385,387,10600,351.8
2003/07/10,392,395,386,386,3900,350.9
2003/07/11,386,386,380,380,4400,345.5
2003/07/14,370,380,370,373,2200,339.1
2003/07/15,371,379,370,379,5200,344.6
2003/07/16,375,375,375,375,1100,340.9
2003/07/17,371,371,370,370,2000,336.4
2003/07/18,379,379,370,370,900,336.4
2003/07/22,370,370,362,362,2800,329.1
2003/07/23,361,361,350,353,3400,320.9
2003/07/24,370,379,370,379,2700,344.6
2003/07/25,375,390,370,370,19700,336.4
2003/07/28,370,370,370,370,5900,336.4
2003/07/29,358,370,358,370,4700,336.4
2003/07/30,363,365,360,365,1900,331.8
2003/07/31,360,379,360,365,3300,331.8
2003/08/01,369,369,360,361,7200,328.2
2003/08/04,357,362,357,362,7100,329.1
2003/08/05,362,365,362,365,200,331.8
2003/08/06,360,361,360,361,900,328.2
2003/08/07,357,360,357,360,4600,327.3
2003/08/08,360,360,356,356,4600,323.6
2003/08/11,356,365,351,359,6500,326.4
2003/08/12,350,358,350,358,3000,325.5
2003/08/13,355,355,351,355,7000,322.7
2003/08/14,354,355,350,350,6800,318.2
2003/08/15,351,359,351,351,8300,319.1
2003/08/18,357,359,357,357,6700,324.6
2003/08/19,358,358,352,357,5400,324.6
2003/08/20,360,360,357,360,3500,327.3
2003/08/21,360,360,353,360,9900,327.3
2003/08/22,355,360,355,355,7900,322.7
2003/08/25,360,370,360,361,15700,328.2
2003/08/26,363,366,361,361,2900,328.2
2003/08/27,365,369,359,369,5300,335.5
2003/08/28,354,359,353,359,6000,326.4
2003/08/29,352,360,352,352,2800,320
2003/09/01,350,355,336,355,26000,322.7
2003/09/02,355,363,350,360,14900,327.3
2003/09/03,361,370,360,362,18400,329.1
2003/09/04,363,363,355,362,10300,329.1
2003/09/05,363,363,355,363,8600,330
2003/09/08,358,363,353,360,7400,327.3
2003/09/09,360,360,358,358,700,325.5
2003/09/10,363,365,360,365,13000,331.8
2003/09/11,365,365,360,360,2700,327.3
2003/09/12,360,360,358,360,1700,327.3
2003/09/16,351,365,350,360,5700,327.3
2003/09/17,369,370,360,360,5700,327.3
2003/09/18,365,365,353,360,5600,327.3
2003/09/19,370,400,370,395,33600,359.1
2003/09/22,400,405,393,393,19600,357.3
2003/09/24,395,400,390,390,10800,354.6
2003/09/25,385,392,375,380,12700,345.5
2003/09/26,369,370,360,367,13200,333.6
2003/09/29,373,388,373,380,5100,345.5
2003/09/30,400,445,400,440,40200,400
2003/10/01,438,440,410,437,32300,397.3
2003/10/02,440,440,422,422,14500,383.6
2003/10/03,425,430,425,430,8500,390.9
2003/10/06,437,439,432,432,6800,392.7
2003/10/07,435,436,422,423,11500,384.6
2003/10/08,428,428,422,424,7400,385.5
2003/10/09,428,430,420,430,22500,390.9
2003/10/10,430,430,420,427,12100,388.2
2003/10/14,421,427,407,415,15500,377.3
2003/10/15,410,429,405,409,11300,371.8
2003/10/16,414,435,414,435,23000,395.5
2003/10/17,435,455,430,454,66900,412.7
2003/10/20,464,480,457,480,35000,436.4
2003/10/21,494,510,460,470,30000,427.3
2003/10/22,462,467,430,431,13800,391.8
2003/10/23,425,425,416,420,10000,381.8
2003/10/24,415,449,415,420,16300,381.8
2003/10/27,435,441,420,431,4800,391.8
2003/10/28,435,435,420,430,4400,390.9
2003/10/29,419,420,415,420,13900,381.8
2003/10/30,400,416,400,411,9400,373.6
2003/10/31,416,416,407,407,2200,370
2003/11/04,413,421,413,417,2000,379.1
2003/11/05,418,418,407,407,6400,370
2003/11/06,405,405,401,401,7000,364.6
2003/11/07,403,403,403,403,1800,366.4
2003/11/10,408,415,408,415,2600,377.3
2003/11/11,410,410,400,400,6100,363.6
2003/11/12,400,400,400,400,1100,363.6
2003/11/13,414,420,390,390,5200,354.6
2003/11/14,395,405,381,386,5500,350.9
2003/11/17,386,386,365,371,6900,337.3
2003/11/18,371,371,370,370,3300,336.4
2003/11/19,373,380,373,373,500,339.1
2003/11/20,400,400,400,400,6000,363.6
2003/11/21,400,400,380,381,2600,346.4
2003/11/25,381,410,381,400,12100,363.6
2003/11/26,387,387,387,387,200,351.8
2003/11/27,388,397,388,397,1600,360.9
2003/11/28,395,405,370,405,12300,368.2
2003/12/01,400,400,390,390,1000,354.6
2003/12/02,400,400,390,390,2400,354.6
2003/12/03,399,399,380,383,6000,348.2
2003/12/04,383,395,383,390,2700,354.6
2003/12/05,395,395,376,376,4300,341.8
2003/12/08,376,376,366,376,3900,341.8
2003/12/09,375,375,368,372,7200,338.2
2003/12/10,374,390,372,385,22100,350
2003/12/11,380,390,366,368,10200,334.6
2003/12/12,362,363,342,350,25700,318.2
2003/12/15,355,370,352,355,13900,322.7
2003/12/16,357,365,357,365,4900,331.8
2003/12/17,368,369,346,351,15300,319.1
2003/12/18,348,348,338,345,7600,313.6
2003/12/19,345,350,345,345,9100,313.6
2003/12/22,341,351,330,340,8400,309.1
2003/12/24,330,337,330,332,19400,301.8
2003/12/25,347,350,340,340,19700,309.1
2003/12/26,359,359,350,350,3300,318.2
2003/12/29,350,360,350,360,13200,327.3
2003/12/30,360,360,350,359,3400,326.4
2004/01/05,362,362,359,359,5800,326.4
2004/01/06,365,369,360,369,6900,335.5
2004/01/07,366,379,366,379,11700,344.6
2004/01/08,367,378,360,370,13600,336.4
2004/01/09,370,377,370,377,8700,342.7
2004/01/13,382,382,377,381,7300,346.4
2004/01/14,385,385,384,384,300,349.1
2004/01/15,380,381,375,376,3300,341.8
2004/01/16,380,380,379,380,3100,345.5
2004/01/19,385,385,373,380,7500,345.5
2004/01/20,385,385,380,383,12000,348.2
2004/01/21,378,383,375,376,6400,341.8
2004/01/22,375,380,370,370,11700,336.4
2004/01/23,373,385,370,385,27800,350
2004/01/26,395,409,395,400,26700,363.6
2004/01/27,400,408,400,400,9400,363.6
2004/01/28,400,404,380,404,8100,367.3
2004/01/29,400,400,386,390,2700,354.6
2004/01/30,400,414,395,414,9200,376.4
2004/02/02,399,404,388,388,8000,352.7
2004/02/03,383,397,375,397,20100,360.9
2004/02/04,392,392,375,380,9000,345.5
2004/02/05,380,395,380,386,6800,350.9
2004/02/06,391,391,383,391,2300,355.5
2004/02/09,393,400,393,400,3300,363.6
2004/02/10,400,400,378,379,15700,344.6
2004/02/12,384,385,380,380,1200,345.5
2004/02/13,380,390,380,390,3200,354.6
2004/02/16,376,382,376,381,8200,346.4
2004/02/17,376,380,375,380,3600,345.5
2004/02/18,375,380,375,380,4000,345.5
2004/02/19,383,383,376,376,1700,341.8
2004/02/20,383,385,381,381,2600,346.4
2004/02/23,385,395,382,382,2400,347.3
2004/02/24,380,382,380,382,13200,347.3
2004/02/25,382,395,382,395,14300,359.1
2004/02/26,394,394,385,385,6600,350
2004/02/27,385,386,382,386,5600,350.9
2004/03/01,381,400,380,400,13200,363.6
2004/03/02,385,395,384,395,7300,359.1
2004/03/03,395,395,385,385,6900,350
2004/03/04,385,390,380,385,11000,350
2004/03/05,380,390,380,390,6800,354.6
2004/03/08,390,400,385,389,12900,353.6
2004/03/09,385,390,380,385,19600,350
2004/03/10,391,391,384,384,4600,349.1
2004/03/11,385,389,379,384,18800,349.1
2004/03/12,383,384,373,384,14300,349.1
2004/03/15,380,393,380,381,13500,346.4
2004/03/16,382,390,380,390,22800,354.6
2004/03/17,391,396,391,396,14500,360
2004/03/18,400,400,396,397,23200,360.9
2004/03/19,397,400,391,395,5600,359.1
2004/03/22,395,395,390,391,13400,355.5
2004/03/23,391,397,387,397,8400,360.9
2004/03/24,392,400,392,395,15800,359.1
2004/03/25,400,400,396,400,43700,363.6
2004/03/26,398,399,390,390,16400,354.6
2004/03/29,395,398,393,395,9000,359.1
2004/03/30,395,395,391,392,11300,356.4
2004/03/31,395,399,392,395,12700,359.1
2004/04/01,398,398,390,395,8700,359.1
2004/04/02,395,400,391,400,25200,363.6
2004/04/05,405,419,405,414,47700,376.4
2004/04/06,416,419,400,402,49800,365.5
2004/04/07,405,409,401,409,18300,371.8
2004/04/08,406,406,398,402,9300,365.5
2004/04/09,397,402,392,392,24400,356.4
2004/04/12,399,405,396,399,13300,362.7
2004/04/13,403,410,400,410,19600,372.7
2004/04/14,419,450,415,450,97800,409.1
2004/04/15,458,465,441,454,70000,412.7
2004/04/16,457,457,437,455,25700,413.6
2004/04/19,459,471,457,468,34000,425.5
2004/04/20,464,470,458,469,26100,426.4
2004/04/21,464,464,450,457,27600,415.5
2004/04/22,451,460,450,457,22700,415.5
2004/04/23,460,463,445,455,21500,413.6
2004/04/26,453,460,445,451,10700,410
2004/04/27,446,455,432,455,14800,413.6
2004/04/28,450,455,430,455,16100,413.6
2004/04/30,460,460,450,460,15100,418.2
2004/05/06,460,460,431,459,7900,417.3
2004/05/07,440,444,437,441,9300,400.9
2004/05/10,440,440,401,405,13500,368.2
2004/05/11,396,397,385,395,13600,359.1
2004/05/12,398,410,398,410,7800,372.7
2004/05/13,395,415,395,415,48100,377.3
2004/05/14,414,419,409,410,20800,372.7
2004/05/17,398,405,380,400,16900,363.6
2004/05/18,390,394,387,392,12100,356.4
2004/05/19,390,409,390,401,17100,364.6
2004/05/20,401,418,392,418,12400,380
2004/05/21,418,426,406,426,17300,387.3
2004/05/24,427,428,420,425,15000,386.4
2004/05/25,430,435,415,427,13500,388.2
2004/05/26,430,430,425,429,3100,390
2004/05/27,420,424,420,424,14100,385.5
2004/05/28,420,425,407,407,10700,370
2004/05/31,417,417,401,416,9900,378.2
2004/06/01,417,417,405,410,4000,372.7
2004/06/02,410,420,408,416,11300,378.2
2004/06/03,412,412,406,406,7300,369.1
2004/06/04,406,409,402,403,8500,366.4
2004/06/07,404,415,401,415,21700,377.3
2004/06/08,414,414,407,407,11400,370
2004/06/09,411,418,410,415,32200,377.3
2004/06/10,416,417,412,417,15600,379.1
2004/06/11,416,418,416,418,24400,380
2004/06/14,418,422,414,419,17600,380.9
2004/06/15,420,423,415,420,10000,381.8
2004/06/16,430,464,430,448,51000,407.3
2004/06/17,468,495,468,494,110500,449.1
2004/06/18,499,504,481,495,137000,450
2004/06/21,494,513,477,500,116200,454.6
2004/06/22,510,513,497,508,36000,461.8
2004/06/23,498,513,485,513,66600,466.4
2004/06/24,515,520,500,520,40300,472.7
2004/06/25,523,557,522,555,120800,504.6
2004/06/28,555,582,545,570,96600,518.2
2004/06/29,576,589,565,587,67800,533.6
2004/06/30,597,618,590,617,131200,560.9
2004/07/01,617,677,617,677,163600,615.5
2004/07/02,677,677,620,649,107100,590
2004/07/05,629,644,613,637,88400,579.1
2004/07/06,620,638,591,593,40300,539.1
2004/07/07,593,593,555,582,51500,529.1
2004/07/08,642,642,612,635,51600,577.3
2004/07/09,629,634,611,634,53200,576.4
2004/07/12,624,627,613,627,28300,570
2004/07/13,640,685,640,665,165800,604.6
2004/07/14,686,765,685,749,218700,680.9
2004/07/15,740,748,700,725,158500,659.1
2004/07/16,715,723,700,720,59600,654.6
2004/07/20,705,739,705,735,30900,668.2
2004/07/21,735,755,732,743,48200,675.5
2004/07/22,723,745,723,731,32400,664.6
2004/07/23,732,734,705,710,30300,645.5
2004/07/26,701,720,680,718,27900,652.7
2004/07/27,728,728,672,680,34500,618.2
2004/07/28,683,692,680,682,13800,620
2004/07/29,681,681,640,660,18200,600
2004/07/30,653,671,650,659,22600,599.1
2004/08/02,689,700,659,679,13600,617.3
2004/08/03,679,689,660,665,29400,604.6
2004/08/04,669,670,645,663,29100,602.7
2004/08/05,669,675,660,668,25100,607.3
2004/08/06,660,696,660,696,9800,632.7
2004/08/09,666,693,662,689,20400,626.4
2004/08/10,688,689,665,665,12600,604.6
2004/08/11,666,680,665,666,28000,605.5
2004/08/12,675,675,662,662,6600,601.8
2004/08/13,662,662,610,650,32300,590.9
2004/08/16,670,670,630,668,12400,607.3
2004/08/17,668,670,660,669,7800,608.2
2004/08/18,660,660,605,648,56000,589.1
2004/08/19,645,660,645,650,15300,590.9
2004/08/20,660,685,650,681,20000,619.1
2004/08/23,690,720,690,701,40000,637.3
2004/08/24,715,718,699,701,10300,637.3
2004/08/25,701,725,701,719,28100,653.6
2004/08/26,724,724,705,708,15300,643.6
2004/08/27,701,720,690,700,12300,636.4
2004/08/30,708,709,680,690,7100,627.3
2004/08/31,690,695,685,690,6900,627.3
2004/09/01,681,695,681,685,19400,622.7
2004/09/02,685,685,671,680,17100,618.2
2004/09/03,680,680,674,680,6200,618.2
2004/09/06,680,685,655,685,11900,622.7
2004/09/07,688,688,675,675,10600,613.6
2004/09/08,675,675,665,675,6900,613.6
2004/09/09,662,668,662,668,5100,607.3
2004/09/10,668,680,660,679,18600,617.3
2004/09/13,678,720,675,706,32500,641.8
2004/09/14,696,705,696,700,13000,636.4
2004/09/15,700,700,660,690,25700,627.3
2004/09/16,693,698,677,698,11200,634.6
2004/09/17,698,698,695,697,5600,633.6
2004/09/21,700,703,690,693,12400,630
2004/09/22,700,700,685,690,5700,627.3
2004/09/24,690,705,690,695,33400,631.8
2004/09/27,660,679,659,661,4300,600.9
2004/09/28,651,680,651,665,11300,604.6
2004/09/29,670,710,650,680,18500,618.2
2004/09/30,680,690,650,680,18400,618.2
2004/10/01,678,700,652,677,28100,615.5
2004/10/04,671,688,671,678,11700,616.4
2004/10/05,678,679,668,677,9600,615.5
2004/10/06,661,666,655,665,5500,604.6
2004/10/07,670,680,670,670,14900,609.1
2004/10/08,657,687,657,687,16800,624.6
2004/10/12,690,705,690,705,78000,640.9
2004/10/13,710,710,695,702,34100,638.2
2004/10/14,700,703,690,693,25800,630
2004/10/15,700,700,680,690,13800,627.3
2004/10/18,690,702,690,702,12600,638.2
2004/10/19,690,690,680,690,15600,627.3
2004/10/20,690,700,670,690,25600,627.3
2004/10/21,680,695,680,695,13100,631.8
2004/10/22,695,705,690,705,8000,640.9
2004/10/25,705,705,685,700,15300,636.4
2004/10/26,690,698,682,698,4000,634.6
2004/10/27,695,700,686,695,12300,631.8
2004/10/28,700,710,700,710,16400,645.5
2004/10/29,700,710,695,710,21100,645.5
2004/11/01,680,690,680,680,9600,618.2
2004/11/02,680,700,680,682,2900,620
2004/11/04,692,704,675,700,22100,636.4
2004/11/05,700,704,690,690,9100,627.3
2004/11/08,700,700,670,698,7700,634.6
2004/11/09,699,699,697,697,10000,633.6
2004/11/10,680,699,680,699,4300,635.5
2004/11/11,681,700,681,700,7400,636.4
2004/11/12,705,706,694,705,21700,640.9
2004/11/15,706,730,700,729,49000,662.7
2004/11/16,729,729,695,700,31800,636.4
2004/11/17,702,729,702,718,37500,652.7
2004/11/18,731,770,720,751,150500,682.7
2004/11/19,770,795,760,780,149400,709.1
2004/11/22,760,780,755,770,76700,700
2004/11/24,771,779,741,745,33000,677.3
2004/11/25,745,745,728,735,41800,668.2
2004/11/26,721,740,721,730,10800,663.6
2004/11/29,720,734,720,734,13500,667.3
2004/11/30,730,730,720,730,13600,663.6
2004/12/01,730,731,701,715,15100,650
2004/12/02,729,729,690,700,18500,636.4
2004/12/03,710,720,685,710,30100,645.5
2004/12/06,720,720,700,700,18500,636.4
2004/12/07,710,710,691,691,10300,628.2
2004/12/08,691,692,681,685,9300,622.7
2004/12/09,695,695,683,683,7400,620.9
2004/12/10,692,710,692,709,26800,644.6
2004/12/13,720,730,700,709,16000,644.6
2004/12/14,709,710,695,695,14300,631.8
2004/12/15,695,705,681,701,11500,637.3
2004/12/16,699,699,685,685,8600,622.7
2004/12/17,685,695,683,685,9200,622.7
2004/12/20,677,685,670,685,11400,622.7
2004/12/21,665,684,665,684,10400,621.8
2004/12/22,700,700,675,675,15600,613.6
2004/12/24,685,686,675,680,14100,618.2
2004/12/27,695,695,680,680,13600,618.2
2004/12/28,681,689,677,684,34100,621.8
2004/12/29,682,693,680,685,34800,622.7
2004/12/30,690,700,680,700,19300,636.4
2005/01/04,700,702,686,700,4000,636.4
2005/01/05,700,700,689,690,13500,627.3
2005/01/06,690,699,680,690,35800,627.3
2005/01/07,690,690,680,681,20600,619.1
2005/01/11,680,690,665,670,48700,609.1
2005/01/12,668,684,667,680,35500,618.2
2005/01/13,675,687,674,674,16000,612.7
2005/01/14,674,680,663,665,22200,604.6
2005/01/17,675,689,665,689,30700,626.4
2005/01/18,695,695,682,683,14500,620.9
2005/01/19,683,687,672,687,23200,624.6
2005/01/20,685,685,674,680,13600,618.2
2005/01/21,674,680,670,672,16100,610.9
2005/01/24,672,680,672,675,8400,613.6
2005/01/25,679,680,675,680,15400,618.2
2005/01/26,676,677,675,675,6800,613.6
2005/01/27,675,685,675,684,20500,621.8
2005/01/28,685,685,675,675,6400,613.6
2005/01/31,679,685,675,685,5200,622.7
2005/02/01,680,685,675,681,13900,619.1
2005/02/02,680,703,679,702,17400,638.2
2005/02/03,703,710,697,700,22100,636.4
2005/02/04,694,695,680,681,12800,619.1
2005/02/07,683,690,681,683,7700,620.9
2005/02/08,687,690,675,675,11500,613.6
2005/02/09,689,689,676,681,6400,619.1
2005/02/10,676,695,676,695,10900,631.8
2005/02/14,685,689,685,685,4900,622.7
2005/02/15,685,700,685,691,9000,628.2
2005/02/16,693,693,683,686,8100,623.6
2005/02/17,681,688,680,680,13700,618.2
2005/02/18,681,690,681,690,8000,627.3
2005/02/21,690,694,685,685,7700,622.7
2005/02/22,686,687,682,682,7300,620
2005/02/23,682,685,681,681,10100,619.1
2005/02/24,681,686,679,684,12700,621.8
2005/02/25,685,700,685,690,8700,627.3
2005/02/28,695,695,684,695,7000,631.8
2005/03/01,695,695,683,690,11400,627.3
2005/03/02,699,699,690,699,6200,635.5
2005/03/03,699,711,699,710,13500,645.5
2005/03/04,718,718,706,706,8400,641.8
2005/03/07,710,718,706,707,10600,642.7
2005/03/08,710,710,701,709,5900,644.6
2005/03/09,699,705,699,705,2300,640.9
2005/03/10,704,705,700,700,9200,636.4
2005/03/11,700,703,700,700,3000,636.4
2005/03/14,709,709,699,699,14600,635.5
2005/03/15,705,705,697,705,22100,640.9
2005/03/16,704,705,699,704,8000,640
2005/03/17,704,705,700,705,7100,640.9
2005/03/18,705,706,700,706,10800,641.8
2005/03/22,706,721,706,719,19800,653.6
2005/03/23,716,723,715,723,9300,657.3
2005/03/24,710,720,710,720,20900,654.6
2005/03/25,720,720,710,710,15100,645.5
2005/03/28,709,709,695,696,9100,632.7
2005/03/29,703,704,699,702,9900,638.2
2005/03/30,722,722,700,710,15900,645.5
2005/03/31,710,711,710,710,6500,645.5
2005/04/01,710,710,690,690,8500,627.3
2005/04/04,700,700,678,680,5000,618.2
2005/04/05,681,690,680,690,2300,627.3
2005/04/06,694,700,690,690,7200,627.3
2005/04/07,699,700,699,700,1400,636.4
2005/04/08,694,705,694,702,5500,638.2
2005/04/11,701,709,696,709,3800,644.6
2005/04/12,708,708,700,700,3600,636.4
2005/04/13,695,700,687,687,8700,624.6
2005/04/14,671,681,660,660,32400,600
2005/04/15,655,662,650,651,17700,591.8
2005/04/18,641,645,633,645,12100,586.4
2005/04/19,660,660,654,659,4800,599.1
2005/04/20,680,680,655,658,4100,598.2
2005/04/21,650,663,650,663,4100,602.7
2005/04/22,693,693,675,682,7400,620
2005/04/25,683,698,678,680,30100,618.2
2005/04/26,680,680,674,680,3700,618.2
2005/04/27,680,680,672,680,3400,618.2
2005/04/28,675,675,670,670,1500,609.1
2005/05/02,670,670,670,670,5700,609.1
2005/05/06,685,685,660,660,5600,600
2005/05/09,670,675,665,675,4800,613.6
2005/05/10,671,718,671,710,74100,645.5
2005/05/11,700,709,690,700,31600,636.4
2005/05/12,690,702,690,698,16400,634.6
2005/05/13,690,715,690,710,64100,645.5
2005/05/16,715,720,690,695,75000,631.8
2005/05/17,693,705,670,675,29100,613.6
2005/05/18,675,677,660,677,19600,615.5
2005/05/19,680,680,665,675,8300,613.6
2005/05/20,677,684,675,684,6400,621.8
2005/05/23,682,688,664,674,17700,612.7
2005/05/24,679,680,665,667,19100,606.4
2005/05/25,677,677,665,675,18100,613.6
2005/05/26,677,677,661,671,8500,610
2005/05/27,675,675,665,669,7100,608.2
2005/05/30,667,675,667,673,6500,611.8
2005/05/31,678,682,675,675,16800,613.6
2005/06/01,675,686,669,684,26300,621.8
2005/06/02,684,688,677,678,9300,616.4
2005/06/03,680,680,676,677,3300,615.5
2005/06/06,680,685,679,680,5400,618.2
2005/06/07,682,686,677,683,9200,620.9
2005/06/08,683,692,675,691,28100,628.2
2005/06/09,683,694,683,693,14400,630
2005/06/10,693,693,672,680,11300,618.2
2005/06/13,680,689,680,687,19300,624.6
2005/06/14,690,698,670,680,24200,618.2
2005/06/15,683,688,680,688,6900,625.5
2005/06/16,687,693,684,688,27300,625.5
2005/06/17,690,690,686,687,5400,624.6
2005/06/20,685,688,680,685,20300,622.7
2005/06/21,677,685,677,684,8000,621.8
2005/06/22,685,686,671,680,11500,618.2
2005/06/23,679,680,675,680,4800,618.2
2005/06/24,680,680,666,678,22900,616.4
2005/06/27,678,680,675,676,9000,614.6
2005/06/28,675,680,675,680,9700,618.2
2005/06/29,680,682,680,680,3600,618.2
2005/06/30,678,683,678,680,3100,618.2
2005/07/01,680,691,680,685,24400,622.7
2005/07/04,682,690,682,686,6400,623.6
2005/07/05,686,692,685,687,18500,624.6
2005/07/06,687,694,687,692,37900,629.1
2005/07/07,691,692,685,687,11200,624.6
2005/07/08,686,689,685,685,6400,622.7
2005/07/11,685,686,678,680,19400,618.2
2005/07/12,685,685,677,680,20900,618.2
2005/07/13,677,680,676,678,14200,616.4
2005/07/14,680,680,678,679,18100,617.3
2005/07/15,679,683,678,679,24200,617.3
2005/07/19,678,680,677,677,14800,615.5
2005/07/20,678,680,674,676,10600,614.6
2005/07/21,678,678,675,678,20900,616.4
2005/07/22,677,689,670,681,47200,619.1
2005/07/25,685,685,675,680,24000,618.2
2005/07/26,680,681,679,679,11100,617.3
2005/07/27,681,681,679,680,20700,618.2
2005/07/28,685,697,682,695,34900,631.8
2005/07/29,700,700,692,692,34900,629.1
2005/08/01,695,695,675,686,74000,623.6
2005/08/02,685,690,680,690,58100,627.3
2005/08/03,690,691,681,683,24300,620.9
2005/08/04,681,684,671,672,43400,610.9
2005/08/05,676,679,670,672,17500,610.9
2005/08/08,664,672,663,665,12300,604.6
2005/08/09,678,684,671,681,20800,619.1
2005/08/10,691,691,683,683,22300,620.9
2005/08/11,685,685,683,685,10900,622.7
2005/08/12,685,685,679,679,14100,617.3
2005/08/15,681,685,681,685,9700,622.7
2005/08/16,685,686,677,677,10500,615.5
2005/08/17,677,680,675,677,14600,615.5
2005/08/18,678,679,675,675,13600,613.6
2005/08/19,679,685,675,679,27400,617.3
2005/08/22,675,677,672,677,30600,615.5
2005/08/23,679,682,675,680,17700,618.2
2005/08/24,680,680,670,675,25200,613.6
2005/08/25,680,680,675,675,18200,613.6
2005/08/26,680,682,676,676,7400,614.6
2005/08/29,680,680,677,677,8100,615.5
2005/08/30,679,685,678,685,7500,622.7
2005/08/31,685,685,675,678,15900,616.4
2005/09/01,676,680,676,678,18600,616.4
2005/09/02,683,684,675,684,17600,621.8
2005/09/05,682,682,675,678,13300,616.4
2005/09/06,678,681,674,674,15600,612.7
2005/09/07,675,680,675,680,7300,618.2
2005/09/08,677,680,677,677,11200,615.5
2005/09/09,680,682,676,676,5900,614.6
2005/09/12,681,684,680,680,68300,618.2
2005/09/13,685,687,680,685,19300,622.7
2005/09/14,684,689,677,680,7700,618.2
2005/09/15,684,686,680,686,8700,623.6
2005/09/16,686,687,680,681,17000,619.1
2005/09/20,687,720,686,710,47200,645.5
2005/09/21,720,727,705,717,80200,651.8
2005/09/22,726,726,710,720,48500,654.6
2005/09/26,730,753,728,739,89100,671.8
2005/09/27,740,740,720,730,30600,663.6
2005/09/28,730,735,720,720,28000,654.6
2005/09/29,725,725,718,718,12800,652.7
2005/09/30,712,713,698,701,22600,637.3
2005/10/03,714,714,705,708,11200,643.6
2005/10/04,708,710,705,710,27900,645.5
2005/10/05,710,714,707,713,12000,648.2
2005/10/06,710,712,701,712,9800,647.3
2005/10/07,705,706,702,705,8600,640.9
2005/10/11,708,710,702,702,15600,638.2
2005/10/12,702,708,701,704,16800,640
2005/10/13,704,704,701,704,7300,640
2005/10/14,704,720,702,719,19200,653.6
2005/10/17,710,740,710,719,34800,653.6
2005/10/18,716,750,715,736,50200,669.1
2005/10/19,739,739,719,734,36800,667.3
2005/10/20,730,733,727,729,8200,662.7
2005/10/21,726,727,720,720,15400,654.6
2005/10/24,720,728,716,716,13200,650.9
2005/10/25,721,725,716,724,24100,658.2
2005/10/26,722,730,722,722,15000,656.4
2005/10/27,726,735,725,730,27700,663.6
2005/10/28,735,740,731,739,19200,671.8
2005/10/31,749,780,746,765,79000,695.5
2005/11/01,770,771,756,756,12000,687.3
2005/11/02,758,776,758,770,20100,700
2005/11/04,780,789,771,779,47800,708.2
2005/11/07,780,820,770,815,49800,740.9
2005/11/08,816,834,802,820,56100,745.5
2005/11/09,840,840,815,815,25400,740.9
2005/11/10,817,829,817,826,21500,750.9
2005/11/11,823,842,823,842,33300,765.5
2005/11/14,850,894,850,873,61800,793.6
2005/11/15,843,869,820,830,50900,754.6
2005/11/16,849,867,843,850,22400,772.7
2005/11/17,890,908,885,894,96700,812.7
2005/11/18,884,884,872,880,51400,800
2005/11/21,880,884,863,870,42700,790.9
2005/11/22,858,865,845,855,39400,777.3
2005/11/24,840,870,840,868,19100,789.1
2005/11/25,868,869,850,858,21800,780
2005/11/28,850,875,846,860,17700,781.8
2005/11/29,868,870,860,860,12800,781.8
2005/11/30,855,870,855,870,15900,790.9
2005/12/01,865,871,860,870,17900,790.9
2005/12/02,855,874,855,861,22700,782.7
2005/12/05,861,878,858,878,21000,798.2
2005/12/06,877,903,868,903,55300,820.9
2005/12/07,912,936,905,934,79400,849.1
2005/12/08,910,935,901,928,42000,843.6
2005/12/09,936,942,916,918,23400,834.6
2005/12/12,918,945,918,944,22600,858.2
2005/12/13,947,970,945,960,22000,872.7
2005/12/14,960,997,955,970,28600,881.8
2005/12/15,960,973,950,955,26300,868.2
2005/12/16,950,960,930,945,27800,859.1
2005/12/19,940,950,936,940,32800,854.6
2005/12/20,960,965,938,960,31000,872.7
2005/12/21,960,970,940,970,56400,881.8
2005/12/22,970,980,931,941,54600,855.5
2005/12/26,931,960,891,940,50500,854.6
2005/12/27,932,971,932,971,30200,882.7
2005/12/28,961,1030,946,1029,63800,935.5
2005/12/29,1080,1080,980,1045,58500,950
2005/12/30,1065,1065,1020,1045,12500,950
2006/01/04,1040,1075,1025,1055,11300,959.1
2006/01/05,1041,1055,1040,1054,19200,958.2
2006/01/06,1049,1055,1042,1042,16000,947.3
2006/01/10,1054,1065,1041,1050,23500,954.6
2006/01/11,1049,1060,1040,1052,39900,956.4
2006/01/12,1080,1180,1063,1169,74900,1062.7
2006/01/13,1151,1159,1120,1142,46200,1038.2
2006/01/16,1142,1150,1125,1150,26900,1045.5
2006/01/17,1111,1138,1111,1121,17200,1019.1
2006/01/18,1100,1100,948,979,50000,890
2006/01/19,960,1077,960,1055,40500,959.1
2006/01/20,1055,1055,990,993,28800,902.7
2006/01/23,989,989,961,961,38500,873.6
2006/01/24,962,1018,962,1015,32300,922.7
2006/01/25,1010,1039,1010,1030,12100,936.4
2006/01/26,1040,1070,1035,1070,25100,972.7
2006/01/27,1070,1090,1065,1071,26300,973.6
2006/01/30,1084,1084,1063,1079,22000,980.9
2006/01/31,1079,1100,1066,1086,57900,987.3
2006/02/01,1081,1081,1055,1055,23500,959.1
2006/02/02,1055,1060,1025,1048,38700,952.7
2006/02/03,1026,1080,1026,1036,20200,941.8
2006/02/06,1038,1055,1031,1045,18500,950
2006/02/07,1045,1045,1035,1044,8500,949.1
2006/02/08,1044,1045,1025,1025,19200,931.8
2006/02/09,1030,1047,1030,1039,6100,944.6
2006/02/10,1043,1045,1000,1034,26600,940
2006/02/13,1040,1040,950,950,31600,863.6
2006/02/14,960,1001,951,980,40600,890.9
2006/02/15,986,986,960,975,6300,886.4
2006/02/16,955,973,920,930,14100,845.5
2006/02/17,927,930,863,892,23800,810.9
2006/02/20,890,895,875,876,45900,796.4
2006/02/21,876,960,876,940,39000,854.6
2006/02/22,980,981,968,981,29200,891.8
2006/02/23,990,1039,990,1021,54700,928.2
2006/02/24,1048,1082,1028,1075,66000,977.3
2006/02/27,1085,1085,1030,1067,55500,970
2006/02/28,1080,1094,1061,1094,68900,994.6
2006/03/01,1030,1086,1030,1078,47400,980
2006/03/02,1058,1068,1016,1016,27700,923.6
2006/03/03,1018,1036,1003,1036,12100,941.8
2006/03/06,1016,1035,1001,1035,5700,940.9
2006/03/07,1035,1035,1007,1008,16800,916.4
2006/03/08,1006,1045,1006,1024,34000,930.9
2006/03/09,1005,1027,1000,1014,13100,921.8
2006/03/10,1014,1028,1006,1014,20500,921.8
2006/03/13,1008,1036,1008,1032,13900,938.2
2006/03/14,1040,1040,1013,1027,14700,933.6
2006/03/15,1021,1025,1012,1017,12900,924.6
2006/03/16,1020,1020,997,1015,13400,922.7
2006/03/17,1004,1018,1004,1006,7400,914.6
2006/03/20,1020,1029,1010,1029,13000,935.5
2006/03/22,1030,1045,1029,1040,49500,945.5
2006/03/23,1040,1061,1040,1059,74100,962.7
2006/03/24,1064,1074,1044,1074,46600,976.4
2006/03/27,1086,1099,1075,1099,88700,999.1
2006/03/28,1087,1087,1070,1086,39900,987.3
2006/03/29,1090,1133,1090,1116,109200,1014.6
2006/03/30,1096,1134,1094,1134,181000,1030.9
2006/03/31,1133,1150,1133,1150,59200,1045.5
2006/04/03,1150,1158,1135,1148,60100,1043.6
2006/04/04,1150,1168,1140,1160,71800,1054.6
2006/04/05,1147,1166,1147,1150,49200,1045.5
2006/04/06,1150,1165,1145,1161,53800,1055.5
2006/04/07,1166,1178,1163,1177,36300,1070
2006/04/10,1185,1185,1166,1167,25700,1060.9
2006/04/11,1170,1175,1157,1160,20800,1054.6
2006/04/12,1141,1163,1141,1155,16900,1050
2006/04/13,1141,1154,1125,1138,31300,1034.6
2006/04/14,1138,1142,1130,1135,26100,1031.8
2006/04/17,1128,1146,1123,1143,21300,1039.1
2006/04/18,1130,1137,1126,1131,16100,1028.2
2006/04/19,1100,1134,1100,1116,32600,1014.6
2006/04/20,1114,1114,1011,1043,27500,948.2
2006/04/21,1052,1109,1048,1086,21700,987.3
2006/04/24,1071,1082,1011,1011,14400,919.1
2006/04/25,1031,1072,1030,1069,30000,971.8
2006/04/26,1070,1115,1041,1041,38600,946.4
2006/04/27,1049,1082,1045,1079,16900,980.9
2006/04/28,1051,1062,1048,1057,15700,960.9
2006/05/01,1057,1075,1050,1067,13500,970
2006/05/02,1056,1085,1056,1079,15800,980.9
2006/05/08,1071,1079,1065,1067,7800,970
2006/05/09,1069,1069,1044,1058,11000,961.8
2006/05/10,1058,1065,1035,1046,11600,950.9
2006/05/11,1034,1045,1025,1035,12100,940.9
2006/05/12,1001,1045,960,1020,28700,927.3
2006/05/15,1024,1027,999,1006,13000,914.6
2006/05/16,1000,1009,951,968,13400,880
2006/05/17,976,990,962,990,10200,900
2006/05/18,977,982,968,971,7400,882.7
2006/05/19,952,960,930,960,23400,872.7
2006/05/22,960,961,947,948,12900,861.8
2006/05/23,941,956,925,931,8800,846.4
2006/05/24,922,939,910,927,11600,842.7
2006/05/25,927,958,927,945,18400,859.1
2006/05/26,955,980,945,954,17200,867.3
2006/05/29,960,960,950,960,8700,872.7
2006/05/30,959,960,935,937,4700,851.8
2006/05/31,933,940,912,912,5500,829.1
2006/06/01,902,937,902,904,12200,821.8
2006/06/02,905,905,834,876,36000,796.4
2006/06/05,868,868,845,854,26900,776.4
2006/06/06,840,879,840,857,17300,779.1
2006/06/07,847,878,847,872,14200,792.7
2006/06/08,855,855,802,850,23900,772.7
2006/06/09,836,849,819,846,20000,769.1
2006/06/12,866,882,846,882,10800,801.8
2006/06/13,862,886,841,853,7500,775.5
2006/06/14,823,846,823,844,13400,767.3
2006/06/15,845,855,840,854,14100,776.4
2006/06/16,864,889,860,865,22700,786.4
2006/06/19,871,880,849,866,5900,787.3
2006/06/20,866,880,856,866,17700,787.3
2006/06/21,867,880,850,852,8300,774.6
2006/06/22,856,874,850,874,11500,794.6
2006/06/23,874,879,866,872,17800,792.7
2006/06/26,864,880,864,875,10100,795.5
2006/06/27,861,875,860,870,25000,790.9
2006/06/28,869,873,865,870,10800,790.9
2006/06/29,861,877,855,860,31300,781.8
2006/06/30,871,871,860,867,14100,788.2
2006/07/03,877,886,870,872,24600,792.7
2006/07/04,872,888,872,883,8600,802.7
2006/07/05,883,883,860,869,9900,790
2006/07/06,869,869,862,867,3900,788.2
2006/07/07,870,873,861,861,7800,782.7
2006/07/10,862,864,856,856,15900,778.2
2006/07/11,851,875,851,865,9400,786.4
2006/07/12,865,865,846,846,6900,769.1
2006/07/13,835,835,815,834,13600,758.2
2006/07/14,815,834,812,812,10000,738.2
2006/07/18,812,812,765,765,10400,695.5
2006/07/19,755,766,754,755,11400,686.4
2006/07/20,760,770,760,767,19400,697.3
2006/07/21,768,769,755,760,13300,690.9
2006/07/24,768,768,760,761,6100,691.8
2006/07/25,761,767,755,760,13600,690.9
2006/07/26,760,760,755,755,9000,686.4
2006/07/27,760,767,750,760,8800,690.9
2006/07/28,752,765,752,765,7500,695.5
2006/07/31,775,789,775,776,6500,705.5
2006/08/01,780,794,780,785,9100,713.6
2006/08/02,795,810,792,809,6600,735.5
2006/08/03,801,833,801,811,13300,737.3
2006/08/04,831,833,822,832,10600,756.4
2006/08/07,855,855,836,836,24000,760
2006/08/08,846,858,841,852,10500,774.6
2006/08/09,852,856,831,856,10600,778.2
2006/08/10,856,856,828,853,7700,775.5
2006/08/11,833,850,833,848,4200,770.9
2006/08/14,857,865,853,865,10600,786.4
2006/08/15,864,885,857,885,10900,804.6
2006/08/16,888,930,888,927,19900,842.7
2006/08/17,920,928,920,926,18900,841.8
2006/08/18,921,928,920,928,9200,843.6
2006/08/21,919,919,912,916,3700,832.7
2006/08/22,906,926,906,923,7800,839.1
2006/08/23,926,927,919,920,3400,836.4
2006/08/24,927,927,903,910,5000,827.3
2006/08/25,911,915,907,915,11500,831.8
2006/08/28,910,910,894,895,5700,813.6
2006/08/29,898,900,893,900,7000,818.2
2006/08/30,896,916,896,916,8000,832.7
2006/08/31,896,924,896,917,8600,833.6
2006/09/01,917,920,907,919,2000,835.5
2006/09/04,920,928,920,921,3300,837.3
2006/09/05,928,944,923,942,10600,856.4
2006/09/06,939,945,925,945,8600,859.1
2006/09/07,945,945,924,944,7800,858.2
2006/09/08,925,962,925,960,19400,872.7
2006/09/11,970,975,959,970,11100,881.8
2006/09/12,960,960,944,954,13200,867.3
2006/09/13,960,970,950,968,7900,880
2006/09/14,960,960,930,950,13600,863.6
2006/09/15,956,956,934,934,2100,849.1
2006/09/19,925,943,925,930,5600,845.5
2006/09/20,924,925,908,909,19800,826.4
2006/09/21,910,928,910,924,3000,840
2006/09/22,927,929,909,912,16400,829.1
2006/09/25,912,950,912,930,19700,845.5
2006/09/26,910,930,910,913,2700,830
2006/09/27,923,930,903,928,5700,843.6
2006/09/28,924,924,900,918,8500,834.6
2006/09/29,903,912,902,908,2900,825.5
2006/10/02,910,918,898,910,2400,827.3
2006/10/03,910,910,890,900,5100,818.2
2006/10/04,890,890,863,863,4800,784.6
2006/10/05,890,897,880,885,6300,804.6
2006/10/06,884,885,858,868,5200,789.1
2006/10/10,869,882,860,862,7900,783.6
2006/10/11,863,864,840,840,4900,763.6
2006/10/12,820,847,803,828,14800,752.7
2006/10/13,808,828,808,823,5900,748.2
2006/10/16,830,859,830,859,7700,780.9
2006/10/17,846,854,841,845,6600,768.2
2006/10/18,848,850,840,850,3500,772.7
2006/10/19,876,877,844,855,12400,777.3
2006/10/20,846,855,840,843,7300,766.4
2006/10/23,840,860,837,860,6800,781.8
2006/10/24,860,955,855,929,59700,844.6
2006/10/25,920,924,900,916,33900,832.7
2006/10/26,916,927,895,924,14900,840
2006/10/27,929,930,901,916,20300,832.7
2006/10/30,916,916,882,882,21000,801.8
2006/10/31,875,883,873,882,8500,801.8
2006/11/01,875,883,869,881,9000,800.9
2006/11/02,872,875,863,875,7800,795.5
2006/11/06,862,885,862,879,10600,799.1
2006/11/07,887,889,879,880,4800,800
2006/11/08,872,877,868,870,4300,790.9
2006/11/09,866,910,853,879,34400,799.1
2006/11/10,871,883,857,881,21200,800.9
2006/11/13,881,883,870,874,11800,794.6
2006/11/14,866,877,865,872,3500,792.7
2006/11/15,862,880,862,867,12800,788.2
2006/11/16,862,893,861,884,13500,803.6
2006/11/17,884,891,875,881,4500,800.9
2006/11/20,892,892,864,864,13400,785.5
2006/11/21,860,871,860,860,5500,781.8
2006/11/22,855,855,840,853,12900,775.5
2006/11/24,860,869,842,856,14200,778.2
2006/11/27,852,865,852,862,10400,783.6
2006/11/28,863,869,858,866,6500,787.3
2006/11/29,867,877,867,876,11300,796.4
2006/11/30,870,873,862,866,13200,787.3
2006/12/01,857,868,854,864,17100,785.5
2006/12/04,863,869,851,854,9900,776.4
2006/12/05,860,865,856,863,5600,784.6
2006/12/06,864,866,853,865,8900,786.4
2006/12/07,855,865,855,863,12200,784.6
2006/12/08,863,865,859,864,23300,785.5
2006/12/11,866,901,866,901,28800,819.1
2006/12/12,900,915,899,911,13100,828.2
2006/12/13,901,917,901,916,13900,832.7
2006/12/14,905,915,904,908,20600,825.5
2006/12/15,898,907,898,898,17000,816.4
2006/12/18,907,907,894,904,10700,821.8
2006/12/19,905,905,890,895,4700,813.6
2006/12/20,893,900,887,891,8500,810
2006/12/21,884,888,875,877,11800,797.3
2006/12/22,870,873,860,866,12900,787.3
2006/12/25,866,885,866,873,12900,793.6
2006/12/26,873,880,873,880,9100,800
2006/12/27,885,890,882,885,8000,804.6
2006/12/28,878,878,855,860,28800,781.8
2006/12/29,855,875,855,861,5700,782.7
2007/01/04,866,876,860,870,6300,790.9
2007/01/05,871,873,865,865,9700,786.4
2007/01/09,864,870,863,866,10300,787.3
2007/01/10,869,869,858,860,16600,781.8
2007/01/11,859,864,858,859,9000,780.9
2007/01/12,863,870,862,869,16700,790
2007/01/15,870,894,870,894,24300,812.7
2007/01/16,895,908,884,907,17400,824.6
2007/01/17,915,916,900,906,15700,823.6
2007/01/18,906,924,906,911,18200,828.2
2007/01/19,902,912,892,908,18800,825.5
2007/01/22,912,930,912,926,35700,841.8
2007/01/23,927,936,925,930,24800,845.5
2007/01/24,933,940,930,939,10100,853.6
2007/01/25,948,949,933,933,15000,848.2
2007/01/26,933,934,915,922,8700,838.2
2007/01/29,923,950,923,944,37400,858.2
2007/01/30,950,952,930,940,37500,854.6
2007/01/31,942,942,919,919,14700,835.5
2007/02/01,926,936,909,935,18100,850
2007/02/02,928,938,924,935,8900,850
2007/02/05,941,943,930,930,12600,845.5
2007/02/06,934,939,912,938,10300,852.7
2007/02/07,918,928,910,917,17000,833.6
2007/02/08,924,925,905,912,9700,829.1
2007/02/09,905,910,900,904,11500,821.8
2007/02/13,905,918,900,909,18800,826.4
2007/02/14,904,910,900,900,9100,818.2
2007/02/15,905,915,901,911,6800,828.2
2007/02/16,905,919,902,910,11400,827.3
2007/02/19,914,928,912,918,14100,834.6
2007/02/20,928,930,922,929,10800,844.6
2007/02/21,929,930,916,920,6900,836.4
2007/02/22,928,928,911,919,8400,835.5
2007/02/23,919,923,905,916,26700,832.7
2007/02/26,911,920,911,918,8100,834.6
2007/02/27,918,925,905,909,21000,826.4
2007/02/28,880,892,873,889,19100,808.2
2007/03/01,890,902,886,897,10100,815.5
2007/03/02,888,896,883,884,14400,803.6
2007/03/05,884,890,870,873,19100,793.6
2007/03/06,853,875,853,873,8200,793.6
2007/03/07,883,883,870,873,14000,793.6
2007/03/08,865,882,865,882,6200,801.8
2007/03/09,876,910,873,884,19600,803.6
2007/03/12,894,904,888,895,6900,813.6
2007/03/13,904,907,892,892,7600,810.9
2007/03/14,888,892,874,874,8800,794.6
2007/03/15,878,919,878,910,11400,827.3
2007/03/16,919,919,905,905,12700,822.7
2007/03/19,905,915,900,914,7400,830.9
2007/03/20,924,924,910,917,21200,833.6
2007/03/22,925,925,919,922,17400,838.2
2007/03/23,923,933,907,915,24800,831.8
2007/03/26,895,904,884,891,34500,810
2007/03/27,871,881,870,870,12900,790.9
2007/03/28,880,880,869,869,5600,790
2007/03/29,865,866,853,865,14800,786.4
2007/03/30,875,880,862,874,12300,794.6
2007/04/02,877,885,867,867,9400,788.2
2007/04/03,867,901,867,880,20000,800
2007/04/04,881,905,881,892,7700,810.9
2007/04/05,892,892,877,877,3100,797.3
2007/04/06,876,883,876,879,3200,799.1
2007/04/09,883,886,875,885,6200,804.6
2007/04/10,885,885,881,882,3600,801.8
2007/04/11,882,882,870,871,9100,791.8
2007/04/12,865,868,860,865,5800,786.4
2007/04/13,860,870,851,851,6800,773.6
2007/04/16,865,865,843,851,10000,773.6
2007/04/17,846,859,840,843,17900,766.4
2007/04/18,850,854,841,842,7600,765.5
2007/04/19,845,856,839,841,12700,764.6
2007/04/20,842,854,826,827,20300,751.8
2007/04/23,817,825,799,799,16400,726.4
2007/04/24,789,823,789,823,21000,748.2
2007/04/25,825,838,815,820,21500,745.5
2007/04/26,818,846,814,837,31300,760.9
2007/04/27,827,848,825,839,9100,762.7
2007/05/01,831,840,831,832,4400,756.4
2007/05/02,842,844,836,839,5600,762.7
2007/05/07,835,844,833,834,11200,758.2
2007/05/08,844,856,832,856,15500,778.2
2007/05/09,846,853,837,850,7300,772.7
2007/05/10,850,864,850,860,8500,781.8
2007/05/11,860,870,843,862,14200,783.6
2007/05/14,865,894,865,893,16100,811.8
2007/05/15,891,894,880,883,11200,802.7
2007/05/16,876,884,870,874,7600,794.6
2007/05/17,864,874,849,851,10100,773.6
2007/05/18,860,860,843,844,10900,767.3
2007/05/21,843,848,835,848,5800,770.9
2007/05/22,849,851,843,851,5500,773.6
2007/05/23,860,864,810,837,21100,760.9
2007/05/24,846,852,837,850,6600,772.7
2007/05/25,850,851,841,841,12300,764.6
2007/05/28,857,857,837,840,7900,763.6
2007/05/29,838,848,838,838,5300,761.8
2007/05/30,839,850,835,843,10700,766.4
2007/05/31,856,863,852,854,15300,776.4
2007/06/01,863,869,860,862,6500,783.6
2007/06/04,861,875,860,872,8400,792.7
2007/06/05,855,869,855,865,13900,786.4
2007/06/06,865,865,858,858,700,780
2007/06/07,872,872,865,868,8500,789.1
2007/06/08,875,875,861,861,19400,782.7
2007/06/11,862,870,862,863,8000,784.6
2007/06/12,854,874,849,855,10900,777.3
2007/06/13,849,863,849,853,4500,775.5
2007/06/14,845,850,844,844,15300,767.3
2007/06/15,854,855,848,850,12100,772.7
2007/06/18,859,863,850,861,13200,782.7
2007/06/19,852,866,852,858,6200,780
2007/06/20,858,874,857,872,13800,792.7
2007/06/21,873,889,870,885,14100,804.6
2007/06/22,876,887,870,873,8200,793.6
2007/06/25,874,888,874,881,12900,800.9
2007/06/26,879,888,879,885,5300,804.6
2007/06/27,884,892,872,875,14300,795.5
2007/06/28,885,895,885,895,5300,813.6
2007/06/29,885,894,881,881,13900,800.9
2007/07/02,890,897,882,885,16400,804.6
2007/07/03,875,887,870,870,13100,790.9
2007/07/04,877,887,870,872,19700,792.7
2007/07/05,874,883,874,879,3600,799.1
2007/07/06,880,880,870,871,11800,791.8
2007/07/09,880,880,862,864,16800,785.5
2007/07/10,865,877,862,876,18300,796.4
2007/07/11,875,875,863,864,4300,785.5
2007/07/12,865,865,853,860,11600,781.8
2007/07/13,868,873,862,873,10300,793.6
2007/07/17,870,873,867,871,16000,791.8
2007/07/18,870,877,870,874,21800,794.6
2007/07/19,874,880,874,878,15300,798.2
2007/07/20,878,880,875,876,17000,796.4
2007/07/23,876,879,871,871,20100,791.8
2007/07/24,875,878,875,878,6400,798.2
2007/07/25,876,880,875,877,18600,797.3
2007/07/26,880,880,867,870,33800,790.9
2007/07/27,870,874,862,864,15200,785.5
2007/07/30,860,875,858,875,18200,795.5
2007/07/31,865,868,864,868,11400,789.1
2007/08/01,869,871,867,867,11500,788.2
2007/08/02,868,877,868,869,18700,790
2007/08/03,871,874,870,873,8700,793.6
2007/08/06,876,890,876,885,15700,804.6
2007/08/07,900,900,887,889,11200,808.2
2007/08/08,884,889,877,881,11300,800.9
2007/08/09,881,888,872,880,22700,800
2007/08/10,880,884,850,850,44300,772.7
2007/08/13,860,871,853,868,10300,789.1
2007/08/14,861,870,858,864,9800,785.5
2007/08/15,855,869,855,864,12000,785.5
2007/08/16,850,850,836,847,13900,770
2007/08/17,830,843,825,825,11900,750
2007/08/20,816,828,815,819,13000,744.6
2007/08/21,824,849,824,849,8500,771.8
2007/08/22,840,849,835,837,8000,760.9
2007/08/23,840,847,833,845,15800,768.2
2007/08/24,854,859,852,859,11900,780.9
2007/08/27,855,870,854,862,6900,783.6
2007/08/28,867,867,858,861,4300,782.7
2007/08/29,852,863,849,863,9200,784.6
2007/08/30,869,873,864,870,8400,790.9
2007/08/31,873,875,859,874,11200,794.6
2007/09/03,883,883,876,880,9700,800
2007/09/04,879,879,874,878,2000,798.2
2007/09/05,874,874,847,848,6000,770.9
2007/09/06,849,852,826,850,5400,772.7
2007/09/07,850,865,850,852,4600,774.6
2007/09/10,852,859,842,848,7800,770.9
2007/09/11,847,849,840,840,3900,763.6
2007/09/12,850,850,835,837,3400,760.9
2007/09/13,827,828,825,825,7700,750
2007/09/14,859,859,826,826,23800,750.9
2007/09/18,834,849,828,828,7200,752.7
2007/09/19,828,844,820,831,12900,755.5
2007/09/20,843,847,836,841,6300,764.6
2007/09/21,821,847,821,832,3500,756.4
2007/09/25,832,839,816,819,10600,744.6
2007/09/26,811,839,811,839,5400,762.7
2007/09/27,843,844,836,840,4000,763.6
2007/09/28,840,840,834,840,3100,763.6
2007/10/01,839,840,828,828,5600,752.7
2007/10/02,828,828,824,828,7100,752.7
2007/10/03,821,835,820,835,4900,759.1
2007/10/04,838,838,811,828,6400,752.7
2007/10/05,817,828,817,825,5700,750
2007/10/09,824,827,816,821,7800,746.4
2007/10/10,828,830,826,828,6900,752.7
2007/10/11,833,835,822,835,6800,759.1
2007/10/12,834,835,830,830,3700,754.6
2007/10/15,825,834,823,827,3700,751.8
2007/10/16,830,835,822,822,2500,747.3
2007/10/17,816,821,812,819,5500,744.6
2007/10/18,819,828,815,819,4600,744.6
2007/10/19,813,819,810,810,5000,736.4
2007/10/22,800,809,796,801,5600,728.2
2007/10/23,801,813,791,803,3800,730
2007/10/24,799,808,796,801,4500,728.2
2007/10/25,801,804,795,797,12400,724.6
2007/10/26,797,805,793,803,5000,730
2007/10/29,815,835,815,835,23400,759.1
2007/10/30,835,840,825,840,18200,763.6
2007/10/31,835,840,832,832,2400,756.4
2007/11/01,837,840,834,837,8700,760.9
2007/11/02,835,840,823,834,7800,758.2
2007/11/05,834,840,825,826,4000,750.9
2007/11/06,835,840,826,830,4600,754.6
2007/11/07,825,829,825,829,2300,753.6
2007/11/08,800,801,795,801,11000,728.2
2007/11/09,811,811,791,797,18500,724.6
2007/11/12,797,800,771,782,11900,710.9
2007/11/13,785,794,765,777,7400,706.4
2007/11/14,781,798,779,794,6900,721.8
2007/11/15,794,796,783,795,4100,722.7
2007/11/16,794,794,783,786,3500,714.6
2007/11/19,780,784,780,783,5400,711.8
2007/11/20,784,784,766,770,9700,700
2007/11/21,771,779,770,771,10100,700.9
2007/11/22,771,783,771,778,10200,707.3
2007/11/26,778,800,778,781,9300,710
2007/11/27,780,800,775,799,19900,726.4
2007/11/28,800,800,785,797,4400,724.6
2007/11/29,797,799,794,797,8000,724.6
2007/11/30,797,798,793,798,8900,725.5
2007/12/03,799,800,794,795,5400,722.7
2007/12/04,785,788,774,780,32300,709.1
2007/12/05,781,795,775,795,4400,722.7
2007/12/06,795,795,780,792,9300,720
2007/12/07,795,797,780,787,7400,715.5
2007/12/10,797,803,791,799,24100,726.4
2007/12/11,793,800,793,800,10700,727.3
2007/12/12,797,797,790,796,7400,723.6
2007/12/13,797,799,787,787,8100,715.5
2007/12/14,790,798,790,790,16900,718.2
2007/12/17,795,797,790,795,17400,722.7
2007/12/18,791,798,791,794,16800,721.8
2007/12/19,793,796,788,790,11400,718.2
2007/12/20,794,796,790,792,7300,720
2007/12/21,793,794,790,794,11300,721.8
2007/12/25,803,815,802,802,7600,729.1
2007/12/26,805,820,805,819,7400,744.6
2007/12/27,819,819,805,805,3600,731.8
2007/12/28,805,812,804,812,4300,738.2
2008/01/04,805,805,772,781,11600,710
2008/01/07,781,787,780,782,8800,710.9
2008/01/08,781,785,780,780,11200,709.1
2008/01/09,780,800,780,797,9000,724.6
2008/01/10,797,800,782,785,7700,713.6
2008/01/11,781,787,772,780,11600,709.1
2008/01/15,780,783,772,777,11500,706.4
2008/01/16,767,773,740,742,16400,674.6
2008/01/17,742,770,741,751,7000,682.7
2008/01/18,744,754,740,750,12600,681.8
2008/01/21,748,749,728,729,19400,662.7
2008/01/22,725,730,710,721,6200,655.5
2008/01/23,701,710,690,702,18700,638.2
2008/01/24,692,733,692,722,7400,656.4
2008/01/25,732,739,723,739,12400,671.8
2008/01/28,739,745,703,724,17600,658.2
2008/01/29,734,735,715,720,7100,654.6
2008/01/30,730,730,706,710,7000,645.5
2008/01/31,711,711,702,710,11500,645.5
2008/02/01,703,707,700,702,11900,638.2
2008/02/04,706,710,696,710,17900,645.5
2008/02/05,692,703,692,703,6200,639.1
2008/02/06,680,688,676,676,7100,614.6
2008/02/07,677,680,656,670,10600,609.1
2008/02/08,662,673,660,670,5000,609.1
2008/02/12,673,678,667,677,7700,615.5
2008/02/13,679,689,679,680,7500,618.2
2008/02/14,700,700,696,699,6900,635.5
2008/02/15,669,684,669,673,19000,611.8
2008/02/18,693,693,680,680,8500,618.2
2008/02/19,679,695,672,695,4800,631.8
2008/02/20,690,690,682,683,6900,620.9
2008/02/21,684,697,682,697,6100,633.6
2008/02/22,687,690,618,629,52100,571.8
2008/02/25,637,649,636,645,49900,586.4
2008/02/26,647,656,620,621,32800,564.6
2008/02/27,618,630,614,623,17200,566.4
2008/02/28,628,643,621,624,18000,567.3
2008/02/29,625,627,621,627,18200,570
2008/03/03,625,625,620,624,18200,567.3
2008/03/04,627,627,600,622,11600,565.5
2008/03/05,612,645,597,642,28200,583.6
2008/03/06,643,645,615,630,15600,572.7
2008/03/07,601,620,590,615,12600,559.1
2008/03/10,615,624,614,623,11000,566.4
2008/03/11,609,629,609,629,6000,571.8
2008/03/12,630,635,620,627,11300,570
2008/03/13,628,628,618,621,12100,564.6
2008/03/14,630,631,609,616,26200,560
2008/03/17,611,611,604,605,8100,550
2008/03/18,593,605,580,600,7000,545.5
2008/03/19,625,640,607,615,17700,559.1
2008/03/21,605,620,605,610,13800,554.6
2008/03/24,590,610,590,596,25900,541.8
2008/03/25,598,610,598,602,16900,547.3
2008/03/26,604,610,586,610,15600,554.6
2008/03/27,610,618,590,596,25100,541.8
2008/03/28,596,600,580,595,15100,540.9
2008/03/31,590,601,573,584,6600,530.9
2008/04/01,580,593,575,584,7600,530.9
2008/04/02,591,602,577,586,12600,532.7
2008/04/03,582,582,560,565,35000,513.6
2008/04/04,535,550,535,539,29100,490
2008/04/07,535,553,535,553,18200,502.7
2008/04/08,558,568,537,538,24600,489.1
2008/04/09,545,545,519,533,16900,484.6
2008/04/10,532,535,485,497,26100,451.8
2008/04/11,484,525,467,506,70000,460
2008/04/14,501,501,490,499,19600,453.6
2008/04/15,502,525,486,505,26200,459.1
2008/04/16,509,510,495,496,21000,450.9
2008/04/17,505,505,490,498,26500,452.7
2008/04/18,500,509,489,497,36500,451.8
2008/04/21,502,509,470,481,65000,437.3
2008/04/22,484,485,465,480,48600,436.4
2008/04/23,478,480,455,462,61900,420
2008/04/24,469,478,462,468,49300,425.5
2008/04/25,470,480,466,473,39900,430
2008/04/28,477,482,472,480,42800,436.4
2008/04/30,483,484,475,477,34000,433.6
2008/05/01,482,485,478,481,32700,437.3
2008/05/02,485,545,482,525,189600,477.3
2008/05/07,565,568,546,563,79700,511.8
2008/05/08,568,580,538,551,61700,500.9
2008/05/09,557,568,550,554,45300,503.6
2008/05/12,550,553,533,533,49400,484.6
2008/05/13,532,539,507,539,58000,490
2008/05/14,540,549,531,541,43900,491.8
2008/05/15,541,554,541,554,34400,503.6
2008/05/16,555,555,535,545,19100,495.5
2008/05/19,553,564,552,564,32600,512.7
2008/05/20,574,583,568,579,41600,526.4
2008/05/21,575,575,555,557,44300,506.4
2008/05/22,559,574,558,564,19300,512.7
2008/05/23,579,616,577,577,51400,524.6
2008/05/26,574,588,565,575,30100,522.7
2008/05/27,573,585,573,584,16600,530.9
2008/05/28,581,584,561,561,27000,510
2008/05/29,571,583,562,576,15800,523.6
2008/05/30,586,590,579,581,20900,528.2
2008/06/02,590,590,550,579,20800,526.4
2008/06/03,569,582,567,575,18800,522.7
2008/06/04,579,585,577,583,8900,530
2008/06/05,580,584,577,581,9000,528.2
2008/06/06,585,588,578,578,12600,525.5
2008/06/09,568,570,558,563,18200,511.8
2008/06/10,564,570,550,550,36800,500
2008/06/11,562,563,552,561,12400,510
2008/06/12,559,572,558,572,39700,520
2008/06/13,562,569,560,568,29500,516.4
2008/06/16,577,577,563,564,9400,512.7
2008/06/17,571,573,565,570,8700,518.2
2008/06/18,570,577,570,573,8800,520.9
2008/06/19,565,576,565,567,11800,515.5
2008/06/20,567,575,567,571,11500,519.1
2008/06/23,565,580,563,578,16800,525.5
2008/06/24,568,580,568,580,5300,527.3
2008/06/25,575,582,566,582,20000,529.1
2008/06/26,582,583,562,578,8400,525.5
2008/06/27,575,582,560,577,12200,524.6
2008/06/30,577,599,575,579,20000,526.4
2008/07/01,570,614,570,599,19800,544.6
2008/07/02,599,599,585,590,18400,536.4
2008/07/03,580,591,572,580,7700,527.3
2008/07/04,571,586,571,585,5700,531.8
2008/07/07,595,600,582,583,9300,530
2008/07/08,581,584,576,577,2800,524.6
2008/07/09,580,582,578,578,5600,525.5
2008/07/10,579,585,578,578,7000,525.5
2008/07/11,579,579,576,576,8800,523.6
2008/07/14,560,581,560,571,5800,519.1
2008/07/15,571,578,563,563,13000,511.8
2008/07/16,569,569,561,564,3900,512.7
2008/07/17,564,570,564,570,3300,518.2
2008/07/18,580,580,560,563,7200,511.8
2008/07/22,580,580,564,580,9200,527.3
2008/07/23,581,585,573,577,8100,524.6
2008/07/24,583,585,583,585,7700,531.8
2008/07/25,587,589,579,583,11300,530
2008/07/28,598,598,575,582,6500,529.1
2008/07/29,589,590,581,587,7900,533.6
2008/07/30,588,597,584,597,8400,542.7
2008/07/31,598,598,588,598,7100,543.6
2008/08/01,596,600,595,595,3900,540.9
2008/08/04,595,597,582,584,5400,530.9
2008/08/05,590,598,586,591,3200,537.3
2008/08/06,589,595,582,588,6700,534.6
2008/08/07,582,583,578,581,6600,528.2
2008/08/08,577,594,571,587,12800,533.6
2008/08/11,598,598,587,592,5300,538.2
2008/08/12,586,593,575,575,7300,522.7
2008/08/13,568,573,561,563,4300,511.8
2008/08/14,563,568,558,558,3800,507.3
2008/08/15,558,573,550,573,7500,520.9
2008/08/18,575,593,575,586,5800,532.7
2008/08/19,556,565,556,557,10600,506.4
2008/08/20,550,565,550,563,3900,511.8
2008/08/21,557,559,557,559,2700,508.2
2008/08/22,569,579,558,572,5900,520
2008/08/25,600,600,573,575,11700,522.7
2008/08/26,585,585,577,585,7400,531.8
2008/08/27,589,589,567,577,6300,524.6
2008/08/28,572,576,561,568,6700,516.4
2008/08/29,568,570,567,570,13900,518.2
2008/09/01,567,567,558,559,6300,508.2
2008/09/02,558,564,555,555,7800,504.6
2008/09/03,565,565,557,564,5800,512.7
2008/09/04,562,562,555,555,6700,504.6
2008/09/05,549,556,544,550,8600,500
2008/09/08,540,566,540,566,6700,514.6
2008/09/09,552,562,552,559,5800,508.2
2008/09/10,569,570,557,562,10900,510.9
2008/09/11,554,566,554,558,9700,507.3
2008/09/12,558,563,556,563,13000,511.8
2008/09/16,541,552,540,549,10500,499.1
2008/09/17,540,566,540,566,13400,514.6
2008/09/18,556,560,555,559,9700,508.2
2008/09/19,557,566,556,565,9300,513.6
2008/09/22,567,570,564,565,7800,513.6
2008/09/24,560,568,556,568,7000,516.4
2008/09/25,576,576,556,562,9900,510.9
2008/09/26,572,572,547,550,18300,500
2008/09/29,570,570,545,558,8400,507.3
2008/09/30,518,550,518,550,6100,500
2008/10/01,549,549,540,549,4400,499.1
2008/10/02,540,543,520,521,9500,473.6
2008/10/03,513,513,488,510,3800,463.6
2008/10/06,482,496,440,440,18900,400
2008/10/07,436,436,411,427,7200,388.2
2008/10/08,427,427,383,390,12300,354.6
2008/10/09,385,395,385,387,7800,351.8
2008/10/10,387,387,364,364,14200,330.9
2008/10/14,382,423,382,423,9500,384.6
2008/10/15,425,425,396,398,5000,361.8
2008/10/16,360,385,360,368,9400,334.6
2008/10/17,393,410,393,401,17000,364.6
2008/10/20,412,435,410,430,6500,390.9
2008/10/21,443,443,432,437,8000,397.3
2008/10/22,423,438,410,410,5400,372.7
2008/10/23,406,407,387,400,7100,363.6
2008/10/24,425,427,403,424,31200,385.5
2008/10/27,429,429,411,412,11400,374.6
2008/10/28,417,427,409,427,17300,388.2
2008/10/29,432,453,427,452,7300,410.9
2008/10/30,457,479,444,479,9500,435.5
2008/10/31,476,510,454,500,15600,454.6
2008/11/04,499,505,485,497,7400,451.8
2008/11/05,502,505,493,505,18800,459.1
2008/11/06,500,500,480,494,8000,449.1
2008/11/07,494,501,494,496,6800,450.9
2008/11/10,521,528,490,503,11700,457.3
2008/11/11,504,505,487,503,4100,457.3
2008/11/12,478,494,478,489,3400,444.6
2008/11/13,474,483,470,474,3400,430.9
2008/11/14,489,489,478,481,6100,437.3
2008/11/17,466,485,466,474,3400,430.9
2008/11/18,474,499,474,494,8200,449.1
2008/11/19,479,496,479,494,9600,449.1
2008/11/20,499,499,469,498,4000,452.7
2008/11/21,475,499,472,499,11700,453.6
2008/11/25,518,518,499,510,10400,463.6
2008/11/26,520,520,505,512,7800,465.5
2008/11/27,512,519,500,504,8800,458.2
2008/11/28,500,502,488,498,8700,452.7
2008/12/01,500,501,479,501,3800,455.5
2008/12/02,495,495,479,490,9000,445.5
2008/12/03,500,500,490,499,10800,453.6
2008/12/04,495,496,470,492,8500,447.3
2008/12/05,492,500,492,496,6500,450.9
2008/12/08,498,501,491,496,22400,450.9
2008/12/09,496,504,496,500,8600,454.6
2008/12/10,518,518,492,500,18200,454.6
2008/12/11,500,500,494,500,15400,454.6
2008/12/12,499,499,488,497,18300,451.8
2008/12/15,497,500,492,494,13600,449.1
2008/12/16,494,494,481,482,3200,438.2
2008/12/17,482,482,463,470,11300,427.3
2008/12/18,465,476,461,462,8300,420
2008/12/19,462,463,440,440,13600,400
2008/12/22,470,472,461,469,3800,426.4
2008/12/24,454,466,454,466,7900,423.6
2008/12/25,476,476,461,472,6500,429.1
2008/12/26,482,482,471,475,6600,431.8
2008/12/29,490,497,485,497,10300,451.8
2008/12/30,497,499,492,499,4300,453.6
2009/01/05,494,494,494,494,300,449.1
2009/01/06,504,504,497,499,6800,453.6
2009/01/07,530,530,521,523,14400,475.5
2009/01/08,530,530,523,524,13500,476.4
2009/01/09,534,545,530,532,12300,483.6
2009/01/13,550,550,497,497,16000,451.8
2009/01/14,496,496,481,481,7700,437.3
2009/01/15,476,476,466,475,8200,431.8
2009/01/16,470,479,470,476,9100,432.7
2009/01/19,477,477,470,471,3700,428.2
2009/01/20,466,468,465,466,3000,423.6
2009/01/21,463,476,463,476,3400,432.7
2009/01/22,472,477,450,453,21200,411.8
2009/01/23,453,453,431,436,23500,396.4
2009/01/26,446,446,423,438,15000,398.2
2009/01/27,458,464,449,464,13100,421.8
2009/01/28,459,478,459,478,5000,434.6
2009/01/29,479,480,460,471,5600,428.2
2009/01/30,462,463,457,458,5400,416.4
2009/02/02,459,459,448,449,2100,408.2
2009/02/03,448,460,448,448,4600,407.3
2009/02/04,438,446,438,446,4200,405.5
2009/02/05,441,445,439,440,7800,400
2009/02/06,447,447,441,442,2600,401.8
2009/02/09,436,443,436,440,3700,400
2009/02/10,455,455,450,452,8000,410.9
2009/02/12,442,446,431,437,4000,397.3
2009/02/13,437,450,437,449,3000,408.2
2009/02/16,444,449,442,443,5100,402.7
2009/02/17,443,443,440,442,1500,401.8
2009/02/18,432,438,430,435,3500,395.5
2009/02/19,445,445,432,440,2800,400
2009/02/20,430,442,426,428,8300,389.1
2009/02/23,425,431,425,430,1500,390.9
2009/02/24,426,427,418,427,4700,388.2
2009/02/25,440,441,430,436,10600,396.4
2009/02/26,437,439,432,439,9000,399.1
2009/02/27,446,446,442,445,9600,404.6
2009/03/02,430,439,430,431,4800,391.8
2009/03/03,426,431,422,431,2000,391.8
2009/03/04,432,439,432,437,2200,397.3
2009/03/05,444,449,438,440,8800,400
2009/03/06,445,445,430,439,5900,399.1
2009/03/09,434,447,434,444,5200,403.6
2009/03/10,447,447,441,442,6700,401.8
2009/03/11,442,445,439,444,1900,403.6
2009/03/12,448,448,434,437,6700,397.3
2009/03/13,449,450,441,450,21800,409.1
2009/03/16,459,476,447,448,12500,407.3
2009/03/17,453,459,448,458,4300,416.4
2009/03/18,450,450,448,448,6000,407.3
2009/03/19,458,458,453,458,2800,416.4
2009/03/23,468,468,458,468,7300,425.5
2009/03/24,468,475,467,470,11900,427.3
2009/03/25,479,490,471,490,20000,445.5
2009/03/26,498,510,496,510,14700,463.6
2009/03/27,524,530,517,517,11800,470
2009/03/30,520,520,501,504,11400,458.2
2009/03/31,499,503,495,500,5200,454.6
2009/04/01,485,503,480,480,6800,436.4
2009/04/02,501,501,490,498,5700,452.7
2009/04/03,489,493,489,490,4500,445.5
2009/04/06,490,492,486,487,2700,442.7
2009/04/07,479,480,478,479,3900,435.5
2009/04/08,480,480,471,471,2500,428.2
2009/04/09,469,490,469,490,7500,445.5
2009/04/10,498,498,491,495,5600,450
2009/04/13,499,500,495,495,2400,450
2009/04/14,480,490,477,479,9300,435.5
2009/04/15,483,488,473,483,2300,439.1
2009/04/16,488,490,481,483,3400,439.1
2009/04/17,481,490,481,490,2100,445.5
2009/04/20,488,495,483,491,1700,446.4
2009/04/21,476,486,474,475,3500,431.8
2009/04/22,472,475,471,472,3700,429.1
2009/04/23,472,479,468,479,5800,435.5
2009/04/24,484,484,475,478,8000,434.6
2009/04/27,493,493,488,488,7200,443.6
2009/04/28,493,495,478,478,9100,434.6
2009/04/30,491,495,489,494,4200,449.1
2009/05/01,496,496,490,490,2600,445.5
2009/05/07,497,497,489,491,5200,446.4
2009/05/08,487,498,487,498,3400,452.7
2009/05/11,500,500,482,485,10800,440.9
2009/05/12,490,490,486,486,1700,441.8
2009/05/13,483,495,483,486,4100,441.8
2009/05/14,490,491,480,480,6000,436.4
2009/05/15,481,496,480,485,2700,440.9
2009/05/18,482,489,468,478,6900,434.6
2009/05/19,479,483,475,483,3100,439.1
2009/05/20,488,488,481,482,3200,438.2
2009/05/21,484,487,483,487,1000,442.7
2009/05/22,483,494,483,490,4900,445.5
2009/05/25,495,499,490,499,11100,453.6
2009/05/26,510,513,498,513,12800,466.4
2009/05/27,523,525,503,503,9300,457.3
2009/05/28,496,503,495,499,3000,453.6
2009/05/29,496,500,490,499,2700,453.6
2009/06/01,504,504,497,497,3500,451.8
2009/06/02,502,505,492,504,5700,458.2
2009/06/03,500,511,500,509,4300,462.7
2009/06/04,509,521,509,515,7600,468.2
2009/06/05,515,520,515,518,1200,470.9
2009/06/08,523,524,520,520,3400,472.7
2009/06/09,520,523,519,523,3900,475.5
2009/06/10,524,528,522,528,7200,480
2009/06/11,528,528,519,519,2500,471.8
2009/06/12,510,528,510,524,12400,476.4
2009/06/15,516,530,515,515,7800,468.2
2009/06/16,502,503,490,491,8800,446.4
2009/06/17,500,500,491,491,2100,446.4
2009/06/18,490,492,489,491,2100,446.4
2009/06/19,518,518,502,503,12600,457.3
2009/06/22,533,535,523,525,15900,477.3
2009/06/23,530,535,511,513,19000,466.4
2009/06/24,513,519,513,519,4100,471.8
2009/06/25,520,529,515,529,14500,480.9
2009/06/26,530,530,519,529,9900,480.9
2009/06/29,530,530,523,524,6400,476.4
2009/06/30,520,526,520,526,3400,478.2
2009/07/01,506,524,506,523,4700,475.5
2009/07/02,527,527,510,510,3300,463.6
2009/07/03,530,530,522,526,13100,478.2
2009/07/06,532,532,527,530,9900,481.8
2009/07/07,538,538,534,535,13400,486.4
2009/07/08,528,528,517,517,4400,470
2009/07/09,520,523,517,518,6300,470.9
2009/07/10,528,528,516,523,8000,475.5
2009/07/13,516,523,513,513,4800,466.4
2009/07/14,523,523,514,517,5700,470
2009/07/15,519,522,514,517,4200,470
2009/07/16,527,527,517,517,2900,470
2009/07/17,520,520,516,517,1700,470
2009/07/21,519,521,515,516,6500,469.1
2009/07/22,520,522,517,519,4200,471.8
2009/07/23,521,528,520,527,9900,479.1
2009/07/24,521,534,521,533,14200,484.6
2009/07/27,543,543,535,542,9800,492.7
2009/07/28,547,547,495,531,16800,482.7
2009/07/29,531,531,529,529,1200,480.9
2009/07/30,535,535,528,529,3100,480.9
2009/07/31,533,533,525,526,4600,478.2
2009/08/03,529,529,501,526,4500,478.2
2009/08/04,526,529,521,524,6100,476.4
2009/08/05,524,525,506,519,12100,471.8
2009/08/06,522,524,519,519,2700,471.8
2009/08/07,522,525,518,523,4000,475.5
2009/08/10,522,523,517,522,7100,474.6
2009/08/11,523,523,514,518,2800,470.9
2009/08/12,516,516,509,509,7000,462.7
2009/08/13,509,514,508,511,3600,464.6
2009/08/14,511,513,504,505,6200,459.1
2009/08/17,515,515,491,499,12800,453.6
2009/08/18,494,510,494,499,6000,453.6
2009/08/19,495,503,495,498,4800,452.7
2009/08/20,503,504,499,501,3600,455.5
2009/08/21,511,511,500,506,6700,460
2009/08/24,514,524,514,518,9000,470.9
2009/08/25,517,517,510,513,9700,466.4
2009/08/26,518,518,511,518,9600,470.9
2009/08/27,519,520,511,515,7600,468.2
2009/08/28,507,512,507,508,3500,461.8
2009/08/31,509,517,504,504,3800,458.2
2009/09/01,508,510,504,508,3600,461.8
2009/09/02,503,505,498,498,8000,452.7
2009/09/03,497,505,497,498,5000,452.7
2009/09/04,497,499,497,497,4700,451.8
2009/09/07,495,499,490,493,7200,448.2
2009/09/08,495,500,491,497,4900,451.8
2009/09/09,500,500,481,491,10000,446.4
2009/09/10,491,499,491,494,6800,449.1
2009/09/11,500,500,490,494,13600,449.1
2009/09/14,487,489,480,484,5200,440
2009/09/15,485,486,484,484,2400,440
2009/09/16,484,492,475,477,11300,433.6
2009/09/17,477,481,475,479,3600,435.5
2009/09/18,479,487,475,487,6900,442.7
2009/09/24,489,496,489,496,9200,450.9
2009/09/25,496,496,486,488,10800,443.6
2009/09/28,493,493,488,493,11300,448.2
2009/09/29,503,509,499,504,8600,458.2
2009/09/30,501,504,485,498,4100,452.7
2009/10/01,493,493,487,489,5700,444.6
2009/10/02,486,486,470,474,11100,430.9
2009/10/05,476,476,467,467,5200,424.6
2009/10/06,463,468,461,461,2900,419.1
2009/10/07,463,473,463,473,3900,430
2009/10/08,476,477,471,477,3600,433.6
2009/10/09,481,483,474,482,6800,438.2
2009/10/13,492,492,482,488,6200,443.6
2009/10/14,492,492,476,485,7200,440.9
2009/10/15,490,495,490,494,6100,449.1
2009/10/16,499,500,493,496,3600,450.9
2009/10/19,498,499,486,499,6600,453.6
2009/10/20,500,506,500,506,7800,460
2009/10/21,503,507,498,500,8900,454.6
2009/10/22,505,505,492,500,7000,454.6
2009/10/23,506,506,493,497,14400,451.8
2009/10/26,503,503,498,500,16000,454.6
2009/10/27,499,500,486,488,13800,443.6
2009/10/28,487,497,484,493,4300,448.2
2009/10/29,491,502,487,502,13000,456.4
2009/10/30,507,507,498,499,12100,453.6
2009/11/02,499,500,493,498,7400,452.7
2009/11/04,493,499,485,497,4400,451.8
2009/11/05,496,497,492,495,5500,450
2009/11/06,490,495,490,494,5000,449.1
2009/11/09,491,491,488,491,5300,446.4
2009/11/10,496,496,487,489,9400,444.6
2009/11/11,486,491,486,486,4100,441.8
2009/11/12,489,490,481,481,3700,437.3
2009/11/13,481,485,471,484,3400,440
2009/11/16,479,483,475,479,2600,435.5
2009/11/17,477,477,471,472,3500,429.1
2009/11/18,470,477,470,471,6000,428.2
2009/11/19,476,476,468,471,2500,428.2
2009/11/20,472,478,470,470,2900,427.3
2009/11/24,470,472,464,471,6100,428.2
2009/11/25,481,483,476,483,12600,439.1
2009/11/26,486,486,481,482,7900,438.2
2009/11/27,487,490,484,488,10800,443.6
2009/11/30,483,497,483,497,5600,451.8
2009/12/01,497,500,495,500,8600,454.6
2009/12/02,500,505,497,501,5100,455.5
2009/12/03,485,500,485,500,17900,454.6
2009/12/04,490,499,487,499,6500,453.6
2009/12/07,498,499,496,497,5600,451.8
2009/12/08,496,500,496,497,3900,451.8
2009/12/09,497,504,497,504,11100,458.2
2009/12/10,524,524,497,503,20600,457.3
2009/12/11,516,518,509,518,21400,470.9
2009/12/14,519,519,508,512,13000,465.5
2009/12/15,507,511,506,509,3800,462.7
2009/12/16,507,512,507,510,6900,463.6
2009/12/17,511,512,492,505,15100,459.1
2009/12/18,510,510,501,510,3100,463.6
2009/12/21,508,508,503,505,2700,459.1
2009/12/22,504,510,500,507,8500,460.9
2009/12/24,504,509,501,509,5500,462.7
2009/12/25,510,510,497,502,9700,456.4
2009/12/28,508,508,504,505,7800,459.1
2009/12/29,515,524,513,513,8400,466.4
2009/12/30,514,514,509,513,4600,466.4
2010/01/04,508,520,508,513,1800,466.4
2010/01/05,507,517,507,510,3500,463.6
2010/01/06,520,522,505,522,16500,474.6
2010/01/07,532,535,528,530,13800,481.8
2010/01/08,535,535,525,530,13400,481.8
2010/01/12,531,534,518,525,9700,477.3
2010/01/13,525,525,520,520,6800,472.7
2010/01/14,520,520,517,518,2400,470.9
2010/01/15,510,514,509,514,5400,467.3
2010/01/18,512,514,511,513,3300,466.4
2010/01/19,503,509,503,508,6300,461.8
2010/01/20,516,516,500,515,9100,468.2
2010/01/21,518,520,513,515,6500,468.2
2010/01/22,506,510,505,510,5100,463.6
2010/01/25,510,511,505,511,10600,464.6
2010/01/26,501,511,499,504,14400,458.2
2010/01/27,509,511,497,497,12200,451.8
2010/01/28,495,504,494,499,3900,453.6
2010/01/29,499,507,487,487,5100,442.7
2010/02/01,485,485,461,484,11400,440
2010/02/02,484,484,475,482,8100,438.2
2010/02/03,484,484,479,479,4300,435.5
2010/02/04,483,483,472,479,4000,435.5
2010/02/05,481,481,472,475,4700,431.8
2010/02/08,469,477,469,469,5100,426.4
2010/02/09,469,474,465,473,11600,430
2010/02/10,480,480,467,467,7600,424.6
2010/02/12,474,474,459,462,6300,420
2010/02/15,462,462,449,457,11800,415.5
2010/02/16,460,468,455,455,5800,413.6
2010/02/17,465,465,460,460,3300,418.2
2010/02/18,452,458,451,455,7900,413.6
2010/02/19,463,463,451,451,5000,410
2010/02/22,451,461,451,458,5100,416.4
2010/02/23,466,466,462,463,3700,420.9
2010/02/24,463,466,462,464,7000,421.8
2010/02/25,469,469,461,465,11900,422.7
2010/02/26,470,479,463,479,15300,435.5
2010/03/01,489,490,481,483,10100,439.1
2010/03/02,475,483,475,481,3500,437.3
2010/03/03,473,478,470,474,3900,430.9
2010/03/04,482,482,476,478,2400,434.6
2010/03/05,479,491,475,490,10500,445.5
2010/03/08,482,488,479,484,5100,440
2010/03/09,481,485,476,481,6000,437.3
2010/03/10,480,481,466,474,10300,430.9
2010/03/11,482,484,466,475,4800,431.8
2010/03/12,470,478,468,478,11900,434.6
2010/03/15,478,479,472,475,4000,431.8
2010/03/16,473,474,472,473,2800,430
2010/03/17,480,480,475,476,1700,432.7
2010/03/18,477,484,477,481,2100,437.3
2010/03/19,482,485,480,481,7800,437.3
2010/03/23,480,482,478,479,12400,435.5
2010/03/24,483,490,479,490,8000,445.5
2010/03/25,488,489,475,489,21700,444.6
2010/03/26,487,487,479,487,17100,442.7
2010/03/29,485,485,472,475,13000,431.8
2010/03/30,475,476,474,475,12700,431.8
2010/03/31,477,479,472,473,6400,430
2010/04/01,474,477,474,476,6200,432.7
2010/04/02,470,477,470,477,12600,433.6
2010/04/05,477,480,475,480,8000,436.4
2010/04/06,480,482,470,475,11600,431.8
2010/04/07,476,479,470,471,9600,428.2
2010/04/08,470,473,469,469,13900,426.4
2010/04/09,468,476,468,476,5700,432.7
2010/04/12,475,476,470,475,9400,431.8
2010/04/13,477,478,474,475,3600,431.8
2010/04/14,474,479,474,477,5400,433.6
2010/04/15,473,478,473,477,5300,433.6
2010/04/16,477,477,476,477,5000,433.6
2010/04/19,475,475,472,472,4100,429.1
2010/04/20,475,475,469,472,6800,429.1
2010/04/21,474,475,474,475,7400,431.8
2010/04/22,475,476,472,473,10500,430
2010/04/23,475,478,474,476,21400,432.7
2010/04/26,479,483,479,483,16600,439.1
2010/04/27,481,481,476,479,8200,435.5
2010/04/28,472,476,471,472,6200,429.1
2010/04/30,479,479,470,471,5400,428.2
2010/05/06,470,472,465,465,8700,422.7
2010/05/07,457,459,453,455,8700,413.6
2010/05/10,457,474,451,454,19800,412.7
2010/05/11,455,492,455,481,30800,437.3
2010/05/12,473,481,473,477,17500,433.6
2010/05/13,479,479,469,473,4900,430
2010/05/14,468,475,466,468,6200,425.5
2010/05/17,462,464,461,461,6500,419.1
2010/05/18,461,461,460,461,3800,419.1
2010/05/19,455,458,452,457,10300,415.5
2010/05/20,449,458,449,455,4900,413.6
2010/05/21,448,448,443,445,8300,404.6
2010/05/24,450,456,449,453,11200,411.8
2010/05/25,453,453,447,451,19000,410
2010/05/26,461,461,443,454,12700,412.7
2010/05/27,456,458,446,447,10600,406.4
2010/05/28,450,452,441,443,11500,402.7
2010/05/31,442,449,442,446,4300,405.5
2010/06/01,445,451,445,449,2300,408.2
2010/06/02,445,449,445,448,2900,407.3
2010/06/03,448,453,445,452,2500,410.9
2010/06/04,451,457,451,456,2400,414.6
2010/06/07,453,454,447,447,3300,406.4
2010/06/08,444,451,443,449,4000,408.2
2010/06/09,447,447,444,447,5200,406.4
2010/06/10,453,453,448,449,5500,408.2
2010/06/11,450,453,444,447,19800,406.4
2010/06/14,452,452,447,447,2300,406.4
2010/06/15,447,454,447,451,1600,410
2010/06/16,450,452,448,450,6200,409.1
2010/06/17,451,454,449,453,7200,411.8
2010/06/18,457,460,456,460,12300,418.2
2010/06/21,468,474,463,471,11800,428.2
2010/06/22,479,480,471,472,11000,429.1
2010/06/23,464,470,462,464,1400,421.8
2010/06/24,465,469,465,466,2400,423.6
2010/06/25,468,468,459,463,8300,420.9
2010/06/28,471,476,471,475,10500,431.8
2010/06/29,480,480,472,473,10000,430
2010/06/30,466,472,466,468,5500,425.5
2010/07/01,468,468,455,455,4400,413.6
2010/07/02,460,460,451,451,3900,410
2010/07/05,446,454,446,450,6500,409.1
2010/07/06,464,472,460,467,17700,424.6
2010/07/07,475,475,469,470,12000,427.3
2010/07/08,483,483,465,472,12900,429.1
2010/07/09,468,478,463,472,5000,429.1
2010/07/12,479,479,468,468,4700,425.5
2010/07/13,475,475,455,455,3500,413.6
2010/07/14,456,465,456,464,3200,421.8
2010/07/15,462,468,459,463,5200,420.9
2010/07/16,463,469,454,455,3300,413.6
2010/07/20,448,460,448,452,4000,410.9
2010/07/21,448,461,448,450,5400,409.1
2010/07/22,450,455,445,445,4100,404.6
2010/07/23,464,467,456,465,15000,422.7
2010/07/26,477,477,470,473,10300,430
2010/07/27,476,476,466,471,7900,428.2
2010/07/28,475,475,466,475,4200,431.8
2010/07/29,475,475,463,465,4200,422.7
2010/07/30,465,465,447,452,6800,410.9
2010/08/02,463,463,450,455,4900,413.6
2010/08/03,457,462,454,456,5700,414.6
2010/08/04,452,455,433,440,14500,400
2010/08/05,443,451,442,443,3800,402.7
2010/08/06,443,445,442,445,3200,404.6
2010/08/09,443,450,443,450,3200,409.1
2010/08/10,458,459,447,447,6400,406.4
2010/08/11,444,446,433,437,6400,397.3
2010/08/12,432,436,428,436,2800,396.4
2010/08/13,429,441,429,441,4400,400.9
2010/08/16,441,441,431,435,2100,395.5
2010/08/17,431,432,431,432,3900,392.7
2010/08/18,432,438,431,438,4300,398.2
2010/08/19,438,442,438,442,2700,401.8
2010/08/20,441,441,435,438,4300,398.2
2010/08/23,437,438,436,437,1600,397.3
2010/08/24,439,442,437,440,4700,400
2010/08/25,441,449,440,449,10200,408.2
2010/08/26,457,459,455,459,7600,417.3
2010/08/27,459,466,455,466,13100,423.6
2010/08/30,470,474,470,474,9400,430.9
2010/08/31,467,471,451,453,6100,411.8
2010/09/01,456,456,450,450,5000,409.1
2010/09/02,458,459,450,454,8200,412.7
2010/09/03,451,458,451,458,1600,416.4
2010/09/06,455,460,455,458,4200,416.4
2010/09/07,454,460,454,459,2700,417.3
2010/09/08,459,459,451,453,3600,411.8
2010/09/09,461,467,455,467,4300,424.6
2010/09/10,480,480,470,473,19500,430
2010/09/13,465,469,455,460,2800,418.2
2010/09/14,460,463,456,459,1300,417.3
2010/09/15,460,470,453,470,4900,427.3
2010/09/16,475,477,472,475,5300,431.8
2010/09/17,470,476,470,472,5000,429.1
2010/09/21,472,476,467,473,4800,430
2010/09/22,473,476,471,475,4100,431.8
2010/09/24,469,474,467,472,10500,429.1
2010/09/27,478,478,470,474,13800,430.9
2010/09/28,475,478,473,475,9700,431.8
2010/09/29,474,479,464,475,9700,431.8
2010/09/30,475,475,455,455,5000,413.6
2010/10/01,455,455,440,447,4600,406.4
2010/10/04,448,448,427,441,8200,400.9
2010/10/05,427,448,427,448,9500,407.3
2010/10/06,453,460,450,458,4800,416.4
2010/10/07,457,459,454,457,4700,415.5
2010/10/08,447,451,447,450,6700,409.1
2010/10/12,458,458,434,434,10100,394.6
2010/10/13,434,436,430,430,5400,390.9
2010/10/14,438,438,432,435,4200,395.5
2010/10/15,434,434,429,430,3700,390.9
2010/10/18,431,442,431,436,2300,396.4
2010/10/19,432,436,431,433,4100,393.6
2010/10/20,432,432,425,426,9500,387.3
2010/10/21,430,430,425,425,6400,386.4
2010/10/22,428,433,426,428,6000,389.1
2010/10/25,427,434,425,428,10800,389.1
2010/10/26,432,432,428,432,9000,392.7
2010/10/27,435,438,425,426,12200,387.3
2010/10/28,426,431,416,419,10600,380.9
2010/10/29,420,424,412,420,5900,381.8
2010/11/01,421,421,407,412,3600,374.6
2010/11/02,415,415,406,410,5100,372.7
2010/11/04,410,420,410,420,3400,381.8
2010/11/05,420,442,420,441,7700,400.9
2010/11/08,441,441,436,440,2900,400
2010/11/09,441,444,416,420,16800,381.8
2010/11/10,420,438,420,426,16600,387.3
2010/11/11,427,438,427,430,3300,390.9
2010/11/12,430,437,429,431,2900,391.8
2010/11/15,425,436,425,436,1900,396.4
2010/11/16,438,438,421,421,4000,382.7
2010/11/17,420,431,419,431,2400,391.8
2010/11/18,431,435,428,435,4000,395.5
2010/11/19,436,436,433,434,5000,394.6
2010/11/22,439,440,436,439,2100,399.1
2010/11/24,439,445,438,442,3800,401.8
2010/11/25,450,452,447,447,12400,406.4
2010/11/26,452,452,446,446,6100,405.5
2010/11/29,454,455,446,450,8700,409.1
2010/11/30,442,444,440,441,3400,400.9
2010/12/01,436,439,436,439,3600,399.1
2010/12/02,450,450,437,437,3900,397.3
2010/12/03,445,445,436,436,2000,396.4
2010/12/06,439,445,438,444,2300,403.6
2010/12/07,445,459,443,459,8500,417.3
2010/12/08,459,467,455,467,7700,424.6
2010/12/09,461,468,461,468,9900,425.5
2010/12/10,452,459,451,455,31200,413.6
2010/12/13,470,472,462,472,12300,429.1
2010/12/14,477,477,467,477,9700,433.6
2010/12/15,469,476,469,476,3900,432.7
2010/12/16,470,477,470,475,4000,431.8
2010/12/17,477,477,473,473,4300,430
2010/12/20,470,475,460,466,5700,423.6
2010/12/21,458,469,454,468,6600,425.5
2010/12/22,468,472,467,472,3600,429.1
2010/12/24,473,475,470,475,8000,431.8
2010/12/27,478,478,466,474,7300,430.9
2010/12/28,484,485,479,484,7200,440
2010/12/29,476,479,473,479,4100,435.5
2010/12/30,480,480,474,474,2000,430.9
2011/01/04,475,480,472,477,5300,433.6
2011/01/05,493,493,485,490,17100,445.5
2011/01/06,498,499,495,498,11300,452.7
2011/01/07,503,506,498,502,10200,456.4
2011/01/11,502,502,493,496,6800,450.9
2011/01/12,495,495,490,492,5500,447.3
2011/01/13,484,490,484,488,4000,443.6
2011/01/14,488,500,488,500,5100,454.6
2011/01/17,496,496,488,488,2700,443.6
2011/01/18,490,498,482,493,4600,448.2
2011/01/19,495,495,491,495,1800,450
2011/01/20,487,491,487,487,3300,442.7
2011/01/21,488,490,482,482,4600,438.2
2011/01/24,490,492,480,492,5000,447.3
2011/01/25,495,505,487,505,10000,459.1
2011/01/26,502,502,495,499,6100,453.6
2011/01/27,500,503,499,500,5700,454.6
2011/01/28,502,502,481,481,6400,437.3
2011/01/31,482,492,482,484,2500,440
2011/02/01,492,492,483,483,4000,439.1
2011/02/02,489,494,486,486,5000,441.8
2011/02/03,478,483,476,480,6400,436.4
2011/02/04,486,488,479,485,3500,440.9
2011/02/07,486,487,477,477,5000,433.6
2011/02/08,485,485,473,473,5700,430
2011/02/09,484,499,474,478,12900,434.6
2011/02/10,478,480,476,480,8300,436.4
2011/02/14,483,485,482,484,2500,440
2011/02/15,484,485,483,483,1900,439.1
2011/02/16,483,484,483,483,2300,439.1
2011/02/17,490,490,486,490,5400,445.5
2011/02/18,490,490,489,490,3500,445.5
2011/02/21,494,494,489,490,2700,445.5
2011/02/22,489,489,485,489,3900,444.6
2011/02/23,489,490,479,479,7800,435.5
2011/02/24,480,483,479,483,3800,439.1
2011/02/25,484,498,476,496,20300,450.9
2011/02/28,499,499,487,487,11400,442.7
2011/03/01,497,498,495,496,7600,450.9
2011/03/02,493,493,483,483,7300,439.1
2011/03/03,482,490,482,488,3800,443.6
2011/03/04,490,491,488,489,5600,444.6
2011/03/07,484,488,484,487,3500,442.7
2011/03/08,489,489,485,487,2800,442.7
2011/03/09,498,499,494,495,13700,450
2011/03/10,497,497,488,494,8600,449.1
2011/03/11,494,494,475,475,22600,431.8
2011/03/14,419,428,410,428,11700,389.1
2011/03/15,420,420,370,401,13800,364.6
2011/03/16,393,417,390,394,12700,358.2
2011/03/17,394,421,394,417,14600,379.1
2011/03/18,421,431,421,431,7900,391.8
2011/03/22,440,448,434,444,12300,403.6
2011/03/23,447,449,445,446,4200,405.5
2011/03/24,446,450,433,447,9800,406.4
2011/03/25,461,464,443,461,19300,419.1
2011/03/28,469,469,454,469,9200,426.4
2011/03/29,473,482,466,471,10800,428.2
2011/03/30,470,470,457,460,10000,418.2
2011/03/31,461,462,458,461,5600,419.1
2011/04/01,457,457,447,454,4800,412.7
2011/04/04,450,450,441,448,7300,407.3
2011/04/05,442,443,427,435,4300,395.5
2011/04/06,427,431,423,423,2800,384.6
2011/04/07,426,432,426,428,2200,389.1
2011/04/08,424,431,424,431,6000,391.8
2011/04/11,431,435,426,433,4700,393.6
2011/04/12,426,431,424,429,3200,390
2011/04/13,429,429,426,426,1900,387.3
2011/04/14,425,433,424,425,5000,386.4
2011/04/15,424,427,424,425,1300,386.4
2011/04/18,424,424,418,418,3200,380
2011/04/19,418,420,418,420,2300,381.8
2011/04/20,428,428,416,420,4800,381.8
2011/04/21,418,418,412,413,10000,375.5
2011/04/22,411,420,411,420,4400,381.8
2011/04/25,428,429,423,425,9300,386.4
2011/04/26,433,433,424,428,9200,389.1
2011/04/27,435,438,430,433,7500,393.6
2011/04/28,433,438,432,434,3300,394.6
2011/05/02,438,442,434,440,1700,400
2011/05/06,441,442,441,442,1500,401.8
2011/05/09,450,455,450,455,2500,413.6
2011/05/10,453,468,453,460,10100,418.2
2011/05/11,459,460,440,442,3900,401.8
2011/05/12,428,436,424,424,3400,385.5
2011/05/13,422,429,420,420,6500,381.8
2011/05/16,419,419,416,416,1800,378.2
2011/05/17,419,427,415,418,2200,380
2011/05/18,416,419,416,418,2000,380
2011/05/19,418,423,418,420,4400,381.8
2011/05/20,425,430,424,425,2700,386.4
2011/05/23,424,428,422,428,3000,389.1
2011/05/24,432,434,431,434,2500,394.6
2011/05/25,440,440,435,439,11400,399.1
2011/05/26,450,453,444,450,13100,409.1
2011/05/27,456,460,451,455,7800,413.6
2011/05/30,455,455,448,455,4200,413.6
2011/05/31,455,460,448,460,3200,418.2
2011/06/01,459,459,456,456,800,414.6
2011/06/02,432,439,432,436,13300,396.4
2011/06/03,437,438,425,425,5800,386.4
2011/06/06,427,427,420,425,5800,386.4
2011/06/07,421,433,421,430,2600,390.9
2011/06/08,433,436,433,435,1300,395.5
2011/06/09,443,443,434,441,2600,400.9
2011/06/10,450,452,439,449,17000,408.2
2011/06/13,448,448,440,440,2400,400
2011/06/14,438,438,430,430,16100,390.9
2011/06/15,432,432,430,432,1300,392.7
2011/06/16,428,437,428,428,4400,389.1
2011/06/17,426,435,426,427,3500,388.2
2011/06/20,441,441,433,435,11200,395.5
2011/06/21,440,449,440,443,11900,402.7
2011/06/22,449,452,447,452,12100,410.9
2011/06/23,453,457,451,457,7000,415.5
2011/06/24,465,477,458,475,18100,431.8
2011/06/27,478,478,460,460,12300,418.2
2011/06/28,468,477,454,460,12200,418.2
2011/06/29,461,466,458,461,3700,419.1
2011/06/30,465,465,452,465,4000,422.7
2011/07/01,465,468,464,468,5200,425.5
2011/07/04,498,498,488,491,26200,446.4
2011/07/05,495,497,491,496,16500,450.9
2011/07/06,497,499,496,496,12800,450.9
2011/07/07,496,496,481,481,7500,437.3
2011/07/08,482,493,482,488,9400,443.6
2011/07/11,495,495,480,484,4800,440
2011/07/12,476,493,472,493,3200,448.2
2011/07/13,493,495,488,492,5800,447.3
2011/07/14,480,486,475,478,7200,434.6
2011/07/15,470,488,470,479,6700,435.5
2011/07/19,472,484,472,484,4000,440
2011/07/20,478,482,475,477,3100,433.6
2011/07/21,472,478,472,478,3900,434.6
2011/07/22,478,494,477,494,5500,449.1
2011/07/25,483,486,477,486,11200,441.8
2011/07/26,481,487,479,487,8400,442.7
2011/07/27,482,482,473,475,8800,431.8
2011/07/28,473,473,472,473,4800,430
2011/07/29,471,475,464,474,6200,430.9
2011/08/01,474,487,462,468,6000,425.5
2011/08/02,462,468,460,464,5300,421.8
2011/08/03,464,473,460,460,4400,418.2
2011/08/04,460,468,460,460,3200,418.2
2011/08/05,438,451,438,445,7800,404.6
2011/08/08,439,441,435,435,4300,395.5
2011/08/09,427,438,427,434,5100,394.6
2011/08/10,459,459,441,441,5400,400.9
2011/08/11,442,444,442,442,3100,401.8
2011/08/12,455,455,431,433,3500,393.6
2011/08/15,457,457,450,451,3800,410
2011/08/16,452,458,452,455,2000,413.6
2011/08/17,455,457,448,450,1800,409.1
2011/08/18,453,459,449,459,1900,417.3
2011/08/19,450,456,450,452,2500,410.9
2011/08/22,452,468,452,461,2600,419.1
2011/08/23,466,474,459,473,6400,430
2011/08/24,480,480,476,478,6600,434.6
2011/08/25,486,488,476,486,13000,441.8
2011/08/26,489,489,482,486,8200,441.8
2011/08/29,487,490,487,490,6500,445.5
2011/08/30,492,492,490,491,4300,446.4
2011/08/31,486,486,473,480,5700,436.4
2011/09/01,486,489,478,486,2300,441.8
2011/09/02,487,489,486,487,2800,442.7
2011/09/05,480,480,475,476,1600,432.7
2011/09/06,475,475,470,472,5600,429.1
2011/09/07,473,478,468,472,3700,429.1
2011/09/08,473,480,473,480,3200,436.4
2011/09/09,474,479,465,479,13700,435.5
2011/09/12,479,479,465,466,6300,423.6
2011/09/13,480,480,473,476,6300,432.7
2011/09/14,475,481,465,479,3000,435.5
2011/09/15,476,482,466,473,9400,430
2011/09/16,474,481,474,481,3000,437.3
2011/09/20,482,482,478,478,2700,434.6
2011/09/21,483,486,465,469,6700,426.4
2011/09/22,474,486,463,486,11500,441.8
2011/09/26,490,490,477,482,11800,438.2
2011/09/27,489,489,481,486,9500,441.8
2011/09/28,484,486,462,470,12300,427.3
2011/09/29,474,490,474,490,8300,445.5
2011/09/30,490,490,467,468,9400,425.5
2011/10/03,464,470,463,470,2600,427.3
2011/10/04,462,463,460,460,4300,418.2
2011/10/05,457,458,441,441,7900,400.9
2011/10/06,449,454,441,454,5000,412.7
2011/10/07,457,465,456,465,2800,422.7
2011/10/11,474,477,469,471,6200,428.2
2011/10/12,468,468,445,461,14100,419.1
2011/10/13,461,461,452,460,1500,418.2
2011/10/14,453,453,451,451,2900,410
2011/10/17,454,454,447,450,2600,409.1
2011/10/18,448,448,442,442,4200,401.8
2011/10/19,447,447,442,443,2200,402.7
2011/10/20,443,444,439,441,2800,400.9
2011/10/21,441,443,431,435,3800,395.5
2011/10/24,443,449,427,449,5800,408.2
2011/10/25,457,461,438,454,14400,412.7
2011/10/26,455,455,448,455,9400,413.6
2011/10/27,455,458,446,458,8200,416.4
2011/10/28,458,460,454,459,9100,417.3
2011/10/31,464,465,447,447,4500,406.4
2011/11/01,447,452,447,452,2000,410.9
2011/11/02,444,447,427,435,8300,395.5
2011/11/04,435,442,435,437,5300,397.3
2011/11/07,437,446,437,445,1200,404.6
2011/11/08,445,447,438,439,2300,399.1
2011/11/09,446,454,445,454,4200,412.7
2011/11/10,446,446,437,440,5600,400
2011/11/11,437,442,432,442,2200,401.8
2011/11/14,436,438,435,438,1400,398.2
2011/11/15,441,441,439,441,600,400.9
2011/11/16,434,441,434,441,2900,400.9
2011/11/17,436,441,428,441,4600,400.9
2011/11/18,433,434,429,433,4800,393.6
2011/11/21,433,439,433,438,2400,398.2
2011/11/22,437,450,434,434,6700,394.6
2011/11/24,430,444,430,441,4100,400.9
2011/11/25,441,451,435,445,8400,404.6
2011/11/28,453,463,453,457,8700,415.5
2011/11/29,465,473,461,470,7800,427.3
2011/11/30,465,469,465,465,3100,422.7
2011/12/01,470,470,461,461,2000,419.1
2011/12/02,467,467,462,466,1200,423.6
2011/12/05,466,466,460,460,1700,418.2
2011/12/06,469,471,460,460,4500,418.2
2011/12/07,465,471,460,460,3200,418.2
2011/12/08,460,463,456,456,6900,414.6
2011/12/09,459,459,443,459,19100,417.3
2011/12/12,470,470,458,460,20200,418.2
2011/12/13,460,468,458,467,9400,424.6
2011/12/14,459,462,456,456,2800,414.6
2011/12/15,456,464,450,450,7200,409.1
2011/12/16,452,454,451,451,1500,410
2011/12/19,451,452,441,452,2700,410.9
2011/12/20,444,455,441,449,3800,408.2
2011/12/21,461,461,450,458,3500,416.4
2011/12/22,458,458,450,455,10000,413.6
2011/12/26,458,461,455,456,8200,414.6
2011/12/27,461,464,457,464,6500,421.8
2011/12/28,456,461,442,447,2500,406.4
2011/12/29,447,456,447,456,1000,414.6
2011/12/30,456,464,455,464,1200,421.8
2012/01/04,465,465,464,465,4900,422.7
2012/01/05,472,472,465,468,15100,425.5
2012/01/06,469,470,468,470,14100,427.3
2012/01/10,475,485,459,465,29300,422.7
2012/01/11,465,467,463,465,600,422.7
2012/01/12,463,463,454,457,1600,415.5
2012/01/13,458,458,457,458,1000,416.4
2012/01/16,458,458,444,449,2800,408.2
2012/01/17,449,456,449,456,700,414.6
2012/01/18,456,469,456,469,2400,426.4
2012/01/19,461,485,461,468,4600,425.5
2012/01/20,470,473,469,471,4500,428.2
2012/01/23,471,473,468,473,3200,430
2012/01/24,473,475,472,475,4000,431.8
2012/01/25,475,476,470,475,13300,431.8
2012/01/26,478,478,474,475,7900,431.8
2012/01/27,478,479,476,477,7300,433.6
2012/01/30,479,479,475,479,1700,435.5
2012/01/31,478,490,477,479,11300,435.5
2012/02/01,477,477,468,468,5300,425.5
2012/02/02,468,474,461,462,5500,420
2012/02/03,470,470,461,462,3100,420
2012/02/06,476,477,467,477,3500,433.6
2012/02/07,475,478,470,477,3000,433.6
2012/02/08,477,479,465,477,7300,433.6
2012/02/09,470,474,460,466,18200,423.6
2012/02/10,461,463,458,459,10000,417.3
2012/02/13,463,463,457,460,4100,418.2
2012/02/14,457,463,456,463,5700,420.9
2012/02/15,463,465,459,461,10600,419.1
2012/02/16,460,462,458,461,4200,419.1
2012/02/17,463,463,461,461,3600,419.1
2012/02/20,466,466,462,462,2200,420
2012/02/21,461,466,461,465,4800,422.7
2012/02/22,469,475,467,475,9700,431.8
2012/02/23,478,480,472,479,9600,435.5
2012/02/24,476,485,476,485,13800,440.9
2012/02/27,481,485,480,485,9100,440.9
2012/02/28,488,488,478,487,9300,442.7
2012/02/29,487,487,485,486,3100,441.8
2012/03/01,478,486,478,485,6500,440.9
2012/03/02,486,486,475,485,7500,440.9
2012/03/05,485,486,479,479,2500,435.5
2012/03/06,481,482,477,478,2400,434.6
2012/03/07,475,485,470,485,4700,440.9
2012/03/08,485,485,477,477,3700,433.6
2012/03/09,485,485,484,485,12200,440.9
2012/03/12,491,491,483,489,7400,444.6
2012/03/13,489,490,480,480,3200,436.4
2012/03/14,478,483,471,471,7800,428.2
2012/03/15,475,482,475,479,4000,435.5
2012/03/16,480,484,480,484,3000,440
2012/03/19,485,485,483,485,4100,440.9
2012/03/21,484,485,483,484,5400,440
2012/03/22,486,495,485,493,14700,448.2
2012/03/23,488,495,486,495,15400,450
2012/03/26,489,497,489,491,17300,446.4
2012/03/27,494,510,492,510,19700,463.6
2012/03/28,490,509,487,504,6700,458.2
2012/03/29,504,504,492,494,5700,449.1
2012/03/30,494,515,494,498,5200,452.7
2012/04/02,498,498,475,485,12900,440.9
2012/04/03,485,495,477,477,4400,433.6
2012/04/04,482,487,477,483,3000,439.1
2012/04/05,476,482,471,481,4600,437.3
2012/04/06,483,490,482,490,2700,445.5
2012/04/09,481,487,481,482,6000,438.2
2012/04/10,491,491,481,481,4900,437.3
2012/04/11,477,488,473,483,3000,439.1
2012/04/12,483,487,473,483,3000,439.1
2012/04/13,483,500,483,500,3200,454.6
2012/04/16,490,494,483,494,3200,449.1
2012/04/17,486,493,480,493,4800,448.2
2012/04/18,493,493,483,493,4300,448.2
2012/04/19,486,487,482,485,3400,440.9
2012/04/20,486,489,483,488,2000,443.6
2012/04/23,490,493,480,482,6100,438.2
2012/04/24,485,488,477,477,6400,433.6
2012/04/25,478,495,478,495,9700,450
2012/04/26,501,501,492,495,9200,450
2012/04/27,498,499,490,497,7200,451.8
2012/05/01,492,497,490,492,2600,447.3
2012/05/02,485,490,485,486,3300,441.8
2012/05/07,478,486,470,481,3900,437.3
2012/05/08,486,486,471,484,3100,440
2012/05/09,482,529,476,511,32400,464.6
2012/05/10,515,515,504,505,13500,459.1
2012/05/11,497,499,495,495,6600,450
2012/05/14,513,513,494,502,5400,456.4
2012/05/15,484,488,471,488,7600,443.6
2012/05/16,485,486,475,479,3600,435.5
2012/05/17,472,484,472,480,4600,436.4
2012/05/18,474,498,468,492,8700,447.3
2012/05/21,484,496,481,495,7700,450
2012/05/22,495,503,486,497,8000,451.8
2012/05/23,497,497,482,492,7800,447.3
2012/05/24,488,492,481,492,5400,447.3
2012/05/25,492,496,485,496,10700,450.9
2012/05/28,504,504,488,503,9100,457.3
2012/05/29,504,504,498,501,6700,455.5
2012/05/30,501,501,493,499,4400,453.6
2012/05/31,488,495,488,495,2900,450
2012/06/01,489,495,489,495,3500,450
2012/06/04,483,485,481,481,5200,437.3
2012/06/05,482,486,476,482,4200,438.2
2012/06/06,484,490,481,490,4100,445.5
2012/06/07,493,499,490,499,4200,453.6
2012/06/08,493,499,491,499,12500,453.6
2012/06/11,496,500,492,496,8900,450.9
2012/06/12,496,500,492,500,3100,454.6
2012/06/13,500,501,495,498,4700,452.7
2012/06/14,495,495,493,493,1700,448.2
2012/06/15,498,498,490,490,2700,445.5
2012/06/18,493,496,493,495,2100,450
2012/06/19,488,498,488,492,14300,447.3
2012/06/20,504,505,500,503,20300,457.3
2012/06/21,506,507,503,505,10000,459.1
2012/06/22,507,509,503,508,17000,461.8
2012/06/25,509,510,505,508,15000,461.8
2012/06/26,508,508,506,507,9500,460.9
2012/06/27,511,520,504,520,15800,472.7
2012/06/28,520,526,511,522,10300,474.6
2012/06/29,520,530,515,530,18200,481.8
2012/07/02,540,544,539,540,9900,490.9
2012/07/03,536,545,534,545,23000,495.5
2012/07/04,547,570,544,570,22800,518.2
2012/07/05,580,583,563,580,24400,527.3
2012/07/06,597,604,582,585,18300,531.8
2012/07/09,585,598,571,584,14400,530.9
2012/07/10,589,590,575,575,10800,522.7
2012/07/11,585,585,568,568,10100,516.4
2012/07/12,573,573,568,568,4700,516.4
2012/07/13,558,569,558,563,8200,511.8
2012/07/17,564,571,564,565,6300,513.6
2012/07/18,565,565,558,558,7100,507.3
2012/07/19,562,567,557,566,4900,514.6
2012/07/20,566,566,562,562,4000,510.9
2012/07/23,562,573,558,558,6700,507.3
2012/07/24,558,559,551,554,8100,503.6
2012/07/25,549,552,544,547,9400,497.3
2012/07/26,552,558,547,557,8700,506.4
2012/07/27,558,560,551,551,5400,500.9
2012/07/30,541,551,539,550,7700,500
2012/07/31,544,560,544,558,3000,507.3
2012/08/01,557,557,540,540,2100,490.9
2012/08/02,539,545,520,535,4300,486.4
2012/08/03,535,544,525,535,2700,486.4
2012/08/06,541,541,531,531,3100,482.7
2012/08/07,531,540,531,534,2500,485.5
2012/08/08,537,554,537,554,5700,503.6
2012/08/09,556,560,556,560,5100,509.1
2012/08/10,540,552,540,552,7700,501.8
2012/08/13,562,562,559,560,1600,509.1
2012/08/14,560,561,551,561,4000,510
2012/08/15,569,569,554,560,3000,509.1
2012/08/16,564,575,562,575,3600,522.7
2012/08/17,575,575,571,574,2400,521.8
2012/08/20,574,584,572,580,4300,527.3
2012/08/21,580,595,576,592,7400,538.2
2012/08/22,591,591,575,584,2700,530.9
2012/08/23,584,590,580,590,6500,536.4
2012/08/24,585,589,564,589,9000,535.5
2012/08/27,579,579,571,571,5500,519.1
2012/08/28,571,571,565,566,6800,514.6
2012/08/29,566,577,566,572,2200,520
2012/08/30,572,572,552,559,1900,508.2
2012/08/31,562,562,558,560,1200,509.1
2012/09/03,560,569,558,558,3400,507.3
2012/09/04,558,562,549,551,3800,500.9
2012/09/05,561,561,549,551,1300,500.9
2012/09/06,557,557,551,552,1900,501.8
2012/09/07,570,570,563,569,2700,517.3
2012/09/10,570,570,563,569,6800,517.3
2012/09/11,579,579,566,575,2500,522.7
2012/09/12,567,585,567,585,4600,531.8
2012/09/13,565,569,565,566,11800,514.6
2012/09/14,570,585,570,581,8300,528.2
2012/09/18,576,585,576,585,2700,531.8
2012/09/19,580,595,579,595,6400,540.9
2012/09/20,590,592,588,592,2900,538.2
2012/09/21,589,595,589,594,7400,540
2012/09/24,591,596,591,596,6100,541.8
2012/09/25,590,598,588,593,36700,539.1
2012/09/26,589,593,580,592,13000,538.2
2012/09/27,599,608,592,594,9200,540
2012/09/28,599,601,590,594,5400,540
2012/10/01,594,594,581,587,2200,533.6
2012/10/02,586,586,575,575,3700,522.7
2012/10/03,581,585,568,579,4500,526.4
2012/10/04,583,584,570,577,3800,524.6
2012/10/05,578,579,570,574,2300,521.8
2012/10/09,584,600,584,590,5700,536.4
2012/10/10,579,579,571,571,5800,519.1
2012/10/11,571,577,566,577,4400,524.6
2012/10/12,561,579,561,571,4300,519.1
2012/10/15,563,580,563,579,2500,526.4
2012/10/16,589,589,579,584,2800,530.9
2012/10/17,579,587,567,571,5400,519.1
2012/10/18,580,582,579,581,3600,528.2
2012/10/19,581,582,581,582,3000,529.1
2012/10/22,583,598,583,598,9500,543.6
2012/10/23,597,597,590,590,6900,536.4
2012/10/24,590,590,585,590,2800,536.4
2012/10/25,588,592,583,592,10700,538.2
2012/10/26,582,590,582,590,9700,536.4
2012/10/29,590,590,586,590,6300,536.4
2012/10/30,582,588,550,551,17900,500.9
2012/10/31,553,585,553,571,8300,519.1
2012/11/01,566,574,566,573,2800,520.9
2012/11/02,569,576,569,571,3700,519.1
2012/11/05,571,571,567,568,1200,516.4
2012/11/06,567,567,561,563,3200,511.8
2012/11/07,573,573,565,565,2700,513.6
2012/11/08,565,565,561,561,5100,510
2012/11/09,563,568,562,564,2900,512.7
2012/11/12,563,566,558,558,8500,507.3
2012/11/13,553,560,551,559,3800,508.2
2012/11/14,556,582,552,581,26900,528.2
2012/11/15,579,593,576,592,20300,538.2
2012/11/16,585,590,571,590,5400,536.4
2012/11/19,587,595,578,594,5900,540
2012/11/20,595,595,585,590,5000,536.4
2012/11/21,592,598,592,598,3800,543.6
2012/11/22,596,597,591,595,9700,540.9
2012/11/26,599,603,597,602,16700,547.3
2012/11/27,596,604,595,602,13800,547.3
2012/11/28,602,602,595,596,3900,541.8
2012/11/29,599,603,590,590,4400,536.4
2012/11/30,595,595,580,580,3800,527.3
2012/12/03,599,600,590,600,6900,545.5
2012/12/04,594,595,592,594,4400,540
2012/12/05,599,602,597,602,4700,547.3
2012/12/06,604,605,602,604,8000,549.1
2012/12/07,605,607,603,607,6500,551.8
2012/12/10,600,603,591,599,15300,544.6
2012/12/11,604,604,589,592,10200,538.2
2012/12/12,602,607,600,607,8200,551.8
2012/12/13,608,608,607,607,4000,551.8
2012/12/14,607,608,605,605,10600,550
2012/12/17,607,607,603,603,4800,548.2
2012/12/18,602,607,602,605,3500,550
2012/12/19,607,620,607,620,12300,563.6
2012/12/20,627,640,620,631,16700,573.6
2012/12/21,638,638,630,634,6000,576.4
2012/12/25,639,642,630,642,12500,583.6
2012/12/26,644,658,634,658,25800,598.2
2012/12/27,657,657,650,650,8800,590.9
2012/12/28,654,655,642,643,7200,584.6
2013/01/04,643,661,642,659,15800,599.1
2013/01/07,652,653,645,649,10800,590
2013/01/08,642,646,636,645,8300,586.4
2013/01/09,637,660,637,653,8200,593.6
2013/01/10,654,658,652,657,16500,597.3
2013/01/11,669,678,664,672,20900,610.9
2013/01/15,690,690,682,687,14800,624.6
2013/01/16,688,688,671,671,4400,610
2013/01/17,673,697,669,677,8100,615.5
2013/01/18,677,677,662,666,10300,605.5
2013/01/21,676,682,666,680,6200,618.2
2013/01/22,680,685,668,669,5100,608.2
2013/01/23,668,675,646,666,7900,605.5
2013/01/24,661,675,655,673,3900,611.8
2013/01/25,673,697,667,686,20400,623.6
2013/01/28,685,685,674,674,6700,612.7
2013/01/29,677,678,664,664,14200,603.6
2013/01/30,667,680,667,680,5900,618.2
2013/01/31,680,697,678,678,8800,616.4
2013/02/01,677,690,676,680,8300,618.2
2013/02/04,680,680,672,673,6000,611.8
2013/02/05,673,678,654,660,11100,600
2013/02/06,665,670,662,666,3600,605.5
2013/02/07,663,664,650,650,20200,590.9
2013/02/08,650,652,646,648,13200,589.1
2013/02/12,650,653,640,641,22500,582.7
2013/02/13,638,638,616,618,29800,561.8
2013/02/14,618,632,618,624,8100,567.3
2013/02/15,633,647,631,643,14900,584.6
2013/02/18,650,669,650,660,25000,600
2013/02/19,669,670,664,667,10100,606.4
2013/02/20,666,671,666,671,10600,610
2013/02/21,672,672,664,664,12700,603.6
2013/02/22,666,667,664,664,8300,603.6
2013/02/25,670,671,667,668,15000,607.3
2013/02/26,665,675,663,670,11400,609.1
2013/02/27,674,674,664,665,6900,604.6
2013/02/28,671,671,668,670,4200,609.1
2013/03/01,671,671,668,670,3800,609.1
2013/03/04,671,676,670,671,9900,610
2013/03/05,671,673,670,670,8800,609.1
2013/03/06,671,675,669,675,7600,613.6
2013/03/07,675,681,674,677,17900,615.5
2013/03/08,683,683,674,676,28500,614.6
2013/03/11,684,691,680,690,20000,627.3
2013/03/12,694,696,684,691,10000,628.2
2013/03/13,693,693,689,689,2900,626.4
2013/03/14,689,690,673,675,25600,613.6
2013/03/15,684,691,682,687,8400,624.6
2013/03/18,692,694,689,691,18000,628.2
2013/03/19,692,698,691,692,10300,629.1
2013/03/21,698,700,691,693,16500,630
2013/03/22,715,715,692,692,17200,629.1
2013/03/25,690,703,690,696,20700,632.7
2013/03/26,700,710,700,707,29200,642.7
2013/03/27,710,727,695,711,19600,646.4
2013/03/28,722,722,709,718,14000,652.7
2013/03/29,720,720,701,703,8200,639.1
2013/04/01,701,701,675,677,12000,615.5
2013/04/02,677,677,647,658,32100,598.2
2013/04/03,658,674,654,672,7500,610.9
2013/04/04,673,693,670,693,21900,630
2013/04/05,714,719,700,709,22100,644.6
2013/04/08,710,717,706,713,15400,648.2
2013/04/09,712,716,702,702,8200,638.2
2013/04/10,700,709,699,703,10800,639.1
2013/04/11,710,710,673,701,14300,637.3
2013/04/12,692,705,691,702,5500,638.2
2013/04/15,691,703,683,683,12700,620.9
2013/04/16,678,688,673,677,18300,615.5
2013/04/17,697,702,681,700,28500,636.4
2013/04/18,702,707,693,701,10300,637.3
2013/04/19,699,709,699,707,6800,642.7
2013/04/22,717,723,712,713,14900,648.2
2013/04/23,722,728,718,723,13200,657.3
2013/04/24,728,729,722,729,11200,662.7
2013/04/25,730,735,723,735,16800,668.2
2013/04/26,740,740,714,715,17100,650
2013/04/30,718,736,705,723,29100,657.3
2013/05/01,740,747,732,745,30300,677.3
2013/05/02,736,744,718,718,14400,652.7
2013/05/07,747,747,740,745,16200,677.3
2013/05/08,750,750,746,750,16200,681.8
2013/05/09,767,845,761,805,76200,731.8
2013/05/10,807,812,777,788,37400,716.4
2013/05/13,788,791,778,781,27100,710
2013/05/14,782,788,782,783,10900,711.8
2013/05/15,788,789,773,774,14000,703.6
2013/05/16,787,787,752,758,16000,689.1
2013/05/17,758,785,750,776,17200,705.5
2013/05/20,771,788,764,774,24000,703.6
2013/05/21,774,789,774,785,14800,713.6
2013/05/22,785,789,784,784,9400,712.7
2013/05/23,798,798,770,770,35600,700
2013/05/24,789,799,784,790,41800,718.2
2013/05/27,813,813,775,800,35900,727.3
2013/05/28,805,809,776,782,12400,710.9
2013/05/29,782,785,778,778,8500,707.3
2013/05/30,770,786,754,754,20600,685.5
2013/05/31,755,770,751,754,11400,685.5
2013/06/03,768,768,750,750,5600,681.8
2013/06/04,750,756,720,731,24100,664.6
2013/06/05,731,745,729,734,3900,667.3
2013/06/06,729,750,729,750,15200,681.8
2013/06/07,753,753,718,723,18100,657.3
2013/06/10,755,763,755,760,9000,690.9
2013/06/11,745,756,733,734,5000,667.3
2013/06/12,740,740,730,730,1700,663.6
2013/06/13,723,728,703,711,8700,646.4
2013/06/14,713,725,713,718,21900,652.7
2013/06/17,733,750,720,749,11800,680.9
2013/06/18,761,761,750,755,3700,686.4
2013/06/19,768,770,763,770,4800,700
2013/06/20,769,776,760,772,11200,701.8
2013/06/21,767,771,746,767,9400,697.3
2013/06/24,776,780,770,773,8900,702.7
2013/06/25,780,780,767,769,9600,699.1
2013/06/26,770,775,759,759,7100,690
2013/06/27,760,774,760,773,12000,702.7
2013/06/28,780,790,778,790,15500,718.2
2013/07/01,795,795,784,793,6400,720.9
2013/07/02,793,794,759,792,12000,720
2013/07/03,797,799,766,798,15800,725.5
2013/07/04,795,800,795,799,10200,726.4
2013/07/05,800,800,795,800,10100,727.3
2013/07/08,800,800,770,780,11900,709.1
2013/07/09,800,800,785,787,5400,715.5
2013/07/10,798,798,781,795,7100,722.7
2013/07/11,776,795,769,780,6500,709.1
2013/07/12,776,780,768,779,3800,708.2
2013/07/16,779,789,773,776,4400,705.5
2013/07/17,786,789,780,782,4800,710.9
2013/07/18,783,789,775,785,5500,713.6
2013/07/19,793,793,780,782,8100,710.9
2013/07/22,782,788,782,788,6800,716.4
2013/07/23,788,790,780,790,5000,718.2
2013/07/24,784,794,777,786,7200,714.6
2013/07/25,790,795,785,792,9100,720
2013/07/26,788,795,780,795,10700,722.7
2013/07/29,793,793,775,776,9600,705.5
2013/07/30,775,782,775,778,3600,707.3
2013/07/31,777,787,770,772,8000,701.8
2013/08/01,770,776,752,776,7100,705.5
2013/08/02,762,784,762,784,2000,712.7
2013/08/05,770,785,770,777,2100,706.4
2013/08/06,780,783,760,779,4200,708.2
2013/08/07,749,764,718,733,48500,666.4
2013/08/08,718,729,712,713,33900,648.2
2013/08/09,710,711,692,693,44800,630
2013/08/12,686,686,672,681,47000,619.1
2013/08/13,674,695,674,686,43300,623.6
2013/08/14,684,686,668,669,139700,608.2
2013/08/15,652,668,650,656,207300,596.4
2013/08/16,652,661,647,647,103000,588.2
2013/08/19,645,656,643,654,48400,594.6
2013/08/20,656,657,652,652,42700,592.7
2013/08/21,650,651,641,645,59800,586.4
2013/08/22,652,652,647,651,235000,591.8
2013/08/23,652,653,649,651,71300,591.8
2013/08/26,652,653,648,648,44300,589.1
2013/08/27,651,651,648,649,47800,590
2013/08/28,645,649,643,649,43000,590
2013/08/29,643,651,643,648,19700,589.1
2013/08/30,651,651,641,643,31100,584.6
2013/09/02,644,648,642,643,7900,584.6
2013/09/03,645,650,643,650,37600,590.9
2013/09/04,649,650,647,649,17400,590
2013/09/05,648,651,647,651,47700,591.8
2013/09/06,651,655,648,654,85300,594.6
2013/09/09,660,660,652,655,84500,595.5
2013/09/10,655,685,652,680,128500,618.2
2013/09/11,680,686,667,670,110000,609.1
2013/09/12,676,676,666,668,65500,607.3
2013/09/13,667,676,666,675,65000,613.6
2013/09/17,685,695,683,686,94000,623.6
2013/09/18,690,693,685,686,64200,623.6
2013/09/19,693,693,683,687,112000,624.6
2013/09/20,691,698,688,698,98800,634.6
2013/09/24,702,722,702,721,130000,655.5
2013/09/25,721,721,713,719,157100,653.6
2013/09/26,693,713,693,711,89000,646.4
2013/09/27,713,713,701,706,60700,641.8
2013/09/30,705,713,704,712,52100,647.3
2013/10/01,712,715,710,711,66500,646.4
2013/10/02,715,722,706,712,107300,647.3
2013/10/03,717,720,705,717,71700,651.8
2013/10/04,719,734,705,730,98600,663.6
2013/10/07,716,734,716,726,61000,660
2013/10/08,724,724,707,716,61300,650.9
2013/10/09,709,730,709,730,52700,663.6
2013/10/10,733,764,733,755,138600,686.4
2013/10/11,750,780,750,768,86700,698.2
2013/10/15,768,770,751,755,27200,686.4
2013/10/16,745,752,742,748,23100,680
2013/10/17,750,764,750,755,63600,686.4
2013/10/18,757,757,739,744,56300,676.4
2013/10/21,750,750,739,741,24800,673.6
2013/10/22,738,741,734,737,30000,670
2013/10/23,735,739,732,732,24200,665.5
2013/10/24,723,740,719,739,45400,671.8
2013/10/25,729,740,726,731,38300,664.6
2013/10/28,731,733,712,731,40800,664.6
2013/10/29,731,737,724,732,32100,665.5
2013/10/30,731,750,725,727,30100,660.9
2013/10/31,732,732,715,720,27300,654.6
2013/11/01,719,723,701,704,41200,640
2013/11/05,700,711,697,705,38900,640.9
2013/11/06,709,718,703,709,18900,644.6
2013/11/07,705,715,705,706,23400,641.8
2013/11/08,704,712,702,704,9300,640
2013/11/11,712,714,700,704,18400,640
2013/11/12,703,715,703,711,23400,646.4
2013/11/13,713,715,707,713,30200,648.2
2013/11/14,715,720,711,717,37900,651.8
2013/11/15,720,720,713,716,27900,650.9
2013/11/18,724,724,718,719,32900,653.6
2013/11/19,718,721,717,720,24300,654.6
2013/11/20,720,750,712,748,91700,680
2013/11/21,743,745,720,736,45100,669.1
2013/11/22,740,767,740,755,115700,686.4
2013/11/25,755,759,740,749,47500,680.9
2013/11/26,749,759,743,750,53600,681.8
2013/11/27,750,755,741,747,34900,679.1
2013/11/28,750,750,741,743,16000,675.5
2013/11/29,742,749,741,743,28000,675.5
2013/12/02,744,750,741,744,37200,676.4
2013/12/03,748,748,740,740,24600,672.7
2013/12/04,740,741,734,734,17000,667.3
2013/12/05,734,744,732,736,17700,669.1
2013/12/06,734,742,732,739,17400,671.8
2013/12/09,749,749,740,747,20500,679.1
2013/12/10,749,754,741,749,38300,680.9
2013/12/11,749,749,741,747,20800,679.1
2013/12/12,747,750,741,743,22500,675.5
2013/12/13,749,754,744,754,96300,685.5
2013/12/16,763,777,762,776,110100,705.5
2013/12/17,776,776,764,769,65700,699.1
2013/12/18,772,773,765,768,23100,698.2
2013/12/19,764,773,762,767,34900,697.3
2013/12/20,761,773,759,770,35500,700
2013/12/24,773,773,762,766,26800,696.4
2013/12/25,761,769,760,761,53000,691.8
2013/12/26,772,785,760,784,38800,712.7
2013/12/27,806,814,791,814,78400,740
2013/12/30,820,850,820,841,68100,764.6
2014/01/06,850,873,831,861,82900,782.7
2014/01/07,846,879,846,866,62700,787.3
2014/01/08,869,888,867,884,52800,803.6
2014/01/09,888,900,877,890,51000,809.1
2014/01/10,892,892,871,873,66800,793.6
2014/01/14,865,868,852,855,62000,777.3
2014/01/15,845,870,845,866,68100,787.3
2014/01/16,863,886,863,870,50500,790.9
2014/01/17,868,881,861,874,22500,794.6
2014/01/20,871,885,868,875,17700,795.5
2014/01/21,883,887,872,879,45100,799.1
2014/01/22,880,888,868,878,39600,798.2
2014/01/23,880,882,854,873,29900,793.6
2014/01/24,859,875,855,858,41300,780
2014/01/27,850,850,832,837,36900,760.9
2014/01/28,849,859,841,847,54900,770
2014/01/29,848,859,848,854,19700,776.4
2014/01/30,849,850,806,835,51900,759.1
2014/01/31,842,855,809,815,28900,740.9
2014/02/03,803,812,780,800,55800,727.3
2014/02/04,760,762,725,739,91600,671.8
2014/02/05,761,788,757,762,40300,692.7
2014/02/06,770,795,765,771,49000,700.9
2014/02/07,778,791,776,778,19400,707.3
2014/02/10,793,799,782,795,27500,722.7
2014/02/12,799,807,799,806,17200,732.7
2014/02/13,806,806,792,792,19000,720
2014/02/14,800,800,759,783,34000,711.8
2014/02/17,779,783,748,757,38700,688.2
2014/02/18,761,767,749,765,20900,695.5
2014/02/19,771,785,766,770,35600,700
2014/02/20,769,790,755,760,17100,690.9
2014/02/21,773,774,757,772,13300,701.8
2014/02/24,772,790,771,779,14000,708.2
2014/02/25,791,792,781,788,26000,716.4
2014/02/26,793,793,787,787,14600,715.5
2014/02/27,789,789,776,779,11000,708.2
2014/02/28,767,777,761,763,33200,693.6
2014/03/03,755,763,754,761,14300,691.8
2014/03/04,752,774,751,764,19500,694.6
2014/03/05,779,779,756,763,40500,693.6
2014/03/06,766,778,758,769,15200,699.1
2014/03/07,777,777,767,772,12900,701.8
2014/03/10,774,774,763,767,21100,697.3
2014/03/11,770,770,760,765,20100,695.5
2014/03/12,762,765,759,760,19100,690.9
2014/03/13,758,768,757,757,21300,688.2
2014/03/14,750,757,745,745,61000,677.3
2014/03/17,750,755,732,739,19700,671.8
2014/03/18,753,754,745,747,17500,679.1
2014/03/19,748,750,733,734,30800,667.3
2014/03/20,735,739,718,722,48300,656.4
2014/03/24,722,733,721,729,30200,662.7
2014/03/25,740,740,729,732,29200,665.5
2014/03/26,741,741,727,737,30800,670
2014/03/27,735,735,719,723,16000,657.3
2014/03/28,728,729,720,729,14500,662.7
2014/03/31,739,739,724,729,32300,662.7
2014/04/01,738,739,722,732,30800,665.5
2014/04/02,738,740,726,738,37400,670.9
2014/04/03,733,752,733,744,37100,676.4
2014/04/04,744,754,744,746,14800,678.2
2014/04/07,740,741,727,729,23100,662.7
2014/04/08,729,729,716,721,28900,655.5
2014/04/09,721,721,702,706,37200,641.8
2014/04/10,710,722,707,708,29800,643.6
2014/04/11,706,715,698,701,19300,637.3
2014/04/14,700,709,698,700,9000,636.4
2014/04/15,702,712,700,703,11500,639.1
2014/04/16,705,716,705,715,7900,650
2014/04/17,721,730,714,724,15600,658.2
2014/04/18,733,733,719,725,7300,659.1
2014/04/21,723,731,721,722,5400,656.4
2014/04/22,722,732,722,722,5000,656.4
2014/04/23,721,739,718,728,17000,661.8
2014/04/24,734,734,722,726,9100,660
2014/04/25,728,730,722,727,15200,660.9
2014/04/28,729,729,712,724,16700,658.2
2014/04/30,732,732,720,721,11600,655.5
2014/05/01,722,729,722,726,4900,660
2014/05/02,725,730,723,730,5800,663.6
2014/05/07,727,728,718,718,14200,652.7
2014/05/08,718,730,718,719,8500,653.6
2014/05/09,719,731,719,731,19800,664.6
2014/05/12,733,733,715,715,25400,650
2014/05/13,720,723,710,716,21800,650.9
2014/05/14,716,719,715,718,12900,652.7
2014/05/15,718,720,716,718,12000,652.7
2014/05/16,716,725,713,715,19200,650
2014/05/19,716,720,715,715,13000,650
2014/05/20,715,717,713,714,12900,649.1
2014/05/21,714,718,713,716,7000,650.9
2014/05/22,716,722,716,722,11600,656.4
2014/05/23,727,727,721,723,10300,657.3
2014/05/26,732,738,727,735,27500,668.2
2014/05/27,737,754,737,746,19600,678.2
2014/05/28,750,755,747,749,11500,680.9
2014/05/29,749,752,744,747,11500,679.1
2014/05/30,750,750,743,743,11000,675.5
2014/06/02,744,746,741,743,18400,675.5
2014/06/03,743,744,739,740,19400,672.7
2014/06/04,748,748,738,743,13800,675.5
2014/06/05,743,744,735,743,23300,675.5
2014/06/06,737,746,737,742,28000,674.6
2014/06/09,750,753,746,753,29900,684.6
2014/06/10,759,769,752,752,25400,683.6
2014/06/11,755,766,755,765,14200,695.5
2014/06/12,756,764,756,759,16300,690
2014/06/13,756,765,754,761,31800,691.8
2014/06/16,774,785,765,782,44800,710.9
2014/06/17,797,797,784,796,45200,723.6
2014/06/18,799,810,795,801,59800,728.2
2014/06/19,805,808,799,805,33800,731.8
2014/06/20,810,813,806,810,32100,736.4
2014/06/23,816,825,812,823,37000,748.2
2014/06/24,832,832,822,832,30100,756.4
2014/06/25,828,834,823,831,29600,755.5
2014/06/26,832,839,831,839,35000,762.7
2014/06/27,840,843,806,834,34600,758.2
2014/06/30,834,844,829,843,37100,766.4
2014/07/01,845,853,842,851,44400,773.6
2014/07/02,854,868,850,860,47800,781.8
2014/07/03,863,863,850,859,42300,780.9
2014/07/04,860,867,855,863,39600,784.6
2014/07/07,864,870,861,866,22700,787.3
2014/07/08,861,880,859,876,40300,796.4
2014/07/09,875,875,867,871,12000,791.8
2014/07/10,875,875,852,852,24800,774.6
2014/07/11,835,859,832,840,54800,763.6
2014/07/14,840,849,835,847,14800,770
2014/07/15,850,855,849,852,13500,774.6
2014/07/16,855,855,840,844,12800,767.3
2014/07/17,844,845,837,842,16800,765.5
2014/07/18,839,839,821,836,24000,760
2014/07/22,839,845,836,840,25000,763.6
2014/07/23,840,844,838,843,16200,766.4
2014/07/24,845,850,840,850,18800,772.7
2014/07/25,852,860,852,859,23900,780.9
2014/07/28,865,870,860,863,20600,784.6
2014/07/29,870,871,863,870,21400,790.9
2014/07/30,864,872,815,825,102700,750
2014/07/31,816,825,816,822,44700,747.3
2014/08/01,816,830,812,818,30500,743.6
2014/08/04,818,818,813,814,10400,740
2014/08/05,815,815,808,808,43500,734.6
2014/08/06,805,810,804,805,19400,731.8
2014/08/07,805,812,805,810,7500,736.4
2014/08/08,809,810,798,801,28300,728.2
2014/08/11,805,816,803,816,23600,741.8
2014/08/12,804,815,804,808,18300,734.6
2014/08/13,811,818,809,817,14200,742.7
2014/08/14,817,827,815,825,13500,750
2014/08/15,829,831,827,831,11400,755.5
2014/08/18,838,838,833,837,11000,760.9
2014/08/19,837,839,833,837,12800,760.9
2014/08/20,833,838,833,836,8100,760
2014/08/21,840,840,836,840,12800,763.6
2014/08/22,840,840,837,840,11000,763.6
2014/08/25,843,855,836,855,29300,777.3
2014/08/26,856,860,855,857,19900,779.1
2014/08/27,859,860,851,858,21500,780
2014/08/28,858,860,849,860,10000,781.8
2014/08/29,848,860,846,860,19300,781.8
2014/09/01,864,864,840,861,20200,782.7
2014/09/02,861,867,857,864,17700,785.5
2014/09/03,867,869,860,869,16900,790
2014/09/04,863,869,859,862,9500,783.6
2014/09/05,868,868,860,862,11500,783.6
2014/09/08,862,869,861,865,17300,786.4
2014/09/09,864,866,858,861,17600,782.7
2014/09/10,856,864,856,862,12500,783.6
2014/09/11,860,866,858,862,22700,783.6
2014/09/12,871,876,863,871,46200,791.8
2014/09/16,871,875,863,864,25600,785.5
2014/09/17,872,874,861,867,22300,788.2
2014/09/18,865,867,850,855,49100,777.3
2014/09/19,858,872,854,859,32600,780.9
2014/09/22,860,884,860,877,55100,797.3
2014/09/24,877,883,873,880,29500,800
2014/09/25,884,896,883,892,81700,810.9
2014/09/26,877,882,869,877,25200,797.3
2014/09/29,884,888,854,877,21800,797.3
2014/09/30,863,874,863,868,22200,789.1
2014/10/01,876,877,852,865,19700,786.4
2014/10/02,850,857,845,845,19900,768.2
2014/10/03,840,870,831,863,20500,784.6
2014/10/06,865,888,865,884,36400,803.6
2014/10/07,872,882,865,865,20100,786.4
2014/10/08,843,861,843,858,37000,780
2014/10/09,873,881,854,856,12400,778.2
2014/10/10,832,868,832,853,42800,775.5
2014/10/14,832,845,832,833,18800,757.3
2014/10/15,835,844,832,843,18300,766.4
2014/10/16,831,870,825,835,31000,759.1
2014/10/17,836,865,832,834,23500,758.2
2014/10/20,847,869,847,863,21500,784.6
2014/10/21,857,863,845,848,14000,770.9
2014/10/22,870,870,863,866,9800,787.3
2014/10/23,865,872,863,871,15000,791.8
2014/10/24,879,879,864,870,16400,790.9
2014/10/27,865,870,861,868,9800,789.1
2014/10/28,874,874,851,862,12500,783.6
2014/10/29,863,869,859,865,15200,786.4
2014/10/30,864,864,845,857,30400,779.1
2014/10/31,860,885,834,834,68300,758.2
2014/11/04,860,864,825,854,59400,776.4
2014/11/05,842,860,832,857,22600,779.1
2014/11/06,848,858,842,845,22500,768.2
2014/11/07,838,849,838,849,16900,771.8
2014/11/10,851,859,845,854,24500,776.4
2014/11/11,858,868,855,861,20900,782.7
2014/11/12,860,872,860,864,33700,785.5
2014/11/13,864,867,855,865,10700,786.4
2014/11/14,866,890,865,880,50800,800
2014/11/17,900,953,893,926,168200,841.8
2014/11/18,956,1018,925,982,334400,892.7
2014/11/19,1132,1132,1002,1048,854300,952.7
2014/11/20,1078,1095,960,971,478500,882.7
2014/11/21,949,955,918,928,279000,843.6
2014/11/25,922,963,920,957,134400,870
2014/11/26,947,965,937,942,112700,856.4
2014/11/27,942,966,936,958,91400,870.9
2014/11/28,968,989,948,960,139700,872.7
2014/12/01,960,968,939,959,91900,871.8
2014/12/02,961,967,942,950,67500,863.6
2014/12/03,947,965,924,929,131700,844.6
2014/12/04,920,922,902,906,138800,823.6
2014/12/05,915,918,904,906,37900,823.6
2014/12/08,906,918,905,913,51800,830
2014/12/09,913,916,905,907,37900,824.6
2014/12/10,902,907,901,905,39500,822.7
2014/12/11,900,905,892,902,35400,820
2014/12/12,900,913,894,895,47400,813.6
2014/12/15,885,908,885,885,46000,804.6
2014/12/16,880,881,860,864,64200,785.5
2014/12/17,857,875,857,868,38000,789.1
2014/12/18,875,887,871,874,31100,794.6
2014/12/19,885,894,883,889,21500,808.2
2014/12/22,887,903,883,899,46900,817.3
2014/12/24,900,903,891,900,31700,818.2
2014/12/25,896,899,892,895,27800,813.6
2014/12/26,895,901,890,898,17500,816.4
2014/12/29,883,905,883,895,65800,813.6
2014/12/30,901,902,890,898,12400,816.4
2015/01/05,900,902,896,898,13500,816.4
2015/01/06,891,896,880,881,34200,800.9
2015/01/07,883,889,882,884,25000,803.6
2015/01/08,897,904,891,895,27800,813.6
2015/01/09,903,905,895,899,28900,817.3
2015/01/13,903,905,887,897,37900,815.5
2015/01/14,895,906,889,890,19300,809.1
2015/01/15,887,897,883,896,22400,814.6
2015/01/16,886,893,879,887,30500,806.4
2015/01/19,884,892,884,886,15800,805.5
2015/01/20,890,895,886,895,24800,813.6
2015/01/21,895,895,887,887,16600,806.4
2015/01/22,888,893,881,885,17000,804.6
2015/01/23,894,894,886,889,14100,808.2
2015/01/26,893,896,879,890,27700,809.1
2015/01/27,899,900,892,899,14700,817.3
2015/01/28,894,898,894,897,11600,815.5
2015/01/29,895,901,887,890,20200,809.1
2015/01/30,895,904,888,904,20600,821.8
2015/02/02,891,901,891,895,13500,813.6
2015/02/03,895,895,870,884,49100,803.6
2015/02/04,879,898,879,890,24000,809.1
2015/02/05,893,896,888,890,12100,809.1
2015/02/06,890,899,886,894,15600,812.7
2015/02/09,895,912,895,899,31400,817.3
2015/02/10,900,910,900,907,14600,824.6
2015/02/12,910,920,910,911,25700,828.2
2015/02/13,920,920,897,907,22900,824.6
2015/02/16,907,913,905,905,16000,822.7
2015/02/17,905,910,902,903,16600,820.9
2015/02/18,909,910,903,905,22600,822.7
2015/02/19,903,920,903,916,27200,832.7
2015/02/20,912,928,909,922,38200,838.2
2015/02/23,923,929,919,919,21400,835.5
2015/02/24,925,934,918,931,20100,846.4
2015/02/25,926,942,926,936,22300,850.9
2015/02/26,937,943,935,942,15400,856.4
2015/02/27,945,945,935,937,21900,851.8
2015/03/02,938,944,936,937,17400,851.8
2015/03/03,937,940,931,934,16500,849.1
2015/03/04,935,935,927,930,12800,845.5
2015/03/05,927,936,922,931,29300,846.4
2015/03/06,937,937,921,933,14800,848.2
2015/03/09,933,940,930,940,19000,854.6
2015/03/10,940,950,940,942,22800,856.4
2015/03/11,935,944,932,942,17400,856.4
2015/03/12,938,947,938,941,19900,855.5
2015/03/13,947,955,943,946,43600,860
2015/03/16,958,983,955,972,103200,883.6
2015/03/17,982,986,967,975,39800,886.4
2015/03/18,973,978,958,972,27000,883.6
2015/03/19,964,970,952,966,26700,878.2
2015/03/20,968,981,962,977,19200,888.2
2015/03/23,992,998,980,995,54000,904.6
2015/03/24,992,994,986,994,25200,903.6
2015/03/25,987,990,984,990,33000,900
2015/03/26,988,988,977,980,31100,890.9
2015/03/27,965,978,935,951,32300,864.6
2015/03/30,952,954,937,942,21200,856.4
2015/03/31,949,965,936,937,18100,851.8
2015/04/01,935,942,928,935,20300,850
2015/04/02,933,950,933,939,22300,853.6
2015/04/03,940,959,940,949,17400,862.7
2015/04/06,950,951,945,945,11500,859.1
2015/04/07,943,958,941,951,31500,864.6
2015/04/08,946,960,946,956,17100,869.1
2015/04/09,958,958,950,950,10200,863.6
2015/04/10,950,952,947,949,12800,862.7
2015/04/13,950,950,945,948,9500,861.8
2015/04/14,948,955,947,950,16500,863.6
2015/04/15,950,960,950,955,22600,868.2
2015/04/16,962,980,945,970,46900,881.8
2015/04/17,981,981,950,962,35200,874.6
2015/04/20,953,960,947,950,33900,863.6
2015/04/21,950,954,949,953,11300,866.4
2015/04/22,961,963,954,956,16800,869.1
2015/04/23,969,969,949,958,20200,870.9
2015/04/24,962,970,960,960,19100,872.7
2015/04/27,960,968,954,963,11700,875.5
2015/04/28,974,974,961,965,18000,877.3
2015/04/30,966,966,951,962,29500,874.6
2015/05/01,963,963,949,959,23300,871.8
2015/05/07,959,965,954,955,11800,868.2
2015/05/08,965,970,955,966,17800,878.2
2015/05/11,981,986,967,970,60200,881.8
2015/05/12,977,982,973,976,23900,887.3
2015/05/13,971,985,970,980,31400,890.9
2015/05/14,979,998,978,988,56600,898.2
2015/05/15,990,999,986,999,30700,908.2
2015/05/18,1000,1016,999,1014,55100,921.8
2015/05/19,1020,1050,1015,1038,66600,943.6
2015/05/20,1045,1048,1037,1041,32900,946.4
2015/05/21,1043,1045,1025,1027,30700,933.6
2015/05/22,1022,1030,1000,1018,40700,925.5
2015/05/25,1011,1031,1005,1025,33800,931.8
2015/05/26,1030,1032,1021,1029,14100,935.5
2015/05/27,1000,1021,1000,1016,29800,923.6
2015/05/28,1007,1029,1007,1015,17900,922.7
2015/05/29,1010,1030,1007,1013,24900,920.9
2015/06/01,1012,1028,1012,1019,14400,926.4
2015/06/02,1014,1029,1012,1019,15400,926.4
2015/06/03,1015,1024,1012,1022,10800,929.1
2015/06/04,1029,1036,1019,1021,31600,928.2
2015/06/05,1021,1040,1019,1031,23500,937.3
2015/06/08,1031,1034,1030,1031,10800,937.3
2015/06/09,1033,1035,1013,1015,20200,922.7
2015/06/10,1010,1025,998,1013,47400,920.9
2015/06/11,1016,1037,1002,1027,21000,933.6
2015/06/12,1031,1031,1018,1025,29000,931.8
2015/06/15,1017,1085,1012,1069,82700,971.8
2015/06/16,1080,1085,1046,1072,46900,974.6
2015/06/17,1071,1079,1064,1066,17500,969.1
2015/06/18,1066,1079,1050,1056,38200,960
2015/06/19,1062,1096,1062,1095,70700,995.5
2015/06/22,1087,1105,1077,1097,64200,997.3
2015/06/23,1100,1120,1100,1111,51200,1010
2015/06/24,1110,1117,1091,1111,39200,1010
2015/06/25,1150,1190,1150,1174,232600,1067.3
2015/06/26,1174,1179,1152,1156,70400,1050.9
2015/06/29,1100,1136,1099,1115,60300,1013.6
2015/06/30,1109,1150,1107,1138,44800,1034.6
2015/07/01,1129,1160,1115,1153,42500,1048.2
2015/07/02,1168,1169,1137,1160,42200,1054.6
2015/07/03,1146,1170,1140,1156,42800,1050.9
2015/07/06,1148,1152,1112,1123,72200,1020.9
2015/07/07,1136,1164,1133,1163,57700,1057.3
2015/07/08,1166,1176,1122,1124,80400,1021.8
2015/07/09,1080,1125,1069,1123,85700,1020.9
2015/07/10,1132,1146,1117,1121,34500,1019.1
2015/07/13,1129,1167,1129,1164,42100,1058.2
2015/07/14,1174,1190,1171,1189,47200,1080.9
2015/07/15,1190,1210,1188,1208,69600,1098.2
2015/07/16,1208,1210,1196,1209,38200,1099.1
2015/07/17,1210,1210,1175,1194,32800,1085.5
2015/07/21,1207,1230,1201,1218,60800,1107.3
2015/07/22,1214,1214,1190,1190,13300,1081.8
2015/07/23,1182,1218,1180,1218,24500,1107.3
2015/07/24,1218,1230,1197,1228,30600,1116.4
2015/07/27,1227,1227,1191,1197,25800,1088.2
2015/07/28,1181,1210,1169,1188,23800,1080
2015/07/29,1181,1196,1181,1190,10800,1081.8
2015/07/30,1190,1197,1174,1192,18900,1083.6
2015/07/31,1189,1208,1174,1207,24000,1097.3
2015/08/03,1207,1210,1180,1209,25600,1099.1
2015/08/04,1212,1219,1207,1211,28600,1100.9
2015/08/05,1210,1218,1196,1209,20100,1099.1
2015/08/06,1216,1228,1210,1225,31400,1113.6
2015/08/07,1230,1230,1215,1230,19400,1118.2
2015/08/10,1230,1256,1210,1250,40700,1136.4
2015/08/11,1259,1265,1250,1264,24000,1149.1
2015/08/12,1256,1260,1221,1237,24800,1124.6
2015/08/13,1237,1256,1229,1235,18800,1122.7
2015/08/14,1228,1279,1228,1274,36000,1158.2
2015/08/17,1300,1365,1300,1339,123100,1217.3
2015/08/18,1345,1346,1312,1336,34800,1214.6
2015/08/19,1320,1328,1315,1321,34500,1200.9
2015/08/20,1311,1355,1291,1344,53500,1221.8
2015/08/21,1310,1344,1305,1320,59000,1200
2015/08/24,1249,1280,1149,1150,90400,1045.5
2015/08/25,1060,1200,1038,1127,82700,1024.6
2015/08/26,1160,1198,1141,1197,26800,1088.2
2015/08/27,1200,1260,1200,1216,39900,1105.5
2015/08/28,1255,1278,1232,1278,32300,1161.8
2015/08/31,1291,1291,1204,1252,52700,1138.2
2015/09/01,1251,1251,1203,1203,28400,1093.6
2015/09/02,1183,1223,1160,1183,36000,1075.5
2015/09/03,1185,1242,1185,1205,27700,1095.5
2015/09/04,1221,1240,1170,1179,24100,1071.8
2015/09/07,1151,1164,1114,1158,20700,1052.7
2015/09/08,1153,1157,1103,1108,18800,1007.3
2015/09/09,1148,1168,1148,1168,16900,1061.8
2015/09/10,1159,1215,1134,1195,22700,1086.4
2015/09/11,1225,1235,1210,1234,31300,1121.8
2015/09/14,1230,1259,1224,1241,16500,1128.2
2015/09/15,1245,1255,1227,1238,15500,1125.5
2015/09/16,1239,1245,1190,1237,20500,1124.6
2015/09/17,1210,1235,1205,1221,26800,1110
2015/09/18,1223,1260,1217,1254,34400,1140
2015/09/24,1241,1261,1222,1222,24300,1110.9
2015/09/25,1260,1260,1226,1250,54100,1136.4
2015/09/28,1259,1259,1241,1254,20100,1140
2015/09/29,1252,1252,1181,1201,22000,1091.8
2015/09/30,1223,1244,1220,1240,15000,1127.3
2015/10/01,1249,1250,1202,1230,19000,1118.2
2015/10/02,1212,1220,1206,1213,10900,1102.7
2015/10/05,1222,1222,1197,1211,6900,1100.9
2015/10/06,1212,1232,1203,1219,24600,1108.2
2015/10/07,1225,1230,1200,1230,13600,1118.2
2015/10/08,1224,1224,1195,1201,16900,1091.8
2015/10/09,1210,1219,1171,1206,22500,1096.4
2015/10/13,1213,1216,1191,1203,10100,1093.6
2015/10/14,1190,1205,1180,1182,19700,1074.6
2015/10/15,1182,1213,1181,1210,16700,1100
2015/10/16,1218,1218,1202,1207,6900,1097.3
2015/10/19,1207,1207,1130,1185,14400,1077.3
2015/10/20,1191,1191,1181,1187,8000,1079.1
2015/10/21,1191,1214,1187,1214,10400,1103.6
2015/10/22,1211,1212,1189,1204,8400,1094.6
2015/10/23,1215,1216,1201,1213,12000,1102.7
2015/10/26,1225,1226,1201,1214,9800,1103.6
2015/10/27,1226,1226,1189,1209,12500,1099.1
2015/10/28,1203,1203,1185,1200,10000,1090.9
2015/10/29,1211,1215,1181,1188,33800,1080
2015/10/30,1207,1210,1190,1192,10900,1083.6
2015/11/02,1170,1184,1150,1170,22000,1063.6
2015/11/04,1184,1189,1167,1183,11600,1075.5
2015/11/05,1183,1186,1167,1172,17500,1065.5
2015/11/06,1174,1174,1158,1169,12800,1062.7
2015/11/09,1170,1184,1168,1183,17000,1075.5
2015/11/10,1175,1175,1165,1172,8200,1065.5
2015/11/11,1171,1185,1171,1181,9600,1073.6
2015/11/12,1177,1193,1173,1193,12700,1084.6
2015/11/13,1178,1190,1172,1186,8300,1078.2
2015/11/16,1162,1176,1159,1169,9400,1062.7
2015/11/17,1175,1190,1173,1190,12200,1081.8
2015/11/18,1198,1198,1178,1193,10900,1084.6
2015/11/19,1195,1197,1190,1193,10300,1084.6
2015/11/20,1193,1195,1180,1195,7500,1086.4
2015/11/24,1195,1195,1188,1195,12200,1086.4
2015/11/25,1195,1195,1188,1193,12900,1084.6
2015/11/26,1193,1197,1188,1192,14500,1083.6
2015/11/27,1197,1200,1190,1190,9800,1081.8
2015/11/30,1195,1210,1183,1206,13600,1096.4
2015/12/01,1200,1200,1180,1198,15200,1089.1
2015/12/02,1199,1199,1181,1198,10500,1089.1
2015/12/03,1198,1204,1191,1199,14300,1090
2015/12/04,1187,1280,1187,1280,138100,1163.6
2015/12/07,1311,1329,1237,1240,177000,1127.3
2015/12/08,1251,1264,1232,1232,40400,1120
2015/12/09,1245,1245,1204,1245,24200,1131.8
2015/12/10,1258,1258,1216,1216,16200,1105.5
2015/12/11,1258,1269,1240,1248,43500,1134.6
2015/12/14,1224,1240,1217,1235,19900,1122.7
2015/12/15,1218,1233,1215,1215,11000,1104.6
2015/12/16,1216,1219,1202,1213,17800,1102.7
2015/12/17,1230,1232,1221,1230,8600,1118.2
2015/12/18,1242,1242,1221,1221,15000,1110
2015/12/21,1245,1245,1201,1217,22700,1106.4
2015/12/22,1217,1217,1201,1202,10600,1092.7
2015/12/24,1202,1207,1180,1181,20300,1073.6
2015/12/25,1164,1186,1140,1158,32900,1052.7
2015/12/28,1173,1199,1155,1198,15400,1089.1
2015/12/29,1199,1200,1189,1200,11000,1090.9
2015/12/30,1184,1200,1184,1197,11200,1088.2
2016/01/04,1191,1216,1188,1192,13500,1083.6
2016/01/05,1185,1212,1180,1192,13000,1083.6
2016/01/06,1209,1215,1193,1203,20800,1093.6
2016/01/07,1209,1222,1188,1198,37200,1089.1
2016/01/08,1186,1203,1183,1186,16900,1078.2
2016/01/12,1175,1176,1126,1130,23900,1027.3
2016/01/13,1142,1178,1142,1160,14300,1054.6
2016/01/14,1136,1138,1101,1118,26200,1016.4
2016/01/15,1120,1147,1110,1112,13400,1010.9
2016/01/18,1052,1085,1040,1073,28400,975.5
2016/01/19,1061,1078,1057,1065,12700,968.2
2016/01/20,1065,1086,1041,1041,17100,946.4
2016/01/21,1041,1070,974,976,25700,887.3
2016/01/22,1000,1062,1000,1059,21000,962.7
2016/01/25,1090,1100,1061,1091,21500,991.8
2016/01/26,1086,1086,1035,1061,11900,964.6
2016/01/27,1072,1098,1063,1088,13100,989.1
2016/01/28,1088,1102,1086,1091,8500,991.8
2016/01/29,1109,1135,1093,1130,12500,1027.3
2016/02/01,1140,1198,1127,1196,28300,1087.3
2016/02/02,1184,1203,1175,1192,12500,1083.6
2016/02/03,1162,1184,1162,1173,7500,1066.4
2016/02/04,1149,1190,1143,1145,8000,1040.9
2016/02/05,1145,1146,1091,1132,9600,1029.1
2016/02/08,1109,1145,1109,1132,4700,1029.1
2016/02/09,1109,1109,1065,1065,12500,968.2
2016/02/10,1084,1094,1012,1043,15900,948.2
2016/02/12,990,1044,984,998,40800,907.3
2016/02/15,1013,1100,1001,1087,14600,988.2
2016/02/16,1086,1089,1048,1067,12900,970
2016/02/17,1061,1085,1040,1062,10300,965.5
2016/02/18,1090,1097,1064,1086,7800,987.3
2016/02/19,1065,1098,1065,1072,6400,974.6
2016/02/22,1062,1090,1058,1090,4100,990.9
2016/02/23,1084,1088,1062,1062,8900,965.5
2016/02/24,1050,1119,1045,1092,14600,992.7
2016/02/25,1104,1123,1061,1111,13600,1010
2016/02/26,1124,1140,1097,1138,12700,1034.6
2016/02/29,1151,1174,1076,1115,15000,1013.6
2016/03/01,1101,1169,1090,1115,9000,1013.6
2016/03/02,1150,1168,1093,1161,12600,1055.5
2016/03/03,1167,1193,1144,1191,12800,1082.7
2016/03/04,1176,1198,1176,1198,11000,1089.1
2016/03/07,1186,1192,1164,1164,8600,1058.2
2016/03/08,1156,1166,1130,1153,7100,1048.2
2016/03/09,1141,1164,1128,1161,7700,1055.5
2016/03/10,1174,1183,1145,1167,8700,1060.9
2016/03/11,1153,1172,1153,1168,12500,1061.8
2016/03/14,1182,1198,1182,1195,9500,1086.4
2016/03/15,1198,1199,1176,1186,7800,1078.2
2016/03/16,1176,1190,1176,1178,5800,1070.9
2016/03/17,1178,1193,1166,1169,5800,1062.7
2016/03/18,1160,1173,1132,1141,7600,1037.3
2016/03/22,1140,1163,1135,1162,9300,1056.4
2016/03/23,1154,1170,1154,1156,5400,1050.9
2016/03/24,1147,1165,1147,1148,5200,1043.6
2016/03/25,1155,1165,1153,1161,7800,1055.5
2016/03/28,1161,1172,1148,1168,11400,1061.8
2016/03/29,1175,1175,1105,1163,10200,1057.3
2016/03/30,1164,1164,1111,1133,12500,1030
2016/03/31,1134,1154,1108,1134,12200,1030.9
2016/04/01,1156,1156,1090,1119,26400,1017.3
2016/04/04,1106,1146,1095,1142,13100,1038.2
2016/04/05,1123,1132,1089,1089,13500,990
2016/04/06,1080,1130,1080,1095,8900,995.5
2016/04/07,1095,1121,1082,1090,9700,990.9
2016/04/08,1068,1095,1055,1082,11900,983.6
2016/04/11,1084,1084,1039,1056,16300,960
2016/04/12,1058,1090,1058,1065,11400,968.2
2016/04/13,1073,1087,1073,1083,5700,984.6
2016/04/14,1097,1114,1090,1114,13400,1012.7
2016/04/15,1105,1115,1105,1108,3400,1007.3
2016/04/18,1078,1105,1064,1080,10200,981.8
2016/04/19,1104,1144,1082,1108,14800,1007.3
2016/04/20,1135,1174,1133,1149,42300,1044.6
2016/04/21,1173,1178,1159,1172,19700,1065.5
2016/04/22,1156,1198,1156,1187,20300,1079.1
2016/04/25,1187,1200,1175,1185,13400,1077.3
2016/04/26,1189,1190,1166,1175,17500,1068.2
2016/04/27,1178,1189,1154,1165,17300,1059.1
2016/04/28,1189,1196,1154,1160,14900,1054.6
2016/05/02,1115,1136,1110,1130,13000,1027.3
2016/05/06,1142,1153,1124,1131,14400,1028.2
2016/05/09,1143,1155,1106,1116,17200,1014.6
2016/05/10,1138,1138,1118,1128,16600,1025.5
2016/05/11,1138,1138,1126,1129,8600,1026.4
2016/05/12,1123,1130,1119,1119,7900,1017.3
2016/05/13,1120,1120,1094,1096,12600,996.4
2016/05/16,1090,1100,1071,1093,8200,993.6
2016/05/17,1100,1104,1092,1102,4300,1001.8
2016/05/18,1104,1104,1062,1071,11600,973.6
2016/05/19,1085,1088,1078,1086,7000,987.3
2016/05/20,1079,1095,1079,1092,5200,992.7
2016/05/23,1091,1091,1078,1087,5200,988.2
2016/05/24,1081,1089,1023,1070,11500,972.7
2016/05/25,1080,1096,1079,1082,6100,983.6
2016/05/26,1099,1099,1061,1077,13200,979.1
2016/05/27,1079,1089,1073,1075,4500,977.3
2016/05/30,1077,1087,1077,1087,4000,988.2
2016/05/31,1091,1092,1080,1087,4400,988.2
2016/06/01,1078,1084,1068,1072,9200,974.6
2016/06/02,1060,1080,1058,1060,10500,963.6
2016/06/03,1066,1084,1066,1073,11100,975.5
2016/06/06,1052,1115,1052,1103,14900,1002.7
2016/06/07,1113,1114,1087,1111,10100,1010
2016/06/08,1104,1114,1096,1114,4500,1012.7
2016/06/09,1115,1115,1086,1086,9600,987.3
2016/06/10,1099,1104,1079,1104,21300,1003.6
2016/06/13,1094,1100,1062,1062,8600,965.5
2016/06/14,1050,1060,1020,1039,11300,944.6
2016/06/15,1018,1031,1010,1017,8400,924.6
2016/06/16,1003,1013,994,996,18500,905.5
2016/06/17,1000,1021,1000,1018,7200,925.5
2016/06/20,1018,1030,1018,1021,15000,928.2
2016/06/21,1022,1035,1003,1034,11600,940
2016/06/22,1039,1050,1031,1037,10700,942.7
2016/06/23,1035,1050,1031,1046,4500,950.9
2016/06/24,1069,1069,971,991,22300,900.9
2016/06/27,1026,1030,1007,1028,12600,934.6
2016/06/28,1033,1057,1026,1036,10600,941.8
2016/06/29,1047,1048,1035,1038,4100,943.6
2016/06/30,1059,1059,1040,1046,7700,950.9
2016/07/01,1042,1060,1025,1056,16600,960
2016/07/04,1036,1056,1036,1056,8800,960
2016/07/05,1036,1056,1036,1054,7000,958.2
2016/07/06,1058,1069,1036,1067,23800,970
2016/07/07,1071,1080,1064,1080,20000,981.8
2016/07/08,1094,1110,1077,1077,18300,979.1
2016/07/11,1107,1135,1095,1117,10800,1015.5
2016/07/12,1117,1142,1115,1127,7900,1024.6
2016/07/13,1129,1137,1120,1132,12400,1029.1
2016/07/14,1121,1141,1088,1126,7600,1023.6
2016/07/15,1130,1149,1124,1146,7600,1041.8
2016/07/19,1135,1154,1131,1137,6400,1033.6
2016/07/20,1138,1156,1130,1156,5800,1050.9
2016/07/21,1157,1167,1141,1167,4200,1060.9
2016/07/22,1167,1255,1154,1179,50200,1071.8
2016/07/25,1209,1215,1183,1215,17800,1104.6
2016/07/26,1227,1227,1195,1195,13900,1086.4
2016/07/27,1208,1215,1190,1202,14100,1092.7
2016/07/28,1180,1191,1172,1191,15200,1082.7
2016/07/29,1161,1174,1080,1096,34700,996.4
2016/08/01,1096,1096,1052,1071,36400,973.6
2016/08/02,1058,1073,1058,1066,12100,969.1
2016/08/03,1044,1045,1025,1032,18600,938.2
2016/08/04,1044,1044,1030,1033,11600,939.1
2016/08/05,1034,1053,1033,1033,5000,939.1
2016/08/08,1037,1048,1037,1043,6600,948.2
2016/08/09,1036,1053,1036,1053,5400,957.3
2016/08/10,1050,1065,1047,1058,7000,961.8
2016/08/12,1036,1048,1032,1046,16100,950.9
2016/08/15,1033,1040,1031,1035,11100,940.9
2016/08/16,1040,1040,1009,1016,23600,923.6
2016/08/17,1007,1021,1007,1011,12400,919.1
2016/08/18,1011,1012,1001,1001,8800,910
2016/08/19,1002,1008,1001,1002,6600,910.9
2016/08/22,1005,1022,1004,1015,13000,922.7
2016/08/23,1011,1015,1003,1004,10300,912.7
2016/08/24,1010,1013,1007,1010,4200,918.2
2016/08/25,1017,1020,1009,1017,7600,924.6
2016/08/26,1020,1020,1013,1014,6300,921.8
2016/08/29,1033,1036,1023,1025,11300,931.8
2016/08/30,1018,1023,1015,1023,4900,930
2016/08/31,1034,1034,1020,1026,11800,932.7
2016/09/01,1041,1059,1040,1052,12500,956.4
2016/09/02,1047,1060,1047,1049,4000,953.6
2016/09/05,1052,1054,1030,1046,10600,950.9
2016/09/06,1064,1092,1064,1088,19800,989.1
2016/09/07,1118,1130,1090,1124,38700,1021.8
2016/09/08,1110,1158,1110,1152,26900,1047.3
2016/09/09,1139,1152,1124,1130,22700,1027.3
2016/09/12,1153,1153,1061,1127,31100,1024.6
2016/09/13,1118,1134,1118,1119,10200,1017.3
2016/09/14,1116,1126,1112,1112,8700,1010.9
2016/09/15,1091,1100,1086,1087,16600,988.2
2016/09/16,1095,1095,1081,1095,13500,995.5
2016/09/20,1096,1110,1096,1101,8800,1000.9
2016/09/21,1102,1104,1088,1098,18900,998.2
2016/09/23,1100,1113,1095,1113,31400,1011.8
2016/09/26,1113,1125,1102,1122,19900,1020
2016/09/27,1113,1158,1113,1158,24900,1052.7
2016/09/28,1040,1043,1029,1032,16000,1032
2016/09/29,1032,1035,1026,1033,6900,1033
2016/09/30,1029,1042,1022,1034,10900,1034
2016/10/03,1047,1056,1041,1048,10100,1048
2016/10/04,1048,1082,1048,1080,14600,1080
2016/10/05,1078,1084,1071,1082,15700,1082
2016/10/06,1072,1084,1072,1076,15100,1076
2016/10/07,1064,1076,1059,1062,9400,1062
2016/10/11,1062,1074,1061,1073,14200,1073
2016/10/12,1060,1062,1047,1049,14300,1049
2016/10/13,1048,1066,1021,1043,17200,1043
2016/10/17,1046,1052,1041,1046,6300,1046
2016/10/19,1035,1047,1032,1042,8000,1042
2016/10/20,1041,1041,1025,1034,17100,1034
2016/10/21,1044,1047,1031,1034,6500,1034
2016/10/24,1039,1040,1029,1037,11200,1037
2016/10/25,1040,1049,1020,1029,19300,1029
2016/10/26,1025,1038,1025,1036,17800,1036
2016/10/27,1040,1050,1032,1043,14000,1043
2016/10/28,1045,1060,1042,1060,46000,1060
2016/10/31,1060,1098,1060,1094,21800,1094
2016/11/01,1093,1094,1071,1076,18100,1076
2016/11/02,1063,1067,1051,1059,22100,1059
2016/11/04,1050,1055,1026,1047,18900,1047
2016/11/07,1054,1055,1044,1045,11300,1045
2016/11/08,1036,1045,1035,1035,9600,1035
2016/11/09,1035,1040,988,993,27600,993
2016/11/10,1039,1049,1021,1043,16500,1043
2016/11/11,1042,1061,1033,1035,17500,1035
2016/11/14,1034,1050,1034,1048,9800,1048
2016/11/15,1040,1047,1036,1037,8800,1037
2016/11/16,1040,1058,1040,1058,8900,1058
2016/11/17,1063,1063,1049,1056,8200,1056
2016/11/18,1059,1059,1046,1053,8700,1053
2016/11/21,1053,1060,1053,1060,13000,1060
2016/11/22,1056,1067,1055,1063,9200,1063
2016/11/24,1071,1071,1062,1064,5200,1064
2016/11/25,1065,1070,1052,1068,15100,1068
2016/11/28,1070,1086,1070,1086,12500,1086
2016/11/29,1090,1100,1086,1090,10800,1090
2016/11/30,1089,1095,1081,1087,8600,1087
2016/12/01,1074,1090,1069,1072,17300,1072
2016/12/02,1061,1082,1055,1062,15200,1062
2016/12/05,1049,1062,1049,1060,9700,1060
2016/12/06,1064,1109,1056,1062,46400,1062
2016/12/07,1073,1075,1062,1071,15400,1071
2016/12/08,1079,1079,1061,1067,17700,1067
2016/12/09,1075,1078,1051,1066,33600,1066
2016/12/12,1069,1073,1058,1068,21200,1068
2016/12/13,1071,1076,1061,1073,22300,1073
2016/12/14,1068,1076,1063,1072,17800,1072
2016/12/15,1067,1077,1067,1071,10500,1071
2016/12/16,1077,1077,1055,1066,23500,1066
2016/12/19,1057,1064,1054,1057,21500,1057
2016/12/20,1050,1064,1041,1061,33200,1061
2016/12/21,1067,1067,1060,1064,6800,1064
2016/12/22,1065,1066,1056,1064,10500,1064
2016/12/26,1072,1080,1067,1080,17800,1080
2016/12/27,1080,1088,1069,1071,15400,1071
2016/12/28,1067,1086,1067,1082,10800,1082
2016/12/29,1076,1082,1062,1079,12900,1079
2016/12/30,1079,1088,1073,1088,16000,1088
2017/01/04,1103,1127,1100,1126,36700,1126
2017/01/05,1133,1145,1125,1134,37500,1134
2017/01/06,1133,1142,1112,1140,40100,1140
2017/01/10,1130,1154,1130,1151,20400,1151
2017/01/11,1150,1160,1134,1139,13800,1139
2017/01/12,1126,1133,1111,1126,17300,1126
2017/01/13,1102,1128,1102,1119,16800,1119
2017/01/16,1125,1135,1125,1129,16800,1129
2017/01/17,1129,1133,1118,1125,14400,1125
2017/01/18,1120,1121,1110,1113,11200,1113
2017/01/19,1121,1129,1115,1124,14700,1124
2017/01/20,1120,1130,1120,1130,13000,1130
2017/01/23,1130,1149,1130,1140,20500,1140
2017/01/24,1147,1155,1143,1155,13400,1155
2017/01/25,1160,1189,1160,1163,26200,1163
2017/01/26,1192,1232,1178,1197,83000,1197
2017/01/27,1232,1235,1211,1228,52800,1228
2017/01/30,1215,1215,1190,1208,34900,1208
2017/01/31,1196,1228,1196,1219,38400,1219
2017/02/01,1226,1226,1192,1200,39700,1200
2017/02/02,1205,1215,1184,1190,25700,1190
2017/02/03,1200,1248,1200,1225,40100,1225
2017/02/06,1225,1244,1225,1238,23200,1238
2017/02/07,1236,1236,1210,1226,20100,1226
2017/02/08,1226,1234,1201,1229,23700,1229
2017/02/09,1220,1230,1198,1205,21300,1205
2017/02/10,1218,1226,1213,1217,19700,1217
2017/02/13,1222,1249,1222,1248,19000,1248
2017/02/14,1248,1248,1232,1237,13800,1237
2017/02/15,1233,1241,1226,1230,15500,1230
2017/02/16,1230,1230,1215,1220,16400,1220
2017/02/17,1224,1228,1217,1223,9800,1223
2017/02/20,1218,1230,1218,1228,7100,1228
2017/02/21,1228,1236,1225,1233,10100,1233
2017/02/22,1233,1238,1229,1231,9300,1231
2017/02/23,1228,1245,1228,1242,10200,1242
2017/02/24,1238,1245,1233,1238,9000,1238
2017/02/27,1238,1238,1221,1225,14700,1225
2017/02/28,1238,1241,1207,1211,25900,1211
2017/03/01,1221,1226,1205,1210,15700,1210
2017/03/02,1225,1245,1214,1233,35500,1233
2017/03/03,1235,1238,1228,1233,9700,1233
2017/03/06,1234,1234,1225,1228,5100,1228
2017/03/07,1228,1233,1228,1231,3800,1231
2017/03/08,1222,1230,1222,1225,8500,1225
2017/03/09,1222,1233,1222,1233,4000,1233
2017/03/10,1233,1244,1231,1241,25000,1241
2017/03/13,1241,1267,1241,1267,36400,1267
2017/03/14,1292,1299,1235,1268,40400,1268
2017/03/15,1268,1278,1260,1266,12000,1266
2017/03/16,1271,1271,1260,1268,11300,1268
2017/03/17,1251,1260,1239,1239,20900,1239
2017/03/21,1235,1255,1235,1248,14900,1248
2017/03/22,1235,1246,1235,1236,17200,1236
2017/03/23,1240,1252,1238,1244,11000,1244
2017/03/24,1253,1280,1250,1264,22600,1264
2017/03/27,1263,1277,1254,1260,23200,1260
2017/03/28,1270,1285,1268,1280,23900,1280
2017/03/29,1275,1275,1210,1273,18500,1273
2017/03/30,1264,1266,1246,1265,7100,1265
2017/03/31,1265,1272,1226,1234,17900,1234
2017/04/03,1240,1242,1225,1226,15400,1226
2017/04/04,1225,1232,1211,1222,22000,1222
2017/04/05,1220,1238,1216,1222,11800,1222
2017/04/06,1228,1234,1200,1200,12500,1200
2017/04/07,1189,1228,1189,1207,10700,1207
2017/04/10,1205,1220,1205,1212,10500,1212
2017/04/11,1211,1212,1205,1205,6400,1205
2017/04/12,1185,1205,1185,1203,12900,1203
2017/04/13,1178,1216,1171,1208,14200,1208
2017/04/14,1205,1210,1185,1187,13700,1187
2017/04/17,1184,1216,1180,1216,10700,1216
2017/04/18,1218,1228,1217,1223,7100,1223
2017/04/19,1223,1243,1220,1227,13500,1227
2017/04/20,1226,1250,1226,1242,15000,1242
2017/04/21,1250,1280,1237,1253,46100,1253
2017/04/24,1270,1290,1267,1279,30300,1279
2017/04/25,1290,1291,1262,1266,22400,1266
2017/04/26,1285,1287,1267,1275,25400,1275
2017/04/27,1269,1294,1269,1280,18000,1280
2017/04/28,1284,1290,1254,1273,16400,1273
2017/05/01,1278,1293,1275,1293,13100,1293
2017/05/02,1295,1315,1294,1300,29800,1300
2017/05/08,1319,1384,1295,1336,78900,1336
2017/05/09,1306,1317,1282,1294,38000,1294
2017/05/10,1284,1304,1284,1304,17700,1304
2017/05/11,1307,1314,1295,1312,10900,1312
2017/05/12,1312,1313,1293,1299,27300,1299
2017/05/15,1285,1307,1285,1301,11300,1301
2017/05/16,1299,1303,1295,1300,9100,1300
2017/05/17,1299,1299,1278,1286,22400,1286
2017/05/18,1270,1303,1270,1292,36700,1292
2017/05/19,1283,1289,1277,1283,14500,1283
2017/05/22,1296,1297,1278,1288,15800,1288
2017/05/23,1290,1294,1279,1284,15200,1284
2017/05/24,1284,1296,1284,1294,10500,1294
2017/05/25,1286,1296,1281,1291,15000,1291
2017/05/26,1290,1299,1276,1279,23800,1279
2017/05/29,1279,1320,1279,1293,24800,1293
2017/05/30,1300,1302,1282,1295,6300,1295
2017/05/31,1300,1300,1281,1281,8000,1281
2017/06/01,1295,1300,1282,1290,11900,1290
2017/06/02,1300,1300,1285,1298,17200,1298
2017/06/05,1298,1306,1294,1296,34500,1296
2017/06/06,1308,1320,1272,1282,17500,1282
2017/06/07,1276,1288,1270,1283,11300,1283
2017/06/08,1278,1294,1278,1284,7900,1284
2017/06/09,1280,1284,1272,1274,14600,1274
2017/06/12,1280,1286,1276,1280,13100,1280
2017/06/13,1276,1295,1276,1278,7500,1278
2017/06/14,1294,1297,1281,1282,15400,1282
2017/06/15,1282,1310,1282,1292,36300,1292
2017/06/16,1305,1319,1286,1288,21700,1288
2017/06/19,1295,1316,1295,1309,20800,1309
2017/06/20,1321,1348,1321,1344,33100,1344
2017/06/21,1350,1375,1332,1335,37500,1335
2017/06/22,1335,1357,1335,1345,17900,1345
2017/06/23,1350,1358,1345,1345,8200,1345
2017/06/26,1345,1360,1340,1353,15800,1353
2017/06/27,1365,1374,1353,1358,16200,1358
2017/06/28,1365,1365,1327,1327,22600,1327
2017/06/29,1327,1353,1327,1345,9300,1345
2017/06/30,1337,1349,1320,1325,22100,1325
2017/07/03,1338,1341,1323,1323,13800,1323
2017/07/04,1350,1350,1317,1324,25200,1324
2017/07/05,1333,1343,1313,1341,30300,1341
2017/07/06,1350,1350,1326,1332,16200,1332
2017/07/07,1319,1338,1319,1328,13100,1328
2017/07/10,1330,1341,1330,1331,7600,1331
2017/07/11,1322,1338,1321,1334,6400,1334
2017/07/12,1330,1335,1327,1332,8300,1332
2017/07/13,1327,1329,1323,1325,4500,1325
2017/07/14,1325,1335,1324,1325,7600,1325
2017/07/18,1338,1356,1324,1348,24800,1348
2017/07/19,1350,1373,1344,1357,20400,1357
2017/07/20,1361,1371,1361,1367,19800,1367
2017/07/21,1364,1373,1338,1356,13800,1356
2017/07/24,1350,1363,1348,1358,17000,1358
2017/07/25,1358,1363,1348,1361,8700,1361
2017/07/26,1362,1362,1343,1347,15200,1347
2017/07/27,1347,1361,1347,1348,11800,1348
2017/07/28,1349,1349,1332,1341,15000,1341
2017/07/31,1334,1340,1255,1274,45000,1274
2017/08/01,1262,1284,1250,1260,33300,1260
2017/08/02,1260,1284,1260,1272,10800,1272
2017/08/03,1266,1278,1266,1271,13400,1271
2017/08/04,1276,1290,1266,1289,9600,1289
2017/08/07,1288,1293,1278,1281,13500,1281
2017/08/08,1280,1292,1280,1289,14600,1289
2017/08/09,1288,1288,1271,1281,16200,1281
2017/08/10,1280,1288,1262,1278,29800,1278
2017/08/14,1269,1287,1266,1271,15900,1271
2017/08/15,1285,1316,1283,1311,25500,1311
2017/08/16,1317,1331,1308,1327,23300,1327
2017/08/17,1340,1350,1304,1307,19700,1307
2017/08/18,1319,1331,1312,1329,20300,1329
2017/08/21,1325,1362,1325,1355,22500,1355
2017/08/22,1353,1373,1343,1364,23200,1364
2017/08/23,1374,1378,1365,1373,13800,1373
2017/08/24,1377,1377,1368,1370,14400,1370
2017/08/25,1378,1382,1363,1374,20100,1374
2017/08/28,1378,1392,1345,1390,27700,1390
2017/08/29,1396,1400,1387,1395,14400,1395
2017/08/30,1400,1400,1380,1394,15900,1394
2017/08/31,1391,1393,1379,1392,9400,1392
2017/09/01,1399,1399,1374,1396,12000,1396
2017/09/04,1383,1383,1361,1378,22100,1378
2017/09/05,1378,1382,1334,1336,15500,1336
2017/09/06,1327,1344,1312,1327,15000,1327
2017/09/07,1322,1346,1304,1330,14700,1330
2017/09/08,1330,1362,1310,1345,24800,1345
2017/09/11,1363,1374,1354,1362,16400,1362
2017/09/12,1369,1401,1360,1391,23100,1391
2017/09/13,1394,1414,1385,1402,16700,1402
2017/09/14,1399,1403,1386,1396,11200,1396
2017/09/15,1395,1472,1390,1451,34700,1451
2017/09/19,1451,1489,1441,1486,22200,1486
2017/09/20,1460,1474,1411,1446,29300,1446
2017/09/21,1442,1488,1442,1487,28600,1487
2017/09/22,1472,1483,1461,1464,15700,1464
2017/09/25,1467,1505,1464,1503,32500,1503
2017/09/26,1506,1519,1472,1497,56100,1497
2017/09/27,1496,1544,1480,1540,26200,1540
2017/09/28,1540,1588,1523,1568,49800,1568
2017/09/29,1590,1668,1584,1621,81600,1621
2017/10/02,1626,1626,1460,1548,83100,1548
2017/10/03,1563,1603,1544,1546,18800,1546
2017/10/04,1534,1544,1512,1534,18800,1534
2017/10/05,1536,1545,1480,1502,24700,1502
2017/10/06,1500,1533,1490,1525,18700,1525
2017/10/10,1540,1540,1516,1519,7400,1519
2017/10/11,1530,1541,1515,1524,14200,1524
2017/10/12,1537,1554,1529,1539,10200,1539
2017/10/13,1541,1547,1514,1532,13300,1532
2017/10/16,1555,1616,1555,1593,73500,1593
2017/10/17,1590,1642,1579,1635,43200,1635
2017/10/18,1621,2002,1612,1751,461500,1751
2017/10/19,1750,1770,1628,1756,122600,1756
2017/10/20,1735,1850,1720,1814,117600,1814
2017/10/23,1812,1828,1745,1823,60500,1823
2017/10/24,1818,1831,1779,1786,47800,1786
2017/10/25,1786,1789,1732,1736,42800,1736
2017/10/26,1736,1787,1736,1782,26000,1782
2017/10/27,1790,1798,1761,1774,28700,1774
2017/10/30,1783,1783,1729,1783,46100,1783
2017/10/31,1785,1785,1733,1770,30800,1770
2017/11/01,1780,1793,1738,1790,46800,1790
2017/11/02,1790,1790,1754,1781,28700,1781
2017/11/06,1768,1804,1754,1788,65200,1788
2017/11/07,1785,1793,1769,1777,13200,1777
2017/11/08,1760,1800,1759,1797,28500,1797
2017/11/09,1800,1850,1770,1817,51600,1817
2017/11/10,1781,1802,1756,1760,24700,1760
2017/11/13,1770,1770,1745,1747,10600,1747
2017/11/15,1705,1712,1650,1650,23700,1650
2017/11/16,1635,1704,1635,1690,23900,1690
2017/11/17,1700,1719,1673,1676,21200,1676
2017/11/20,1676,1706,1675,1684,13100,1684
2017/11/21,1684,1695,1682,1687,10300,1687
2017/11/22,1699,1723,1675,1679,24900,1679
2017/11/24,1677,1704,1675,1688,16500,1688
2017/11/27,1706,1720,1703,1712,11800,1712
2017/11/28,1714,1732,1690,1714,19500,1714
2017/11/29,1702,1795,1702,1780,29900,1780
2017/11/30,1766,1769,1735,1735,13400,1735
2017/12/01,1745,1745,1711,1713,13100,1713
2017/12/04,1710,1739,1703,1712,11900,1712
2017/12/05,1697,1705,1674,1686,17400,1686
2017/12/06,1683,1695,1664,1666,10700,1666
2017/12/07,1678,1729,1678,1725,10200,1725
2017/12/08,1685,1744,1685,1742,19300,1742
2017/12/11,1750,1750,1718,1736,12600,1736
2017/12/12,1746,1746,1711,1722,10600,1722
2017/12/13,1736,1736,1703,1711,11600,1711
2017/12/14,1712,1719,1688,1715,13100,1715
2017/12/15,1706,1707,1681,1703,16900,1703
2017/12/18,1704,1712,1690,1707,12000,1707
2017/12/19,1716,1722,1685,1685,8100,1685
2017/12/20,1690,1708,1687,1694,6100,1694
2017/12/21,1683,1693,1682,1691,6700,1691
2017/12/22,1701,1701,1682,1694,8900,1694
2017/12/25,1690,1693,1682,1689,8800,1689
2017/12/26,1694,1700,1689,1700,80800,1700
2017/12/27,1700,1760,1700,1758,14900,1758
2017/12/28,1756,1770,1729,1770,17600,1770
2017/12/29,1770,1780,1757,1764,7300,1764
2018/01/04,1789,1833,1783,1831,40300,1831
2018/01/05,1850,1850,1788,1798,28300,1798
2018/01/09,1816,1816,1766,1778,16200,1778
2018/01/10,1777,1827,1765,1816,24900,1816
2018/01/11,1816,1816,1798,1809,4400,1809
2018/01/12,1804,1804,1744,1751,35700,1751
2018/01/15,1752,1772,1743,1753,21700,1753
2018/01/16,1743,1775,1741,1764,15600,1764
2018/01/17,1750,1779,1742,1774,22400,1774
2018/01/18,1770,1770,1722,1722,20000,1722
2018/01/19,1722,1750,1714,1736,23200,1736
2018/01/22,1729,1741,1710,1727,16800,1727
2018/01/23,1747,1775,1724,1771,13800,1771
2018/01/24,1771,1771,1743,1748,10800,1748
2018/01/25,1739,1762,1730,1751,12500,1751
2018/01/26,1748,1765,1745,1760,11100,1760
2018/01/29,1770,1772,1755,1771,11700,1771
2018/01/30,1765,1765,1724,1732,12900,1732
2018/01/31,1725,1746,1664,1668,17900,1668
2018/02/01,1708,1770,1695,1770,26000,1770
2018/02/02,1779,1811,1776,1798,54100,1798
2018/02/05,1749,1787,1717,1778,35200,1778
2018/02/06,1644,1714,1630,1651,49200,1651
2018/02/07,1679,1690,1595,1599,28200,1599
2018/02/08,1623,1634,1610,1620,10800,1620
2018/02/09,1555,1587,1555,1574,17000,1574
2018/02/13,1611,1611,1528,1533,19300,1533
2018/02/14,1526,1547,1479,1483,25800,1483
2018/02/15,1475,1504,1453,1494,20300,1494
2018/02/16,1511,1555,1511,1550,18500,1550
2018/02/19,1565,1582,1565,1582,5400,1582
2018/02/20,1561,1586,1555,1582,7500,1582
2018/02/21,1597,1611,1589,1590,11200,1590
2018/02/22,1570,1578,1537,1546,14400,1546
2018/02/23,1558,1581,1554,1574,10500,1574
2018/02/26,1574,1576,1540,1544,14700,1544
2018/02/27,1551,1560,1535,1544,10200,1544
2018/02/28,1544,1584,1544,1556,10900,1556
2018/03/01,1563,1563,1519,1525,10000,1525
2018/03/02,1501,1511,1490,1500,16900,1500
2018/03/05,1488,1498,1456,1471,11600,1471
2018/03/06,1485,1519,1485,1497,24400,1497
2018/03/07,1484,1528,1484,1488,11900,1488
2018/03/08,1496,1507,1490,1503,8700,1503
2018/03/09,1520,1530,1492,1499,16300,1499
2018/03/12,1527,1532,1491,1506,13600,1506
2018/03/13,1506,1540,1504,1531,10000,1531
2018/03/14,1512,1524,1506,1519,7600,1519
2018/03/15,1519,1525,1507,1520,9000,1520
2018/03/16,1530,1540,1514,1535,9400,1535
2018/03/19,1550,1591,1524,1581,26800,1581
2018/03/20,1560,1562,1536,1552,10900,1552
2018/03/22,1551,1594,1551,1571,14300,1571
2018/03/23,1554,1566,1502,1505,22000,1505
2018/03/26,1503,1519,1475,1517,17200,1517
2018/03/27,1540,1551,1514,1548,19500,1548
2018/03/28,1539,1576,1509,1576,19400,1576
2018/03/29,1598,1607,1572,1606,14500,1606
2018/03/30,1619,1638,1599,1634,16700,1634
2018/04/02,1659,1659,1603,1609,12700,1609
2018/04/03,1600,1623,1581,1584,9400,1584
2018/04/04,1624,1739,1617,1722,79200,1722
2018/04/05,1719,1735,1646,1678,47100,1678
2018/04/06,1678,1678,1638,1640,30900,1640
2018/04/09,1636,1677,1632,1656,17900,1656
2018/04/10,1667,1678,1630,1641,18300,1641
2018/04/11,1629,1630,1600,1624,17400,1624
2018/04/12,1623,1631,1614,1624,9000,1624
2018/04/13,1637,1688,1617,1673,22200,1673
2018/04/16,1669,1684,1620,1632,17800,1632
2018/04/17,1633,1662,1614,1629,13200,1629
2018/04/18,1649,1655,1630,1642,11000,1642
2018/04/19,1635,1647,1611,1626,14900,1626
2018/04/20,1620,1643,1618,1635,14600,1635
2018/04/23,1635,1641,1610,1627,15400,1627
2018/04/24,1628,1710,1628,1704,46400,1704
2018/04/25,1699,1700,1666,1687,23800,1687
2018/04/26,1690,1710,1673,1704,18300,1704
2018/04/27,1707,1722,1663,1675,16600,1675
2018/05/01,1675,1712,1663,1711,20000,1711
2018/05/02,1711,1714,1685,1704,19000,1704
2018/05/07,1718,1850,1664,1699,78700,1699
2018/05/08,1652,1742,1652,1687,54400,1687
2018/05/09,1694,1694,1650,1659,14700,1659
2018/05/10,1694,1694,1643,1651,12500,1651
2018/05/11,1667,1688,1649,1683,15000,1683
2018/05/14,1690,1706,1671,1680,19800,1680
2018/05/15,1685,1685,1651,1665,8100,1665
2018/05/16,1665,1703,1656,1703,24200,1703
2018/05/17,1705,1727,1668,1710,22000,1710
2018/05/18,1711,1711,1682,1700,7800,1700
2018/05/21,1698,1712,1682,1689,10400,1689
2018/05/22,1689,1721,1678,1718,13100,1718
2018/05/23,1707,1707,1678,1702,7300,1702
2018/05/24,1700,1700,1672,1680,9300,1680
2018/05/25,1681,1703,1681,1697,7400,1697
2018/05/28,1716,1716,1691,1704,5600,1704
2018/05/29,1715,1715,1682,1704,11100,1704
2018/05/30,1675,1680,1666,1671,9600,1671
2018/05/31,1680,1705,1680,1702,10700,1702
2018/06/01,1708,1734,1693,1722,24400,1722
2018/06/04,1748,1809,1748,1796,29300,1796
2018/06/05,1795,1795,1729,1753,10300,1753
2018/06/06,1753,1754,1720,1734,7000,1734
2018/06/07,1776,1835,1776,1815,47900,1815
2018/06/08,1797,1837,1785,1814,42300,1814
2018/06/11,1808,1826,1804,1815,11000,1815
2018/06/12,1825,1845,1817,1835,16800,1835
2018/06/13,1841,1860,1825,1848,34300,1848
2018/06/14,1863,1863,1835,1847,14000,1847
2018/06/15,1850,1859,1840,1848,7900,1848
2018/06/18,1856,1870,1831,1851,14200,1851
2018/06/19,1851,1851,1804,1825,16700,1825
2018/06/20,1830,1864,1806,1856,16800,1856
2018/06/21,1862,1890,1840,1875,24700,1875
2018/06/22,1859,1878,1853,1866,14000,1866
2018/06/25,1864,1878,1725,1767,31000,1767
2018/06/26,1727,1750,1700,1745,20400,1745
2018/06/27,1731,1793,1731,1775,12000,1775
2018/06/28,1792,1792,1730,1760,12500,1760
2018/06/29,1751,1781,1730,1775,16500,1775
2018/07/02,1780,1780,1689,1694,17000,1694
2018/07/03,1700,1744,1681,1700,19700,1700
2018/07/04,1715,1850,1709,1839,98100,1839
2018/07/05,1831,1850,1805,1813,42800,1813
2018/07/06,1813,1900,1813,1893,59200,1893
2018/07/09,1917,1920,1861,1911,33900,1911
2018/07/10,1920,1920,1848,1848,29600,1848
2018/07/11,1863,1932,1847,1916,33100,1916
2018/07/12,1930,1999,1926,1974,44400,1974
2018/07/13,1994,1994,1933,1939,29700,1939
2018/07/17,1950,1950,1887,1899,20400,1899
2018/07/18,1913,1947,1913,1923,13400,1923
2018/07/19,1922,1922,1900,1902,7700,1902
2018/07/20,1902,1916,1868,1871,9100,1871
2018/07/23,1868,1924,1868,1878,8400,1878
2018/07/24,1897,1990,1897,1961,33600,1961
2018/07/25,1981,2028,1973,2000,37900,2000
2018/07/26,2020,2049,2007,2049,36000,2049
2018/07/27,2030,2094,2030,2094,37200,2094
2018/07/30,2065,2078,2029,2052,20700,2052
2018/07/31,2025,2063,1968,1976,28500,1976
2018/08/01,1991,1996,1881,1940,41900,1940
2018/08/02,1960,1960,1881,1885,25400,1885
2018/08/03,1876,1884,1820,1836,21700,1836
2018/08/06,1836,1876,1835,1860,10200,1860
2018/08/07,1870,1872,1855,1868,6600,1868
2018/08/08,1852,1906,1852,1874,15300,1874
2018/08/09,1874,1878,1845,1864,6700,1864
2018/08/10,1878,1878,1839,1843,8600,1843
2018/08/13,1830,1831,1771,1776,14500,1776
2018/08/14,1785,1860,1778,1858,9200,1858
2018/08/15,1858,1863,1822,1853,12900,1853
2018/08/16,1824,1841,1805,1817,10600,1817
2018/08/17,1819,1888,1813,1877,14800,1877
2018/08/20,1865,1869,1800,1803,14600,1803
2018/08/21,1801,1819,1772,1783,11600,1783
2018/08/22,1770,1800,1756,1798,6100,1798
2018/08/23,1801,1853,1801,1848,15600,1848
2018/08/24,1876,1876,1850,1862,10800,1862
2018/08/27,1866,1888,1853,1868,11600,1868
2018/08/28,1890,1890,1845,1851,8200,1851
2018/08/29,1836,1867,1836,1861,7600,1861
2018/08/30,1839,1892,1839,1869,13000,1869
2018/08/31,1869,1870,1842,1845,6700,1845
2018/09/03,1884,1926,1854,1922,27500,1922
2018/09/04,1925,1979,1887,1896,24900,1896
2018/09/05,1915,1950,1903,1926,22200,1926
2018/09/06,1930,1930,1856,1867,16100,1867
2018/09/07,1860,1861,1835,1853,8900,1853
2018/09/10,1868,1902,1868,1892,9000,1892
2018/09/11,1892,1951,1892,1922,13700,1922
2018/09/12,1922,1922,1860,1882,10200,1882
2018/09/13,1871,1909,1861,1869,10500,1869
2018/09/14,1865,1900,1865,1894,21400,1894
2018/09/18,1910,1974,1897,1950,20400,1950
2018/09/19,1970,1970,1942,1964,16400,1964
2018/09/20,1957,1957,1935,1945,13700,1945
2018/09/21,1945,1983,1869,1961,38000,1961
2018/09/25,1999,2028,1963,2005,54000,2005
2018/09/26,1993,2004,1962,2002,20700,2002
2018/09/27,2002,2002,1942,1945,14100,1945
2018/09/28,1950,1974,1928,1938,11800,1938
2018/10/01,1971,1971,1934,1955,7600,1955
2018/10/02,1958,1967,1938,1944,12200,1944
2018/10/03,1937,1937,1871,1871,20000,1871
2018/10/04,1875,1903,1852,1899,15800,1899
2018/10/05,1891,1927,1871,1901,17400,1901
2018/10/09,1878,1878,1808,1833,20900,1833
2018/10/10,1850,1878,1811,1830,13500,1830
2018/10/11,1813,1817,1690,1690,35600,1690
2018/10/12,1698,1748,1683,1726,20400,1726
2018/10/15,1705,1709,1657,1658,25400,1658
2018/10/16,1665,1692,1664,1680,15500,1680
2018/10/17,1711,1748,1711,1728,11500,1728
2018/10/18,1728,1745,1695,1698,9400,1698
2018/10/19,1670,1709,1665,1700,8100,1700
2018/10/22,1681,1739,1681,1718,7100,1718
2018/10/23,1700,1722,1652,1655,13600,1655
2018/10/24,1662,1724,1662,1705,12800,1705
2018/10/25,1654,1654,1608,1610,20800,1610
2018/10/26,1643,1643,1558,1558,26100,1558
2018/10/30,1498,1620,1498,1600,24800,1600
2018/11/01,1620,1631,1590,1597,23800,1597
2018/11/02,1608,1671,1604,1628,23800,1628
2018/11/05,1610,1634,1606,1607,13300,1607
2018/11/06,1612,1617,1573,1579,20100,1579
2018/11/07,1579,1649,1579,1604,14400,1604
2018/11/08,1642,1655,1630,1637,8500,1637
2018/11/09,1630,1650,1615,1627,6500,1627
2018/11/12,1644,1648,1621,1626,8200,1626
2018/11/13,1591,1595,1574,1587,13900,1587
2018/11/14,1581,1590,1535,1537,13900,1537
2018/11/15,1519,1555,1519,1546,6400,1546
2018/11/16,1548,1553,1518,1521,7500,1521
