Date,Open,Hight,Low,Close,Volume,Adj Close
1993/07/06,2880,3100,2880,3080,4806998,1912.4
1993/07/07,3130,3170,3030,3050,1481999,1893.8
1993/07/08,3000,3060,3000,3010,417000,1869
1993/07/09,3010,3050,3010,3030,337000,1881.4
1993/07/12,3050,3080,3040,3070,156000,1906.2
1993/07/13,3050,3120,3050,3100,450000,1924.9
1993/07/14,3100,3100,3070,3090,234000,1918.7
1993/07/15,3090,3170,3070,3120,408000,1937.3
1993/07/16,3170,3190,3140,3150,449000,1955.9
1993/07/19,3170,3190,3130,3150,219000,1955.9
1993/07/20,3150,3270,3150,3260,859000,2024.2
1993/07/21,3260,3320,3260,3310,819000,2055.3
1993/07/22,3300,3370,3290,3330,581000,2067.7
1993/07/23,3290,3320,3270,3310,296000,2055.3
1993/07/26,3300,3300,3250,3280,112000,2036.6
1993/07/27,3270,3280,3250,3260,119000,2024.2
1993/07/28,3250,3360,3240,3360,253000,2086.3
1993/07/29,3350,3400,3340,3350,462000,2080.1
1993/07/30,3350,3350,3320,3340,119000,2073.9
1993/08/02,3340,3340,3280,3300,79000,2049
1993/08/03,3300,3320,3280,3280,80000,2036.6
1993/08/04,3290,3300,3270,3290,118000,2042.8
1993/08/05,3290,3310,3270,3290,220000,2042.8
1993/08/06,3340,3380,3290,3370,333000,2092.5
1993/08/09,3370,3370,3350,3360,83000,2086.3
1993/08/10,3360,3420,3350,3390,276000,2104.9
1993/08/11,3390,3410,3370,3400,158000,2111.1
1993/08/12,3400,3400,3360,3360,103000,2086.3
1993/08/13,3380,3450,3370,3390,196000,2104.9
1993/08/16,3390,3430,3390,3430,70000,2129.8
1993/08/17,3430,3440,3390,3430,72000,2129.8
1993/08/18,3430,3430,3310,3310,101000,2055.3
1993/08/19,3350,3360,3290,3290,88000,2042.8
1993/08/20,3340,3340,3280,3280,72000,2036.6
1993/08/23,3280,3350,3270,3290,23000,2042.8
1993/08/24,3300,3330,3300,3330,26000,2067.7
1993/08/25,3290,3330,3280,3330,45000,2067.7
1993/08/26,3330,3330,3300,3330,43000,2067.7
1993/08/27,3340,3400,3310,3380,66000,2098.7
1993/08/30,3430,3430,3350,3360,35000,2086.3
1993/08/31,3320,3360,3310,3360,29000,2086.3
1993/09/01,3400,3410,3360,3400,125000,2111.1
1993/09/02,3450,3550,3450,3550,424000,2204.3
1993/09/03,3600,3600,3500,3550,130000,2204.3
1993/09/06,3550,3550,3490,3550,120000,2204.3
1993/09/07,3530,3530,3470,3480,22000,2160.8
1993/09/08,3490,3550,3470,3550,106000,2204.3
1993/09/09,3500,3600,3500,3600,93000,2235.3
1993/09/10,3590,3750,3550,3690,134000,2291.2
1993/09/13,3690,3690,3620,3690,58000,2291.2
1993/09/14,3640,3670,3600,3660,65000,2272.6
1993/09/16,3680,3680,3600,3660,54000,2272.6
1993/09/17,3610,3650,3600,3610,25000,2241.5
1993/09/20,3610,3610,3550,3600,16000,2235.3
1993/09/21,3600,3650,3580,3600,39000,2235.3
1993/09/22,3590,3600,3550,3560,55000,2210.5
1993/09/24,3590,3670,3550,3650,86000,2266.4
1993/09/27,3600,3680,3600,3600,69000,2235.3
1993/09/28,3610,3830,3610,3810,295000,2365.7
1993/09/29,3770,3870,3740,3740,191000,2322.3
1993/09/30,3780,3810,3780,3810,79000,2365.7
1993/10/01,3800,3870,3790,3870,149000,2403
1993/10/04,3850,3870,3820,3820,104000,2371.9
1993/10/05,3850,3850,3740,3740,135000,2322.3
1993/10/06,3760,3800,3760,3760,95000,2334.7
1993/10/07,3800,3800,3760,3770,85000,2340.9
1993/10/08,3790,3840,3780,3800,44000,2359.5
1993/10/12,3850,3870,3830,3870,92000,2403
1993/10/13,3880,3940,3880,3890,171000,2415.4
1993/10/14,3890,3900,3860,3860,64000,2396.8
1993/10/15,3850,3850,3780,3780,36000,2347.1
1993/10/18,3830,3830,3780,3800,29000,2359.5
1993/10/19,3800,3800,3780,3780,37000,2347.1
1993/10/20,3810,3850,3810,3850,32000,2390.6
1993/10/21,3850,3850,3770,3770,34000,2340.9
1993/10/22,3800,3800,3780,3800,53000,2359.5
1993/10/25,3800,3800,3750,3760,23000,2334.7
1993/10/26,3750,3750,3610,3610,40000,2241.5
1993/10/27,3590,3640,3550,3600,35000,2235.3
1993/10/28,3650,3750,3650,3730,9000,2316
1993/10/29,3740,3800,3740,3800,26000,2359.5
1993/11/01,3800,3840,3780,3820,24000,2371.9
1993/11/02,3790,3830,3790,3800,36000,2359.5
1993/11/04,3800,3820,3780,3780,40000,2347.1
1993/11/05,3750,3760,3720,3750,27000,2328.5
1993/11/08,3750,3840,3750,3840,17000,2384.3
1993/11/09,3840,3840,3750,3770,28000,2340.9
1993/11/10,3790,3820,3780,3820,41000,2371.9
1993/11/11,3820,3920,3820,3910,78000,2427.8
1993/11/12,3920,3970,3910,3970,72000,2465.1
1993/11/15,3990,4000,3960,3980,40000,2471.3
1993/11/16,3970,4000,3960,4000,132000,2483.7
1993/11/17,4000,4000,3900,3950,120000,2452.6
1993/11/18,3990,4040,3990,4030,83000,2502.3
1993/11/19,4030,4030,3960,4000,21000,2483.7
1993/11/22,3990,4000,3750,3750,38000,2328.5
1993/11/24,3850,3920,3850,3900,43000,2421.6
1993/11/25,3880,3880,3850,3880,14000,2409.2
1993/11/26,3880,3880,3800,3800,11000,2359.5
1993/11/29,3750,3750,3650,3740,41000,2322.3
1993/11/30,3740,3800,3740,3760,30000,2334.7
1993/12/01,3860,3890,3860,3890,6000,2415.4
1993/12/02,3950,3950,3950,3950,13000,2452.6
1993/12/03,3950,3950,3800,3850,23000,2390.6
1993/12/06,3810,3810,3600,3660,41000,2272.6
1993/12/07,3660,3720,3660,3720,13000,2309.8
1993/12/08,3670,3720,3660,3720,12000,2309.8
1993/12/09,3770,3850,3770,3780,38000,2347.1
1993/12/10,3780,3800,3750,3790,46000,2353.3
1993/12/13,3780,3790,3750,3770,9000,2340.9
1993/12/14,3790,3810,3770,3770,10000,2340.9
1993/12/15,3770,3770,3740,3740,14000,2322.3
1993/12/16,3740,3750,3700,3710,30000,2303.6
1993/12/17,3710,3710,3710,3710,3000,2303.6
1993/12/20,3760,3760,3710,3710,7000,2303.6
1993/12/21,3690,3690,3550,3550,12000,2204.3
1993/12/22,3600,3620,3600,3600,8000,2235.3
1993/12/24,3550,3590,3550,3590,4000,2229.1
1993/12/27,3600,3630,3600,3600,11000,2235.3
1993/12/28,3610,3610,3610,3610,1000,2241.5
1993/12/29,3650,3650,3650,3650,2000,2266.4
1993/12/30,3650,3650,3640,3640,3000,2260.2
1994/01/04,3650,3660,3650,3660,7000,2272.6
1994/01/05,3660,3660,3660,3660,1000,2272.6
1994/01/06,3670,3750,3670,3750,5000,2328.5
1994/01/07,3750,3800,3750,3760,38000,2334.7
1994/01/10,3800,3800,3800,3800,5000,2359.5
1994/01/11,3800,3800,3760,3800,22000,2359.5
1994/01/12,3850,3850,3790,3790,4000,2353.3
1994/01/13,3800,3850,3800,3850,10000,2390.6
1994/01/14,3850,3850,3610,3680,130000,2285
1994/01/17,3690,3690,3570,3600,30000,2235.3
1994/01/18,3590,3600,3580,3580,33000,2222.9
1994/01/19,3590,3600,3580,3580,33000,2222.9
1994/01/20,3580,3580,3490,3490,39000,2167
1994/01/21,3500,3580,3500,3580,27000,2222.9
1994/01/24,3540,3550,3500,3500,30000,2173.2
1994/01/25,3550,3550,3500,3500,28000,2173.2
1994/01/26,3490,3570,3460,3550,26000,2204.3
1994/01/27,3560,3590,3560,3590,11000,2229.1
1994/01/28,3570,3600,3570,3600,22000,2235.3
1994/01/31,3670,3700,3670,3700,7000,2297.4
1994/02/01,3800,3800,3750,3760,27000,2334.7
1994/02/02,3790,3850,3790,3850,23000,2390.6
1994/02/03,3850,3900,3840,3840,63000,2384.3
1994/02/04,3830,3830,3800,3830,28000,2378.1
1994/02/07,3830,3830,3800,3810,30000,2365.7
1994/02/08,3810,3820,3780,3800,41000,2359.5
1994/02/09,3760,3800,3650,3650,50000,2266.4
1994/02/10,3600,3600,3400,3410,74000,2117.3
1994/02/14,3450,3450,3400,3420,67000,2123.6
1994/02/15,3370,3400,3350,3360,20000,2086.3
1994/02/16,3330,3430,3330,3350,49000,2080.1
1994/02/17,3340,3430,3340,3420,13000,2123.6
1994/02/18,3550,3650,3550,3650,14000,2266.4
1994/02/21,3650,3660,3650,3650,18000,2266.4
1994/02/22,3650,3700,3550,3560,55000,2210.5
1994/02/23,3260,3260,3200,3200,33000,2185.6
1994/02/24,3200,3300,3200,3250,44000,2219.8
1994/02/25,3400,3490,3400,3450,23000,2356.4
1994/02/28,3450,3460,3450,3450,19000,2356.4
1994/03/01,3450,3460,3450,3450,21000,2356.4
1994/03/02,3450,3450,3450,3450,2000,2356.4
1994/03/03,3420,3450,3420,3450,12000,2356.4
1994/03/07,3350,3350,3350,3350,2000,2288.1
1994/03/09,3350,3350,3350,3350,2000,2288.1
1994/03/10,3370,3370,3360,3360,3000,2294.9
1994/03/11,3410,3410,3380,3410,13000,2329.1
1994/03/14,3410,3450,3400,3400,14000,2322.3
1994/03/15,3400,3450,3380,3410,13000,2329.1
1994/03/16,3430,3450,3410,3450,17000,2356.4
1994/03/17,3450,3450,3430,3450,9000,2356.4
1994/03/18,3460,3490,3450,3490,23000,2383.7
1994/03/22,3490,3490,3490,3490,11000,2383.7
1994/03/23,3470,3470,3410,3410,22000,2329.1
1994/03/24,3410,3410,3410,3410,11000,2329.1
1994/03/25,3410,3450,3410,3450,16000,2356.4
1994/03/28,3490,3490,3430,3430,5000,2342.7
1994/03/30,3400,3400,3380,3390,22000,2315.4
1994/03/31,3390,3390,3390,3390,12000,2315.4
1994/04/01,3390,3440,3390,3440,4000,2349.6
1994/04/04,3450,3450,3410,3410,3000,2329.1
1994/04/05,3440,3440,3440,3440,3000,2349.6
1994/04/06,3440,3440,3440,3440,1000,2349.6
1994/04/07,3390,3400,3390,3400,6000,2322.3
1994/04/08,3370,3370,3350,3350,6000,2288.1
1994/04/11,3390,3390,3340,3350,10000,2288.1
1994/04/12,3400,3490,3400,3450,37000,2356.4
1994/04/13,3490,3500,3490,3490,14000,2383.7
1994/04/14,3500,3500,3470,3500,11000,2390.6
1994/04/15,3530,3530,3510,3510,7000,2397.4
1994/04/18,3500,3500,3470,3470,8000,2370.1
1994/04/19,3500,3500,3400,3400,13000,2322.3
1994/04/21,3400,3400,3400,3400,3000,2322.3
1994/04/22,3350,3350,3260,3300,27000,2254
1994/04/25,3290,3290,3260,3260,17000,2226.6
1994/04/26,3250,3250,3200,3200,41000,2185.6
1994/04/27,3200,3250,3200,3250,29000,2219.8
1994/04/28,3250,3250,3200,3250,30000,2219.8
1994/05/02,3240,3240,3170,3170,4000,2165.2
1994/05/06,3160,3250,3160,3250,11000,2219.8
1994/05/09,3200,3200,3200,3200,3000,2185.6
1994/05/10,3220,3230,3220,3220,19000,2199.3
1994/05/11,3230,3270,3230,3250,9000,2219.8
1994/05/12,3260,3270,3250,3250,13000,2219.8
1994/05/13,3250,3250,3250,3250,19000,2219.8
1994/05/16,3250,3250,3250,3250,1000,2219.8
1994/05/17,3300,3300,3300,3300,2000,2254
1994/05/18,3250,3280,3230,3230,12000,2206.1
1994/05/19,3210,3230,3150,3150,5000,2151.5
1994/05/20,3150,3180,3140,3160,12000,2158.3
1994/05/23,3150,3160,3110,3150,26000,2151.5
1994/05/24,3110,3180,3110,3150,19000,2151.5
1994/05/25,3170,3170,3150,3150,36000,2151.5
1994/05/26,3110,3130,3050,3100,49000,2117.3
1994/05/27,3100,3170,3100,3130,68000,2137.8
1994/05/30,3170,3170,3130,3170,8000,2165.2
1994/05/31,3170,3250,3170,3250,38000,2219.8
1994/06/01,3240,3300,3220,3300,37000,2254
1994/06/02,3350,3350,3300,3300,26000,2254
1994/06/03,3350,3420,3310,3320,76000,2267.6
1994/06/06,3370,3390,3330,3330,31000,2274.4
1994/06/07,3320,3320,3200,3200,35000,2185.6
1994/06/08,3220,3280,3210,3260,19000,2226.6
1994/06/09,3240,3310,3240,3300,22000,2254
1994/06/10,3350,3350,3300,3300,27000,2254
1994/06/14,3260,3280,3260,3260,9000,2226.6
1994/06/15,3270,3290,3270,3290,6000,2247.1
1994/06/16,3290,3290,3280,3280,3000,2240.3
1994/06/17,3270,3300,3270,3290,18000,2247.1
1994/06/20,3280,3310,3280,3280,34000,2240.3
1994/06/21,3250,3250,3210,3220,16000,2199.3
1994/06/22,3210,3210,3200,3200,13000,2185.6
1994/06/24,3230,3240,3210,3210,20000,2192.5
1994/06/27,3210,3220,3200,3210,34000,2192.5
1994/06/28,3210,3220,3200,3210,50000,2192.5
1994/06/29,3210,3210,3210,3210,14000,2192.5
1994/06/30,3200,3200,3150,3150,14000,2151.5
1994/07/01,3200,3240,3200,3240,6000,2213
1994/07/04,3280,3350,3240,3350,39000,2288.1
1994/07/05,3390,3490,3370,3450,182000,2356.4
1994/07/06,3500,3580,3490,3530,306000,2411
1994/07/07,3520,3520,3460,3470,78000,2370.1
1994/07/08,3520,3520,3460,3480,44000,2376.9
1994/07/11,3500,3500,3430,3460,16000,2363.2
1994/07/12,3470,3480,3470,3470,30000,2370.1
1994/07/13,3430,3500,3430,3500,67000,2390.6
1994/07/14,3500,3500,3460,3500,43000,2390.6
1994/07/15,3500,3500,3460,3480,16000,2376.9
1994/07/18,3480,3520,3480,3520,19000,2404.2
1994/07/19,3510,3510,3460,3460,2000,2363.2
1994/07/20,3490,3490,3460,3460,15000,2363.2
1994/07/21,3480,3480,3460,3460,5000,2363.2
1994/07/22,3490,3490,3450,3450,10000,2356.4
1994/07/25,3350,3350,3350,3350,5000,2288.1
1994/07/26,3400,3400,3350,3350,7000,2288.1
1994/07/27,3360,3360,3350,3350,5000,2288.1
1994/07/28,3300,3300,3290,3290,2000,2247.1
1994/07/29,3310,3310,3300,3300,6000,2254
1994/08/01,3310,3310,3300,3300,2000,2254
1994/08/02,3400,3400,3350,3400,5000,2322.3
1994/08/03,3450,3490,3450,3450,25000,2356.4
1994/08/04,3440,3440,3440,3440,8000,2349.6
1994/08/05,3430,3440,3430,3430,7000,2342.7
1994/08/08,3380,3380,3380,3380,2000,2308.6
1994/08/09,3390,3400,3390,3400,7000,2322.3
1994/08/10,3400,3400,3350,3350,20000,2288.1
1994/08/11,3350,3350,3330,3330,8000,2274.4
1994/08/12,3380,3380,3300,3300,15000,2254
1994/08/15,3310,3310,3310,3310,1000,2260.8
1994/08/16,3330,3340,3330,3340,4000,2281.3
1994/08/17,3370,3380,3350,3360,16000,2294.9
1994/08/18,3360,3380,3360,3370,42000,2301.8
1994/08/19,3360,3370,3310,3340,51000,2281.3
1994/08/22,3370,3370,3340,3360,8000,2294.9
1994/08/23,3410,3410,3410,3410,1000,2329.1
1994/08/24,3360,3400,3360,3400,9000,2322.3
1994/08/25,3440,3450,3400,3420,33000,2335.9
1994/08/26,3420,3420,3270,3270,4000,2233.5
1994/08/29,3320,3400,3320,3400,4000,2322.3
1994/08/30,3400,3400,3400,3400,4000,2322.3
1994/08/31,3400,3400,3400,3400,1000,2322.3
1994/09/01,3400,3400,3390,3390,8000,2315.4
1994/09/02,3390,3390,3350,3350,4000,2288.1
1994/09/05,3400,3420,3380,3400,39000,2322.3
1994/09/06,3400,3400,3380,3380,16000,2308.6
1994/09/07,3360,3360,3360,3360,2000,2294.9
1994/09/08,3340,3340,3330,3330,3000,2274.4
1994/09/09,3320,3320,3320,3320,2000,2267.6
1994/09/12,3320,3320,3290,3290,8000,2247.1
1994/09/13,2990,3030,2990,3030,74000,2069.5
1994/09/14,3080,3130,3050,3110,88000,2124.2
1994/09/16,3150,3150,3130,3150,34000,2151.5
1994/09/19,3150,3170,3150,3160,27000,2158.3
1994/09/20,3150,3160,3150,3160,26000,2158.3
1994/09/21,3150,3160,3130,3160,38000,2158.3
1994/09/22,3160,3160,3100,3110,47000,2124.2
1994/09/26,3110,3110,3060,3060,11000,2090
1994/09/27,3050,3060,3010,3020,29000,2062.7
1994/09/28,3010,3020,3010,3010,9000,2055.9
1994/09/29,3020,3020,3000,3000,26000,2049
1994/09/30,3100,3100,3050,3050,6000,2083.2
1994/10/03,3050,3050,3000,3010,13000,2055.9
1994/10/04,3020,3020,3010,3010,15000,2055.9
1994/10/05,2960,3000,2960,3000,16000,2049
1994/10/06,3010,3010,2990,2990,12000,2042.2
1994/10/07,2990,2990,2980,2980,16000,2035.4
1994/10/11,2980,2980,2960,2960,16000,2021.7
1994/10/12,2950,3000,2950,2990,12000,2042.2
1994/10/13,2990,3040,2990,3020,12000,2062.7
1994/10/14,3050,3050,3040,3050,9000,2083.2
1994/10/17,3050,3070,3040,3070,16000,2096.9
1994/10/18,3070,3080,3060,3080,10000,2103.7
1994/10/19,3070,3070,3040,3040,10000,2076.4
1994/10/20,3050,3050,3020,3040,30000,2076.4
1994/10/21,3040,3040,2960,3000,31000,2049
1994/10/24,3020,3020,3020,3020,11000,2062.7
1994/10/25,3020,3020,2990,3000,27000,2049
1994/10/26,3010,3040,3000,3030,13000,2069.5
1994/10/27,3020,3040,3010,3040,35000,2076.4
1994/10/28,3050,3100,3050,3070,18000,2096.9
1994/10/31,3070,3100,3070,3070,10000,2096.9
1994/11/01,3050,3060,3040,3050,14000,2083.2
1994/11/02,3050,3050,3010,3020,10000,2062.7
1994/11/04,3020,3040,3000,3000,25000,2049
1994/11/07,3000,3000,2980,2990,7000,2042.2
1994/11/08,2980,2990,2970,2980,18000,2035.4
1994/11/09,2950,2960,2950,2950,11000,2014.9
1994/11/10,2960,2970,2950,2950,12000,2014.9
1994/11/11,2950,2950,2930,2950,6000,2014.9
1994/11/14,2930,2940,2930,2930,9000,2001.2
1994/11/15,2950,2960,2950,2950,18000,2014.9
1994/11/16,2910,2920,2910,2920,5000,1994.4
1994/11/17,2910,2950,2910,2930,9000,2001.2
1994/11/18,2950,2950,2910,2930,8000,2001.2
1994/11/21,2910,2910,2900,2900,16000,1980.7
1994/11/22,2930,2930,2850,2850,26000,1946.6
1994/11/24,2800,2800,2770,2800,19000,1912.4
1994/11/25,2800,2840,2770,2800,10000,1912.4
1994/11/28,2880,2920,2870,2890,15000,1973.9
1994/11/29,2900,2900,2820,2820,15000,1926.1
1994/11/30,2820,2820,2820,2820,4000,1926.1
1994/12/01,2820,2820,2800,2820,13000,1926.1
1994/12/02,2890,2890,2830,2840,6000,1939.8
1994/12/05,2800,2840,2800,2830,6000,1932.9
1994/12/06,2820,2890,2820,2890,13000,1973.9
1994/12/07,2910,2950,2910,2920,16000,1994.4
1994/12/08,2930,2940,2910,2940,17000,2008.1
1994/12/09,2980,2980,2900,2920,34000,1994.4
1994/12/12,2900,2900,2870,2900,18000,1980.7
1994/12/13,2880,2880,2810,2810,8000,1919.3
1994/12/14,2820,2820,2780,2780,22000,1898.8
1994/12/15,2780,2780,2730,2730,17000,1864.6
1994/12/16,2720,2720,2700,2700,14000,1844.1
1994/12/19,2650,2650,2650,2650,35000,1810
1994/12/20,2650,2660,2650,2650,37000,1810
1994/12/21,2680,2710,2680,2710,11000,1851
1994/12/22,2750,2750,2730,2730,12000,1864.6
1994/12/26,2750,2800,2750,2800,20000,1912.4
1994/12/27,2810,2810,2760,2800,6000,1912.4
1994/12/28,2820,2820,2820,2820,1000,1926.1
1994/12/29,2820,2850,2820,2850,5000,1946.6
1994/12/30,2900,2940,2900,2930,12000,2001.2
1995/01/04,2930,2950,2930,2950,16000,2014.9
1995/01/05,2910,2910,2900,2900,7000,1980.7
1995/01/06,2890,2900,2860,2900,25000,1980.7
1995/01/09,2860,2860,2850,2850,5000,1946.6
1995/01/10,2850,2870,2820,2820,7000,1926.1
1995/01/11,2890,2890,2800,2800,9000,1912.4
1995/01/12,2840,2850,2830,2830,4000,1932.9
1995/01/13,2810,2830,2810,2830,25000,1932.9
1995/01/17,2900,2900,2850,2900,23000,1980.7
1995/01/18,2900,2900,2900,2900,7000,1980.7
1995/01/19,2860,2920,2860,2920,11000,1994.4
1995/01/20,2900,2900,2840,2840,11000,1939.8
1995/01/23,2810,2830,2780,2780,20000,1898.8
1995/01/24,2800,2800,2770,2800,24000,1912.4
1995/01/25,2800,2850,2800,2830,8000,1932.9
1995/01/26,2800,2830,2800,2830,14000,1932.9
1995/01/27,2820,2820,2690,2690,10000,1837.3
1995/01/30,2700,2710,2700,2710,3000,1851
1995/01/31,2710,2710,2690,2700,23000,1844.1
1995/02/01,2700,2700,2690,2690,8000,1837.3
1995/02/02,2700,2700,2650,2650,13000,1810
1995/02/03,2610,2610,2600,2600,7000,1775.8
1995/02/06,2560,2570,2560,2570,4000,1755.4
1995/02/07,2570,2570,2540,2540,7000,1734.9
1995/02/08,2510,2540,2500,2510,10000,1714.4
1995/02/09,2520,2530,2520,2530,6000,1728
1995/02/10,2550,2580,2550,2570,6000,1755.4
1995/02/13,2600,2650,2600,2650,7000,1810
1995/02/14,2610,2620,2610,2610,16000,1782.7
1995/02/15,2610,2610,2590,2590,7000,1769
1995/02/17,2590,2590,2540,2540,5000,1734.9
1995/02/20,2580,2580,2500,2540,14000,1734.9
1995/02/21,2580,2590,2550,2550,25000,1741.7
1995/02/22,2630,2740,2630,2700,39000,1844.1
1995/02/23,2390,2390,2360,2360,7000,1773.1
1995/02/24,2400,2400,2360,2360,3000,1773.1
1995/02/27,2260,2260,2260,2260,1000,1698
1995/02/28,2210,2210,2200,2200,4000,1652.9
1995/03/01,2160,2160,2160,2160,2000,1622.8
1995/03/02,2150,2170,2090,2100,11000,1577.8
1995/03/03,2020,2100,2020,2100,3000,1577.8
1995/03/06,2050,2060,2050,2060,4000,1547.7
1995/03/07,2050,2050,2050,2050,3000,1540.2
1995/03/09,2050,2050,2050,2050,1000,1540.2
1995/03/10,2020,2050,1990,1990,16000,1495.1
1995/03/13,1990,2000,1990,1990,10000,1495.1
1995/03/14,2000,2010,2000,2000,8000,1502.6
1995/03/15,2000,2010,2000,2010,19000,1510.1
1995/03/16,2020,2020,1950,1960,32000,1472.6
1995/03/17,1930,1930,1910,1910,8000,1435
1995/03/20,1930,1930,1890,1890,4000,1420
1995/03/22,1880,1890,1880,1890,3000,1420
1995/03/23,1860,1860,1800,1800,4000,1352.4
1995/03/24,1790,1790,1760,1790,12000,1344.9
1995/03/27,1760,1800,1760,1800,7000,1352.4
1995/03/28,1800,1900,1800,1900,16000,1427.5
1995/03/29,1930,1930,1910,1910,13000,1435
1995/03/30,1900,1920,1900,1900,13000,1427.5
1995/03/31,1930,1930,1890,1900,21000,1427.5
1995/04/04,1900,1930,1900,1930,4000,1450
1995/04/05,1900,1900,1900,1900,2000,1427.5
1995/04/10,1870,1870,1850,1850,4000,1389.9
1995/04/11,1800,1800,1800,1800,5000,1352.4
1995/04/12,1800,1820,1800,1820,7000,1367.4
1995/04/13,1850,1850,1820,1820,12000,1367.4
1995/04/14,1840,1840,1840,1840,10000,1382.4
1995/04/17,1830,1830,1830,1830,6000,1374.9
1995/04/18,1830,1840,1830,1840,10000,1382.4
1995/04/19,1840,1840,1840,1840,6000,1382.4
1995/04/20,1850,1940,1850,1940,23000,1457.6
1995/04/21,1910,1940,1880,1880,23000,1412.5
1995/04/24,1820,1820,1800,1800,21000,1352.4
1995/04/25,1770,1800,1770,1800,14000,1352.4
1995/04/26,1800,1800,1780,1780,8000,1337.3
1995/04/27,1800,1800,1800,1800,4000,1352.4
1995/04/28,1860,1860,1850,1850,5000,1389.9
1995/05/01,1850,1850,1830,1830,7000,1374.9
1995/05/02,1820,1860,1820,1860,10000,1397.5
1995/05/08,1860,1920,1860,1920,18000,1442.5
1995/05/09,1880,1920,1880,1920,10000,1442.5
1995/05/10,1850,1850,1840,1840,11000,1382.4
1995/05/11,1820,1840,1820,1840,18000,1382.4
1995/05/12,1800,1800,1780,1800,22000,1352.4
1995/05/15,1810,1810,1810,1810,47000,1359.9
1995/05/16,1810,1810,1800,1810,55000,1359.9
1995/05/17,1810,1820,1800,1810,35000,1359.9
1995/05/18,1800,1810,1800,1810,27000,1359.9
1995/05/19,1810,1820,1810,1820,13000,1367.4
1995/05/22,1820,1820,1810,1820,23000,1367.4
1995/05/23,1860,1860,1850,1860,8000,1397.5
1995/05/24,1870,1870,1860,1860,13000,1397.5
1995/05/25,1910,1910,1870,1870,18000,1405
1995/05/26,1890,1890,1890,1890,3000,1420
1995/05/29,1870,1880,1870,1880,6000,1412.5
1995/05/30,1890,1890,1880,1880,5000,1412.5
1995/05/31,1880,1890,1880,1880,13000,1412.5
1995/06/01,1900,1900,1880,1880,5000,1412.5
1995/06/02,1950,1950,1900,1900,23000,1427.5
1995/06/05,1890,1900,1890,1900,5000,1427.5
1995/06/06,1880,1940,1880,1930,11000,1450
1995/06/07,1930,2000,1900,2000,71000,1502.6
1995/06/08,1950,2010,1950,2000,13000,1502.6
1995/06/09,2000,2000,1930,1930,10000,1450
1995/06/12,1930,1930,1930,1930,6000,1450
1995/06/13,1940,1950,1930,1930,7000,1450
1995/06/14,1900,1930,1880,1880,9000,1412.5
1995/06/15,1880,1880,1850,1880,20000,1412.5
1995/06/16,1910,1910,1900,1900,2000,1427.5
1995/06/19,1950,1960,1940,1950,46000,1465.1
1995/06/20,2040,2060,2040,2060,27000,1547.7
1995/06/21,2050,2060,2030,2050,28000,1540.2
1995/06/22,2090,2090,2050,2050,5000,1540.2
1995/06/23,2040,2040,1950,1950,5000,1465.1
1995/06/26,1930,1950,1930,1930,6000,1450
1995/06/27,1990,1990,1990,1990,5000,1495.1
1995/06/28,2000,2000,1990,1990,7000,1495.1
1995/06/29,2030,2030,2020,2020,3000,1517.7
1995/06/30,2020,2030,2020,2020,9000,1517.7
1995/07/03,1980,2010,1980,1980,17500,1487.6
1995/07/04,1980,2000,1980,2000,11600,1502.6
1995/07/05,2000,2070,2000,2070,9300,1555.2
1995/07/06,2070,2070,2000,2070,10400,1555.2
1995/07/07,2070,2070,2030,2070,11700,1555.2
1995/07/10,2070,2100,2070,2100,29600,1577.8
1995/07/11,2070,2150,2060,2080,33500,1562.7
1995/07/12,2120,2120,2050,2050,21100,1540.2
1995/07/13,2050,2050,2020,2020,4400,1517.7
1995/07/14,2000,2000,2000,2000,3300,1502.6
1995/07/17,1960,1960,1960,1960,1000,1472.6
1995/07/18,1980,2100,1980,2090,11400,1570.3
1995/07/19,1980,2000,1980,2000,4400,1502.6
1995/07/20,1900,1920,1900,1920,5400,1442.5
1995/07/21,1930,1950,1930,1950,2100,1465.1
1995/07/24,2010,2010,1950,1970,8600,1480.1
1995/07/25,2000,2000,1910,1930,4700,1450
1995/07/26,1920,1920,1880,1900,28400,1427.5
1995/07/27,1920,1920,1900,1900,7700,1427.5
1995/07/28,1920,1920,1920,1920,300,1442.5
1995/07/31,1920,1920,1900,1910,37900,1435
1995/08/01,1920,1920,1900,1900,24000,1427.5
1995/08/02,1910,1920,1900,1900,10900,1427.5
1995/08/03,1900,1920,1900,1900,39800,1427.5
1995/08/04,1910,1910,1900,1910,4300,1435
1995/08/07,1910,1930,1910,1930,5300,1450
1995/08/08,1950,1950,1940,1950,5200,1465.1
1995/08/09,1960,1960,1950,1950,6400,1465.1
1995/08/10,1950,1960,1950,1950,36400,1465.1
1995/08/11,1950,1970,1950,1950,6200,1465.1
1995/08/14,1960,1970,1960,1960,16800,1472.6
1995/08/15,1990,2010,1970,2010,23100,1510.1
1995/08/16,2040,2080,2030,2050,65200,1540.2
1995/08/17,2080,2100,2070,2100,39600,1577.8
1995/08/18,2090,2150,2090,2150,20900,1615.3
1995/08/21,2200,2200,2150,2160,14100,1622.8
1995/08/22,2120,2160,2110,2150,4100,1615.3
1995/08/23,2110,2110,2110,2110,1300,1585.3
1995/08/24,2070,2110,2070,2080,4900,1562.7
1995/08/25,2080,2150,2080,2090,79300,1570.3
1995/08/28,2090,2090,2090,2090,2000,1570.3
1995/08/29,2100,2100,2100,2100,2900,1577.8
1995/08/30,2100,2120,2100,2120,5300,1592.8
1995/08/31,2110,2130,2100,2130,26700,1600.3
1995/09/01,2140,2200,2140,2200,15900,1652.9
1995/09/04,2160,2200,2160,2190,44400,1645.4
1995/09/05,2190,2200,2180,2190,39900,1645.4
1995/09/06,2200,2230,2190,2190,16400,1645.4
1995/09/07,2190,2200,2180,2200,17100,1652.9
1995/09/08,2200,2250,2180,2230,24800,1675.4
1995/09/11,2230,2280,2220,2230,37600,1675.4
1995/09/12,2260,2280,2260,2270,20100,1705.5
1995/09/13,2280,2280,2230,2260,48300,1698
1995/09/14,2250,2250,2160,2190,5000,1645.4
1995/09/18,2190,2220,2190,2200,52000,1652.9
1995/09/19,2220,2240,2200,2230,22400,1675.4
1995/09/20,2240,2280,2230,2240,8300,1683
1995/09/21,2240,2240,2220,2240,11900,1683
1995/09/22,2240,2240,2200,2240,27100,1683
1995/09/25,2300,2300,2260,2280,13200,1713
1995/09/26,2270,2280,2260,2280,4000,1713
1995/09/27,2280,2280,2200,2250,10000,1690.5
1995/09/28,2260,2300,2240,2260,12500,1698
1995/09/29,2300,2300,2290,2300,13900,1728
1995/10/02,2290,2300,2290,2300,3700,1728
1995/10/03,2290,2300,2290,2300,5400,1728
1995/10/04,2300,2300,2290,2290,6900,1720.5
1995/10/05,2330,2380,2330,2350,29100,1765.6
1995/10/06,2330,2350,2330,2340,18700,1758.1
1995/10/09,2340,2350,2340,2340,33900,1758.1
1995/10/11,2350,2540,2350,2510,140300,1885.8
1995/10/12,2470,2520,2440,2500,15000,1878.3
1995/10/13,2490,2500,2470,2490,32600,1870.8
1995/10/16,2490,2500,2480,2490,41700,1870.8
1995/10/17,2460,2500,2460,2470,12000,1855.8
1995/10/18,2470,2470,2430,2430,15800,1825.7
1995/10/19,2450,2480,2450,2480,11800,1863.3
1995/10/20,2480,2480,2450,2450,4600,1840.7
1995/10/23,2460,2460,2390,2400,10400,1803.2
1995/10/24,2400,2400,2330,2330,10300,1750.6
1995/10/25,2340,2380,2330,2360,12600,1773.1
1995/10/26,2360,2400,2350,2400,32600,1803.2
1995/10/27,2400,2500,2400,2500,6000,1878.3
1995/10/30,2490,2490,2440,2470,7400,1855.8
1995/10/31,2480,2500,2480,2480,14000,1863.3
1995/11/01,2480,2490,2470,2490,13000,1870.8
1995/11/02,2490,2530,2490,2510,13100,1885.8
1995/11/06,2500,2500,2470,2500,10000,1878.3
1995/11/07,2480,2510,2480,2510,14500,1885.8
1995/11/08,2490,2500,2490,2500,9900,1878.3
1995/11/09,2450,2460,2440,2440,2500,1833.2
1995/11/10,2440,2450,2430,2450,11900,1840.7
1995/11/13,2430,2430,2420,2430,8300,1825.7
1995/11/14,2390,2390,2360,2370,35200,1780.6
1995/11/15,2360,2360,2350,2350,7700,1765.6
1995/11/16,2330,2400,2330,2350,10700,1765.6
1995/11/17,2350,2380,2350,2380,13700,1788.1
1995/11/20,2420,2420,2380,2380,23600,1788.1
1995/11/21,2380,2400,2330,2330,13700,1750.6
1995/11/22,2430,2430,2350,2350,6200,1765.6
1995/11/24,2390,2430,2360,2430,8000,1825.7
1995/11/27,2450,2500,2430,2450,10400,1840.7
1995/11/28,2450,2460,2450,2450,6000,1840.7
1995/11/29,2450,2520,2450,2500,5500,1878.3
1995/11/30,2460,2520,2460,2520,14900,1893.3
1995/12/01,2490,2550,2490,2540,27700,1908.3
1995/12/04,2540,2550,2500,2550,28600,1915.9
1995/12/05,2550,2550,2510,2550,8000,1915.9
1995/12/06,2550,2560,2510,2560,18400,1923.4
1995/12/07,2560,2600,2560,2600,36000,1953.4
1995/12/08,2640,2700,2600,2640,17000,1983.5
1995/12/11,2700,2730,2640,2680,14300,2013.5
1995/12/12,2700,2700,2650,2650,39300,1991
1995/12/13,2700,2700,2630,2650,24600,1991
1995/12/14,2610,2700,2610,2660,21200,1998.5
1995/12/15,2660,2720,2660,2700,15200,2028.6
1995/12/18,2700,2750,2700,2750,25100,2066.1
1995/12/19,2750,2850,2750,2830,26600,2126.2
1995/12/20,2810,2950,2810,2950,79200,2216.4
1995/12/21,2850,2890,2830,2880,77100,2163.8
1995/12/22,2880,2900,2830,2890,22500,2171.3
1995/12/25,2860,2900,2860,2900,13500,2178.8
1995/12/26,2900,2940,2890,2900,35400,2178.8
1995/12/27,2900,2990,2900,2980,41900,2238.9
1995/12/28,2980,3000,2950,2990,37600,2246.4
1995/12/29,2970,2980,2960,2970,17800,2231.4
1996/01/04,2970,2980,2950,2970,12800,2231.4
1996/01/05,2970,2990,2870,2890,27700,2171.3
1996/01/08,2950,2950,2890,2930,16800,2201.4
1996/01/09,2950,2990,2940,2960,49100,2223.9
1996/01/10,3000,3170,3000,3070,121500,2306.5
1996/01/11,3070,3070,2980,3000,44500,2254
1996/01/12,3000,3070,3000,3030,53400,2276.5
1996/01/16,3030,3040,2980,3000,64200,2254
1996/01/17,3000,3020,3000,3010,84200,2261.5
1996/01/18,3000,3010,2980,2980,30000,2238.9
1996/01/19,2980,3000,2980,2990,21900,2246.4
1996/01/22,2990,3000,2970,3000,16800,2254
1996/01/23,2990,3000,2970,2980,21100,2238.9
1996/01/24,2940,2980,2900,2940,36000,2208.9
1996/01/25,2930,2930,2850,2850,36200,2141.3
1996/01/26,2850,2910,2850,2910,30200,2186.3
1996/01/29,2920,2930,2920,2930,12800,2201.4
1996/01/30,2920,2930,2900,2900,21300,2178.8
1996/01/31,2900,2930,2890,2920,19100,2193.8
1996/02/01,2920,2930,2890,2930,24900,2201.4
1996/02/02,2900,2960,2900,2960,24100,2223.9
1996/02/05,3000,3020,2960,3010,49000,2261.5
1996/02/06,2990,3180,2980,3150,122100,2366.6
1996/02/07,3140,3150,3010,3120,85800,2344.1
1996/02/08,3100,3110,3070,3100,60400,2329.1
1996/02/09,3100,3100,3080,3100,37400,2329.1
1996/02/13,3110,3130,3000,3000,45700,2254
1996/02/14,3130,3130,3090,3100,36800,2329.1
1996/02/15,3110,3130,3080,3090,30600,2321.6
1996/02/16,3090,3100,3080,3100,30600,2329.1
1996/02/19,3100,3130,3090,3110,38100,2336.6
1996/02/20,3110,3130,3080,3110,41700,2336.6
1996/02/21,3130,3160,3110,3110,57000,2336.6
1996/02/22,3130,3160,3110,3110,63800,2336.6
1996/02/23,3160,3190,3150,3170,67600,2381.7
1996/02/26,2750,2770,2680,2720,9700,2247.9
1996/02/27,2700,2750,2700,2710,25200,2239.7
1996/02/28,2710,2720,2690,2690,9100,2223.1
1996/02/29,2690,2690,2690,2690,2300,2223.1
1996/03/01,2650,2660,2600,2630,18700,2173.6
1996/03/04,2630,2630,2550,2550,14300,2107.4
1996/03/05,2550,2560,2520,2550,18500,2107.4
1996/03/06,2550,2590,2550,2590,11200,2140.5
1996/03/07,2600,2600,2500,2500,13800,2066.1
1996/03/08,2460,2510,2410,2500,19800,2066.1
1996/03/11,2450,2490,2450,2490,18600,2057.9
1996/03/12,2490,2510,2470,2510,7300,2074.4
1996/03/13,2500,2500,2490,2500,5800,2066.1
1996/03/14,2500,2500,2480,2490,8900,2057.9
1996/03/15,2450,2490,2440,2490,14400,2057.9
1996/03/18,2450,2500,2450,2500,12600,2066.1
1996/03/19,2500,2540,2500,2520,37900,2082.7
1996/03/21,2600,2670,2550,2650,12200,2190.1
1996/03/22,2650,2650,2590,2650,22000,2190.1
1996/03/25,2640,2690,2600,2620,18200,2165.3
1996/03/26,2600,2740,2590,2700,17100,2231.4
1996/03/27,2710,2780,2710,2770,12000,2289.3
1996/03/28,2770,2800,2770,2800,36300,2314.1
1996/03/29,2800,2800,2780,2800,22300,2314.1
1996/04/01,2800,2800,2720,2750,11800,2272.7
1996/04/02,2770,2770,2700,2770,7600,2289.3
1996/04/03,2700,2740,2680,2680,9400,2214.9
1996/04/04,2650,2650,2600,2630,11800,2173.6
1996/04/05,2620,2650,2600,2650,24400,2190.1
1996/04/08,2690,2730,2680,2690,7800,2223.1
1996/04/09,2660,2740,2660,2740,14600,2264.5
1996/04/10,2740,2780,2670,2760,13200,2281
1996/04/11,2760,2780,2700,2780,7900,2297.5
1996/04/12,2780,2800,2720,2800,12200,2314.1
1996/04/15,2800,2800,2780,2780,20600,2297.5
1996/04/16,2780,2780,2750,2750,11100,2272.7
1996/04/17,2710,2770,2710,2770,3700,2289.3
1996/04/18,2790,2790,2750,2750,4800,2272.7
1996/04/19,2750,2760,2700,2710,8300,2239.7
1996/04/22,2710,2710,2700,2700,6200,2231.4
1996/04/23,2740,2740,2700,2700,13400,2231.4
1996/04/24,2740,2750,2730,2730,14700,2256.2
1996/04/25,2730,2800,2720,2790,16200,2305.8
1996/04/26,2800,2850,2800,2850,29400,2355.4
1996/04/30,2830,2850,2810,2820,17800,2330.6
1996/05/01,2820,2850,2820,2830,16600,2338.8
1996/05/02,2840,2850,2820,2830,16600,2338.8
1996/05/07,2850,2940,2840,2900,57000,2396.7
1996/05/08,2900,2970,2890,2950,81500,2438
1996/05/09,2960,2970,2860,2900,48800,2396.7
1996/05/10,2900,2900,2810,2810,24500,2322.3
1996/05/13,2810,2830,2800,2800,5700,2314.1
1996/05/14,2820,2840,2810,2830,18800,2338.8
1996/05/15,2810,2870,2810,2840,17400,2347.1
1996/05/16,2880,2900,2860,2880,24100,2380.2
1996/05/17,2890,2900,2890,2900,28500,2396.7
1996/05/20,2900,2900,2860,2890,17400,2388.4
1996/05/21,2820,2900,2820,2900,26800,2396.7
1996/05/22,2880,2900,2850,2900,26700,2396.7
1996/05/23,2860,2900,2850,2900,8300,2396.7
1996/05/24,2900,2900,2860,2900,13900,2396.7
1996/05/27,2920,2920,2870,2890,16300,2388.4
1996/05/28,2890,2910,2890,2890,7500,2388.4
1996/05/29,2910,2920,2880,2920,38200,2413.2
1996/05/30,2920,2920,2910,2920,16300,2413.2
1996/05/31,2920,2940,2920,2940,53700,2429.8
1996/06/03,2950,2970,2940,2970,47500,2454.6
1996/06/04,2960,3010,2960,3000,94300,2479.3
1996/06/05,2990,3000,2920,2950,48100,2438
1996/06/06,2910,2960,2910,2930,32600,2421.5
1996/06/07,2900,2900,2850,2890,17300,2388.4
1996/06/10,2930,2970,2930,2940,21100,2429.8
1996/06/11,2980,2980,2940,2960,17400,2446.3
1996/06/12,2930,2960,2930,2960,7000,2446.3
1996/06/13,2990,3000,2960,2990,58700,2471.1
1996/06/14,2950,2960,2940,2950,12800,2438
1996/06/17,2910,2940,2900,2940,9500,2429.8
1996/06/18,2900,2950,2890,2940,10100,2429.8
1996/06/19,2860,2940,2850,2940,36400,2429.8
1996/06/20,2980,3000,2960,3000,36100,2479.3
1996/06/21,3000,3000,2970,2980,43200,2462.8
1996/06/24,2980,2990,2960,2980,15700,2462.8
1996/06/25,2990,3000,2950,2990,22500,2471.1
1996/06/26,2980,2980,2900,2950,32800,2438
1996/06/27,2950,2950,2890,2930,7900,2421.5
1996/06/28,2920,2940,2900,2920,25300,2413.2
1996/07/01,2980,3000,2940,2980,14000,2462.8
1996/07/02,3000,3040,2980,3000,54000,2479.3
1996/07/03,3000,3000,2950,2960,16500,2446.3
1996/07/04,2990,3000,2960,3000,9100,2479.3
1996/07/05,2990,3040,2960,3010,7100,2487.6
1996/07/08,3000,3000,2970,2990,4800,2471.1
1996/07/09,2970,3000,2950,2960,9300,2446.3
1996/07/10,3040,3040,2980,2980,25000,2462.8
1996/07/11,2980,3000,2980,2990,9700,2471.1
1996/07/12,2980,3000,2950,3000,14100,2479.3
1996/07/15,2950,3030,2940,3020,6100,2495.9
1996/07/16,2930,3010,2930,3010,13100,2487.6
1996/07/17,3000,3010,2990,3000,11700,2479.3
1996/07/18,3010,3070,3000,3060,47400,2528.9
1996/07/19,3080,3080,3000,3050,23600,2520.7
1996/07/22,3040,3040,2990,3010,35300,2487.6
1996/07/23,3000,3020,2980,2980,16400,2462.8
1996/07/24,2980,3050,2980,3010,13700,2487.6
1996/07/25,3000,3030,2990,3000,18200,2479.3
1996/07/26,3000,3050,3000,3020,15300,2495.9
1996/07/29,3020,3050,3010,3020,10300,2495.9
1996/07/30,3020,3060,3020,3060,16700,2528.9
1996/07/31,3080,3090,3060,3090,87300,2553.7
1996/08/01,3090,3090,3020,3070,82800,2537.2
1996/08/02,3080,3100,3080,3080,63700,2545.5
1996/08/05,3090,3090,3000,3040,29300,2512.4
1996/08/06,3050,3050,3010,3020,36600,2495.9
1996/08/07,3010,3020,2950,2950,40000,2438
1996/08/08,2970,2980,2960,2970,44400,2454.6
1996/08/09,3020,3030,2980,2980,42100,2462.8
1996/08/12,3020,3020,2950,2990,18700,2471.1
1996/08/13,3000,3000,2960,2970,7900,2454.6
1996/08/14,2970,3000,2960,2980,26800,2462.8
1996/08/15,3000,3040,2990,3040,19500,2512.4
1996/08/16,3000,3030,3000,3030,20100,2504.1
1996/08/19,3020,3040,2980,2980,141600,2462.8
1996/08/20,2990,3050,2980,3000,42700,2479.3
1996/08/21,3010,3010,2930,2940,82500,2429.8
1996/08/22,2940,2950,2920,2930,28300,2421.5
1996/08/23,2950,2960,2920,2930,12100,2421.5
1996/08/26,2940,2950,2900,2920,43800,2413.2
1996/08/27,2940,2950,2930,2930,28800,2421.5
1996/08/28,2950,2950,2930,2930,35400,2421.5
1996/08/29,2940,2960,2870,2900,105600,2396.7
1996/08/30,2860,2860,2690,2700,49800,2231.4
1996/09/02,2700,2780,2700,2770,3500,2289.3
1996/09/03,2780,2900,2770,2900,10300,2396.7
1996/09/04,2820,2930,2820,2930,6200,2421.5
1996/09/05,2930,2980,2880,2970,57600,2454.6
1996/09/06,2950,2950,2900,2900,8100,2396.7
1996/09/09,2900,2900,2890,2900,10300,2396.7
1996/09/10,2920,2940,2880,2910,8600,2405
1996/09/11,2910,2910,2840,2910,13900,2405
1996/09/12,2990,2990,2940,2940,8500,2429.8
1996/09/13,2990,2990,2940,2990,29700,2471.1
1996/09/17,3010,3020,2990,2990,23300,2471.1
1996/09/18,3000,3000,2990,3000,19500,2479.3
1996/09/19,2950,2980,2940,2980,26700,2462.8
1996/09/20,2980,2980,2950,2980,98500,2462.8
1996/09/24,2980,2990,2950,2950,17500,2438
1996/09/25,2990,3000,2960,3000,20200,2479.3
1996/09/26,3050,3050,3020,3050,37700,2520.7
1996/09/27,3050,3050,3020,3050,15600,2520.7
1996/09/30,3050,3100,3030,3100,15400,2562
1996/10/01,3100,3100,3050,3100,29500,2562
1996/10/02,3090,3090,3010,3050,53900,2520.7
1996/10/03,3050,3070,3050,3070,21000,2537.2
1996/10/04,3050,3050,3040,3040,15000,2512.4
1996/10/07,3040,3060,3000,3060,7300,2528.9
1996/10/08,3000,3000,3000,3000,2100,2479.3
1996/10/09,3000,3010,2990,3000,3600,2479.3
1996/10/11,3050,3050,2970,3000,15600,2479.3
1996/10/14,3000,3000,2960,3000,11400,2479.3
1996/10/15,3010,3030,2950,2950,17700,2438
1996/10/16,2990,3020,2990,3020,12900,2495.9
1996/10/17,3020,3020,3010,3010,16500,2487.6
1996/10/18,3010,3040,3010,3020,3900,2495.9
1996/10/21,3040,3040,3000,3000,4200,2479.3
1996/10/22,3000,3020,3000,3000,10000,2479.3
1996/10/23,3000,3040,2960,2970,42200,2454.6
1996/10/24,2960,2970,2960,2960,3600,2446.3
1996/10/25,2960,3000,2960,3000,7900,2479.3
1996/10/28,2960,2990,2960,2990,10000,2471.1
1996/10/29,2930,3000,2930,3000,7400,2479.3
1996/10/30,3000,3000,2970,2990,5400,2471.1
1996/10/31,2870,2900,2870,2890,12300,2388.4
1996/11/01,2970,2970,2910,2930,13800,2421.5
1996/11/05,2930,2930,2880,2890,1700,2388.4
1996/11/06,2890,2920,2890,2910,9500,2405
1996/11/07,2910,2930,2900,2900,21800,2396.7
1996/11/08,2860,2900,2850,2900,7300,2396.7
1996/11/11,2900,2900,2870,2870,10000,2371.9
1996/11/12,2860,2870,2860,2870,18900,2371.9
1996/11/13,2870,2890,2860,2860,8000,2363.6
1996/11/14,2820,2890,2820,2850,9200,2355.4
1996/11/15,2840,2850,2830,2840,2800,2347.1
1996/11/18,2850,2860,2840,2860,9800,2363.6
1996/11/19,2820,2840,2820,2830,4600,2338.8
1996/11/20,2820,2860,2810,2840,69400,2347.1
1996/11/21,2820,2840,2810,2810,24300,2322.3
1996/11/22,2810,2850,2810,2830,40100,2338.8
1996/11/25,2830,2870,2820,2850,57100,2355.4
1996/11/26,2850,2870,2850,2870,37100,2371.9
1996/11/27,2900,2940,2890,2900,32600,2396.7
1996/11/28,2900,2950,2900,2950,45400,2438
1996/11/29,2950,3010,2950,2980,28600,2462.8
1996/12/02,2980,3000,2920,2940,68900,2429.8
1996/12/03,2930,2940,2910,2910,12800,2405
1996/12/04,2910,2950,2910,2940,10200,2429.8
1996/12/05,2930,3030,2930,3000,66800,2479.3
1996/12/06,3000,3020,2980,3020,21500,2495.9
1996/12/09,3030,3040,3020,3030,16100,2504.1
1996/12/10,3050,3050,3000,3000,18900,2479.3
1996/12/11,2980,3020,2970,2980,21100,2462.8
1996/12/12,2980,2980,2960,2970,8600,2454.6
1996/12/13,2970,3010,2960,2980,39200,2462.8
1996/12/16,2980,2990,2950,2950,3200,2438
1996/12/17,2940,2970,2940,2970,4000,2454.6
1996/12/18,3000,3000,2970,2970,31700,2454.6
1996/12/19,2950,2960,2900,2900,11500,2396.7
1996/12/20,2900,2910,2840,2860,14500,2363.6
1996/12/24,2820,2850,2820,2820,7900,2330.6
1996/12/25,2850,2970,2820,2850,6100,2355.4
1996/12/26,2850,2890,2820,2860,16200,2363.6
1996/12/27,2840,2860,2840,2860,11400,2363.6
1996/12/30,2900,2900,2830,2830,2800,2338.8
1997/01/06,2800,2850,2800,2840,6600,2347.1
1997/01/07,2870,2930,2840,2900,22100,2396.7
1997/01/08,2900,3050,2900,2970,77100,2454.6
1997/01/09,2950,2990,2900,2900,42900,2396.7
1997/01/10,3000,3000,2910,2960,16900,2446.3
1997/01/13,2980,2990,2960,2990,29100,2471.1
1997/01/14,2950,2970,2930,2930,27400,2421.5
1997/01/16,2900,2950,2890,2890,30100,2388.4
1997/01/17,2890,3000,2890,3000,10100,2479.3
1997/01/20,3000,3000,2950,3000,15600,2479.3
1997/01/21,2950,3050,2950,3000,33100,2479.3
1997/01/22,2970,3000,2970,2980,29600,2462.8
1997/01/23,2960,2970,2920,2920,33300,2413.2
1997/01/24,2900,2920,2900,2920,46300,2413.2
1997/01/27,2970,3050,2960,3040,20700,2512.4
1997/01/28,2920,3040,2920,3040,24300,2512.4
1997/01/29,3040,3050,2990,2990,23600,2471.1
1997/01/30,2990,3050,2990,2990,3900,2471.1
1997/01/31,3050,3090,3050,3070,9900,2537.2
1997/02/03,3090,3350,3080,3250,51400,2686
1997/02/04,3230,3250,3200,3220,27100,2661.2
1997/02/05,3210,3210,3010,3080,34600,2545.5
1997/02/06,3150,3150,3100,3150,14200,2603.3
1997/02/07,3200,3250,3150,3250,15300,2686
1997/02/10,3240,3250,3150,3250,14300,2686
1997/02/12,3250,3290,3250,3270,18900,2702.5
1997/02/13,3290,3300,3280,3280,64000,2710.7
1997/02/14,3340,3400,3330,3380,69500,2793.4
1997/02/17,3430,3450,3400,3430,55400,2834.7
1997/02/18,3430,3430,3400,3420,37800,2826.5
1997/02/19,3420,3430,3390,3410,49000,2818.2
1997/02/20,3420,3430,3400,3420,26700,2826.5
1997/02/21,3400,3420,3310,3320,41600,2743.8
1997/02/24,3320,3380,3290,3310,48400,2735.5
1997/02/25,2980,2980,2920,2930,23900,2663.6
1997/02/26,2930,3100,2930,3000,39400,2727.3
1997/02/27,3050,3100,3020,3090,55400,2809.1
1997/02/28,3080,3100,3060,3080,30900,2800
1997/03/03,3050,3090,3050,3050,10400,2772.7
1997/03/04,3050,3070,3020,3070,62500,2790.9
1997/03/05,3080,3100,3020,3100,35800,2818.2
1997/03/06,3080,3120,3030,3030,26500,2754.6
1997/03/07,3020,3040,3020,3040,9700,2763.6
1997/03/10,3040,3040,3020,3040,6700,2763.6
1997/03/11,3000,3100,3000,3050,14700,2772.7
1997/03/12,3000,3020,2950,2960,7200,2690.9
1997/03/13,2970,2970,2880,2970,55900,2700
1997/03/14,2970,2970,2960,2970,22100,2700
1997/03/17,3000,3010,2990,3000,17200,2727.3
1997/03/18,3010,3020,2990,3000,142200,2727.3
1997/03/19,3010,3050,3000,3050,135000,2772.7
1997/03/21,3050,3070,3000,3050,25800,2772.7
1997/03/24,3050,3060,3000,3050,121900,2772.7
1997/03/25,3060,3060,2950,2950,112500,2681.8
1997/03/26,2930,3000,2930,2930,15600,2663.6
1997/03/27,2980,3030,2980,2980,7000,2709.1
1997/03/28,2980,3140,2980,3140,13600,2854.6
1997/03/31,3150,3150,3100,3140,9300,2854.6
1997/04/01,2990,3100,2990,3050,52800,2772.7
1997/04/02,3050,3130,3040,3050,20600,2772.7
1997/04/03,3060,3090,3000,3050,74000,2772.7
1997/04/04,3050,3060,3040,3050,49300,2772.7
1997/04/07,3050,3060,3020,3050,70800,2772.7
1997/04/08,3010,3070,3010,3060,28900,2781.8
1997/04/09,3010,3060,2980,2980,31800,2709.1
1997/04/10,2990,2990,2980,2980,17200,2709.1
1997/04/11,2990,3020,2980,3020,18000,2745.5
1997/04/14,2970,2990,2860,2880,120200,2618.2
1997/04/15,2840,2900,2840,2900,62300,2636.4
1997/04/16,2920,2990,2920,2960,23200,2690.9
1997/04/17,2980,3050,2980,3020,41200,2745.5
1997/04/18,3040,3100,3030,3080,106000,2800
1997/04/21,3090,3090,3030,3080,41900,2800
1997/04/22,3080,3130,3080,3110,59200,2827.3
1997/04/23,3200,3300,3180,3250,51800,2954.6
1997/04/24,3240,3300,3190,3300,55700,3000
1997/04/25,3290,3300,3260,3260,25900,2963.6
1997/04/28,3200,3250,3150,3250,16400,2954.6
1997/04/30,3200,3290,3160,3210,30500,2918.2
1997/05/01,3290,3290,3250,3250,12600,2954.6
1997/05/02,3250,3430,3250,3430,33800,3118.2
1997/05/06,3430,3650,3400,3650,103500,3318.2
1997/05/07,3600,3630,3530,3540,79800,3218.2
1997/05/08,3490,3510,3450,3460,33300,3145.5
1997/05/09,3500,3580,3450,3580,46900,3254.6
1997/05/12,3480,3600,3460,3600,50100,3272.7
1997/05/13,3600,3700,3600,3600,102600,3272.7
1997/05/14,3590,3700,3550,3690,149000,3354.6
1997/05/15,3680,3680,3600,3670,150500,3336.4
1997/05/16,3620,3680,3620,3660,28600,3327.3
1997/05/19,3680,3780,3650,3710,58100,3372.7
1997/05/20,3760,3780,3730,3770,52800,3427.3
1997/05/21,3780,3900,3730,3730,106500,3390.9
1997/05/22,3750,3790,3710,3710,28400,3372.7
1997/05/23,3700,3750,3700,3720,21200,3381.8
1997/05/26,3710,3740,3650,3720,37100,3381.8
1997/05/27,3720,3760,3660,3670,14800,3336.4
1997/05/28,3660,3670,3620,3630,21300,3300
1997/05/29,3650,3650,3620,3630,22700,3300
1997/05/30,3650,3700,3600,3700,43600,3363.6
1997/06/02,3700,3750,3700,3750,11900,3409.1
1997/06/03,3750,3760,3700,3710,20700,3372.7
1997/06/04,3710,3770,3660,3720,27400,3381.8
1997/06/05,3760,3860,3760,3800,49400,3454.6
1997/06/06,3800,3830,3700,3700,20500,3363.6
1997/06/09,3800,3850,3710,3850,10000,3500
1997/06/10,3850,3930,3840,3900,65000,3545.5
1997/06/11,3860,3900,3860,3900,21000,3545.5
1997/06/12,3890,3900,3860,3860,17600,3509.1
1997/06/13,3850,3850,3710,3790,33900,3445.5
1997/06/16,3700,3900,3700,3900,39500,3545.5
1997/06/17,3800,3860,3780,3820,38000,3472.7
1997/06/18,3810,3900,3800,3860,59400,3509.1
1997/06/19,3860,4000,3860,3940,94800,3581.8
1997/06/20,3940,3950,3890,3910,21400,3554.6
1997/06/23,3910,3910,3860,3860,17200,3509.1
1997/06/24,3830,3850,3780,3820,21600,3472.7
1997/06/25,3900,3920,3870,3880,56200,3527.3
1997/06/26,3920,3950,3900,3900,37500,3545.5
1997/06/27,3920,3920,3830,3880,72400,3527.3
1997/06/30,3830,3900,3830,3900,21500,3545.5
1997/07/01,3860,3890,3830,3840,11100,3490.9
1997/07/02,3900,3920,3860,3880,13300,3527.3
1997/07/03,3860,3860,3790,3850,86300,3500
1997/07/04,3870,3870,3760,3830,6000,3481.8
1997/07/07,3780,3820,3750,3750,12500,3409.1
1997/07/08,3770,3800,3700,3730,92200,3390.9
1997/07/09,3680,3700,3600,3610,30700,3281.8
1997/07/10,3610,3670,3610,3660,47300,3327.3
1997/07/11,3680,3700,3640,3680,30400,3345.5
1997/07/14,3720,3820,3700,3720,50000,3381.8
1997/07/15,3800,3800,3770,3780,7600,3436.4
1997/07/16,3750,3800,3720,3780,34200,3436.4
1997/07/17,3830,3850,3780,3800,19500,3454.6
1997/07/18,3800,3810,3710,3750,17100,3409.1
1997/07/22,3700,3780,3680,3690,5800,3354.6
1997/07/23,3730,3730,3680,3680,29000,3345.5
1997/07/24,3710,3790,3690,3750,60000,3409.1
1997/07/25,3750,3770,3730,3750,26500,3409.1
1997/07/28,3730,3780,3720,3730,14000,3390.9
1997/07/29,3800,3830,3730,3750,22300,3409.1
1997/07/30,3750,3800,3750,3800,29400,3454.6
1997/07/31,3760,3780,3710,3750,16800,3409.1
1997/08/01,3800,3800,3680,3680,7800,3345.5
1997/08/04,3690,3690,3560,3620,8700,3290.9
1997/08/05,3570,3610,3550,3600,363400,3272.7
1997/08/06,3560,3640,3560,3630,31800,3300
1997/08/07,3640,3680,3640,3670,25200,3336.4
1997/08/08,3670,3670,3530,3660,21400,3327.3
1997/08/11,3690,3690,3530,3530,19500,3209.1
1997/08/12,3570,3580,3530,3560,9500,3236.4
1997/08/13,3560,3560,3510,3530,21000,3209.1
1997/08/14,3500,3530,3450,3490,19300,3172.7
1997/08/15,3490,3490,3340,3380,40800,3072.7
1997/08/18,3370,3370,3350,3350,17700,3045.5
1997/08/19,3360,3380,3350,3350,39900,3045.5
1997/08/20,3400,3450,3400,3450,33900,3136.4
1997/08/21,3550,3550,3450,3450,20600,3136.4
1997/08/22,3460,3460,3400,3400,14000,3090.9
1997/08/25,3400,3430,3390,3390,18100,3081.8
1997/08/26,3410,3450,3390,3440,43800,3127.3
1997/08/27,3390,3410,3390,3400,13900,3090.9
1997/08/28,3400,3430,3400,3400,3900,3090.9
1997/08/29,3400,3400,3350,3360,17600,3054.6
1997/09/01,3350,3360,3250,3250,14800,2954.6
1997/09/02,3250,3250,3060,3080,35600,2800
1997/09/03,3120,3300,3070,3070,47900,2790.9
1997/09/04,3150,3350,3150,3280,34400,2981.8
1997/09/05,3380,3540,3380,3520,32400,3200
1997/09/08,3530,3600,3480,3560,72600,3236.4
1997/09/09,3560,3570,3530,3560,40300,3236.4
1997/09/10,3520,3520,3480,3480,60600,3163.6
1997/09/11,3520,3560,3500,3550,64200,3227.3
1997/09/12,3500,3550,3430,3520,38700,3200
1997/09/16,3500,3520,3480,3500,68100,3181.8
1997/09/17,3460,3500,3400,3400,11600,3090.9
1997/09/18,3320,3320,3200,3220,9600,2927.3
1997/09/19,3220,3250,3200,3220,37300,2927.3
1997/09/22,3230,3390,3230,3370,18600,3063.6
1997/09/24,3370,3570,3370,3570,71600,3245.5
1997/09/25,3570,3580,3500,3530,23800,3209.1
1997/09/26,3520,3520,3450,3470,27500,3154.6
1997/09/29,3470,3480,3370,3400,17800,3090.9
1997/09/30,3350,3350,3230,3260,22200,2963.6
1997/10/01,3120,3180,3100,3180,63800,2890.9
1997/10/02,3180,3180,3100,3110,45000,2827.3
1997/10/03,3110,3210,3100,3150,26800,2863.6
1997/10/06,3200,3300,3200,3270,39300,2972.7
1997/10/07,3270,3400,3250,3360,66700,3054.6
1997/10/08,3460,3520,3450,3500,26900,3181.8
1997/10/09,3500,3500,3410,3500,33600,3181.8
1997/10/13,3550,3550,3380,3540,21400,3218.2
1997/10/14,3530,3550,3460,3550,45700,3227.3
1997/10/15,3540,3610,3460,3610,103600,3281.8
1997/10/16,3620,3650,3590,3650,28600,3318.2
1997/10/17,3620,3690,3590,3590,50700,3263.6
1997/10/20,3590,3610,3560,3570,31200,3245.5
1997/10/21,3570,3640,3570,3620,44600,3290.9
1997/10/22,3610,3670,3590,3670,39600,3336.4
1997/10/23,3610,3620,3450,3470,11700,3154.6
1997/10/24,3360,3500,3360,3500,11800,3181.8
1997/10/27,3470,3600,3410,3570,7500,3245.5
1997/10/28,3350,3450,3350,3450,7700,3136.4
1997/10/29,3450,3540,3370,3380,22200,3072.7
1997/10/30,3410,3410,3360,3360,9000,3054.6
1997/10/31,3350,3500,3340,3500,8200,3181.8
1997/11/04,3490,3500,3470,3470,6400,3154.6
1997/11/05,3460,3460,3420,3450,10500,3136.4
1997/11/06,3370,3370,3350,3350,15200,3045.5
1997/11/07,3310,3340,3270,3270,34600,2972.7
1997/11/10,3320,3320,3270,3320,18000,3018.2
1997/11/11,3280,3300,3210,3240,30700,2945.5
1997/11/12,3160,3180,3100,3170,29300,2881.8
1997/11/13,3100,3150,3100,3110,20500,2827.3
1997/11/14,3110,3140,3100,3100,9300,2818.2
1997/11/17,3550,3550,3400,3400,81500,3090.9
1997/11/18,3400,3620,3400,3600,79200,3272.7
1997/11/19,3550,3550,3450,3450,43700,3136.4
1997/11/20,3450,3500,3370,3380,18200,3072.7
1997/11/21,3400,3400,3360,3360,14100,3054.6
1997/11/25,2920,3010,2920,3000,62900,2727.3
1997/11/26,3100,3150,3020,3090,32900,2809.1
1997/11/27,3140,3200,3130,3200,12000,2909.1
1997/11/28,3250,3300,3250,3290,7100,2990.9
1997/12/01,3240,3400,3240,3330,4200,3027.3
1997/12/02,3350,3400,3240,3240,6200,2945.5
1997/12/03,3250,3250,3150,3160,6000,2872.7
1997/12/04,3110,3160,3100,3150,20000,2863.6
1997/12/05,3110,3200,3080,3150,41800,2863.6
1997/12/08,3150,3190,3050,3050,31700,2772.7
1997/12/09,3010,3100,3010,3100,24100,2818.2
1997/12/10,3250,3280,3160,3160,28600,2872.7
1997/12/11,3190,3200,3170,3170,12000,2881.8
1997/12/12,3160,3200,3060,3200,34000,2909.1
1997/12/15,3160,3220,3150,3220,16000,2927.3
1997/12/16,3150,3200,3110,3110,14600,2827.3
1997/12/17,3110,3350,3100,3300,36200,3000
1997/12/18,3300,3390,3300,3390,22500,3081.8
1997/12/19,3300,3300,3040,3300,40700,3000
1997/12/22,3290,3300,3210,3300,29900,3000
1997/12/24,3300,3300,3210,3300,14900,3000
1997/12/25,3300,3390,3200,3350,12200,3045.5
1997/12/26,3330,3330,3230,3300,1300,3000
1997/12/29,3200,3240,3200,3200,3500,2909.1
1997/12/30,3220,3380,3220,3370,8300,3063.6
1998/01/05,3360,3360,3250,3280,1700,2981.8
1998/01/06,3380,3380,3120,3200,7100,2909.1
1998/01/07,3200,3280,3160,3220,8300,2927.3
1998/01/08,3220,3290,3200,3200,31400,2909.1
1998/01/09,3200,3200,3130,3200,9300,2909.1
1998/01/12,3160,3200,3160,3200,7100,2909.1
1998/01/13,3200,3220,3190,3200,66900,2909.1
1998/01/14,3250,3250,3140,3150,22900,2863.6
1998/01/16,3150,3240,3150,3240,22600,2945.5
1998/01/19,3330,3340,3210,3290,10000,2990.9
1998/01/20,3340,3380,3330,3350,57800,3045.5
1998/01/21,3600,3630,3500,3590,77300,3263.6
1998/01/22,3550,3550,3510,3550,22800,3227.3
1998/01/23,3500,3540,3420,3540,34200,3218.2
1998/01/26,3530,3600,3500,3580,33900,3254.6
1998/01/27,3570,3570,3500,3520,17000,3200
1998/01/28,3570,3570,3520,3550,15100,3227.3
1998/01/29,3570,3600,3550,3560,29200,3236.4
1998/01/30,3560,3600,3550,3590,72300,3263.6
1998/02/02,3580,3640,3570,3620,21900,3290.9
1998/02/03,3600,3630,3530,3580,13400,3254.6
1998/02/04,3530,3540,3450,3480,15800,3163.6
1998/02/05,3480,3500,3340,3350,63200,3045.5
1998/02/06,3390,3400,3350,3350,30000,3045.5
1998/02/09,3400,3500,3390,3500,18300,3181.8
1998/02/10,3550,3560,3530,3540,56900,3218.2
1998/02/12,3510,3520,3250,3340,193000,3036.4
1998/02/13,3350,3400,3340,3400,27200,3090.9
1998/02/16,3400,3470,3400,3460,24200,3145.5
1998/02/17,3460,3470,3400,3440,60400,3127.3
1998/02/18,3450,3460,3400,3400,39600,3090.9
1998/02/19,3460,3460,3400,3400,18800,3090.9
1998/02/20,3400,3460,3400,3450,24400,3136.4
1998/02/23,3490,3540,3460,3500,62400,3181.8
1998/02/24,3250,3250,3150,3170,31800,3170
1998/02/25,3130,3250,3130,3210,20700,3210
1998/02/26,3200,3340,3200,3330,43800,3330
1998/02/27,3330,3380,3300,3360,24900,3360
1998/03/02,3350,3380,3340,3370,8900,3370
1998/03/03,3300,3360,3300,3360,11700,3360
1998/03/04,3310,3370,3310,3350,13200,3350
1998/03/05,3300,3300,3280,3290,17700,3290
1998/03/06,3270,3280,3210,3210,13900,3210
1998/03/09,3220,3260,3200,3200,16800,3200
1998/03/10,3280,3290,3210,3290,9200,3290
1998/03/11,3300,3300,3210,3250,28100,3250
1998/03/12,3220,3240,3190,3190,40600,3190
1998/03/13,3170,3280,3170,3250,23200,3250
1998/03/16,3280,3280,3200,3220,5500,3220
1998/03/17,3210,3320,3200,3280,28000,3280
1998/03/18,3300,3310,3280,3300,31800,3300
1998/03/19,3200,3310,3200,3300,43800,3300
1998/03/20,3190,3230,3180,3190,14200,3190
1998/03/23,3140,3220,3140,3210,29500,3210
1998/03/24,3210,3220,3180,3200,39100,3200
1998/03/25,3200,3230,3180,3200,30200,3200
1998/03/26,3200,3220,3190,3220,36400,3220
1998/03/27,3250,3280,3210,3240,48100,3240
1998/03/30,3190,3200,3030,3050,38000,3050
1998/03/31,3050,3070,3010,3010,62200,3010
1998/04/01,3050,3140,3050,3080,51100,3080
1998/04/02,3080,3100,3050,3100,22800,3100
1998/04/03,3090,3090,2970,2980,37900,2980
1998/04/06,3010,3020,2970,2980,11300,2980
1998/04/07,2980,2980,2860,2940,90200,2940
1998/04/08,2950,3070,2950,3020,12500,3020
1998/04/09,3020,3090,3020,3090,23200,3090
1998/04/10,3130,3130,3060,3090,16700,3090
1998/04/13,3130,3130,2920,2960,81700,2960
1998/04/14,2960,2985,2940,2980,121700,2980
1998/04/15,2925,2950,2900,2900,49300,2900
1998/04/16,2910,2925,2870,2870,40100,2870
1998/04/17,2820,2840,2730,2800,87200,2800
1998/04/20,2810,2860,2810,2815,23900,2815
1998/04/21,2815,2880,2815,2880,41500,2880
1998/04/22,2815,2820,2760,2820,73100,2820
1998/04/23,2850,2900,2810,2810,25600,2810
1998/04/24,2770,2830,2765,2790,44200,2790
1998/04/27,2790,2790,2760,2780,21400,2780
1998/04/28,2755,2810,2750,2760,26700,2760
1998/04/30,2760,2830,2760,2830,13200,2830
1998/05/01,2870,2945,2830,2935,34800,2935
1998/05/06,2975,2975,2920,2955,43900,2955
1998/05/07,2875,2950,2860,2950,33200,2950
1998/05/08,2870,2900,2870,2900,7200,2900
1998/05/11,2900,2900,2820,2850,9200,2850
1998/05/12,2850,2850,2830,2830,17900,2830
1998/05/13,2790,2790,2735,2760,36900,2760
1998/05/14,2800,2860,2750,2830,19900,2830
1998/05/15,2790,2855,2790,2800,8000,2800
1998/05/18,2740,2800,2730,2765,26600,2765
1998/05/19,2800,2840,2790,2815,14200,2815
1998/05/20,2855,2860,2815,2820,40600,2820
1998/05/21,2790,2800,2750,2760,21900,2760
1998/05/22,2800,2800,2740,2745,30700,2745
1998/05/25,2750,2750,2730,2730,23300,2730
1998/05/26,2730,2795,2730,2750,14600,2750
1998/05/27,2790,2840,2755,2755,6900,2755
1998/05/28,2750,2750,2700,2740,47000,2740
1998/05/29,2740,2740,2695,2695,23800,2695
1998/06/01,2735,2740,2690,2690,27600,2690
1998/06/02,2690,2700,2670,2695,10800,2695
1998/06/03,2700,2700,2675,2680,15000,2680
1998/06/04,2685,2690,2665,2680,35100,2680
1998/06/05,2670,2670,2645,2650,33800,2650
1998/06/08,2635,2640,2565,2575,11800,2575
1998/06/09,2575,2590,2530,2535,33800,2535
1998/06/10,2535,2540,2430,2440,61500,2440
1998/06/11,2390,2400,2250,2335,69800,2335
1998/06/12,2300,2360,2280,2355,56000,2355
1998/06/15,2350,2490,2315,2385,21400,2385
1998/06/16,2410,2410,2370,2380,20000,2380
1998/06/17,2420,2490,2380,2440,33200,2440
1998/06/18,2550,2550,2500,2520,26000,2520
1998/06/19,2520,2520,2490,2515,26500,2515
1998/06/22,2535,2535,2450,2450,3200,2450
1998/06/23,2450,2450,2370,2400,24100,2400
1998/06/24,2405,2450,2400,2400,25200,2400
1998/06/25,2405,2405,2380,2385,24200,2385
1998/06/26,2400,2440,2395,2435,23000,2435
1998/06/29,2450,2500,2450,2500,16600,2500
1998/06/30,2505,2675,2505,2600,25400,2600
1998/07/01,2680,2700,2620,2675,33400,2675
1998/07/02,2755,2870,2725,2780,51400,2780
1998/07/03,2750,2775,2735,2750,51000,2750
1998/07/06,2735,2750,2730,2750,20500,2750
1998/07/07,2750,2870,2740,2865,58900,2865
1998/07/08,2865,2880,2850,2880,51900,2880
1998/07/09,2855,2855,2770,2800,6400,2800
1998/07/10,2880,2880,2760,2760,15000,2760
1998/07/13,2700,2800,2700,2800,17300,2800
1998/07/14,2800,2810,2780,2800,23900,2800
1998/07/15,2870,2870,2785,2785,26800,2785
1998/07/16,2800,2850,2785,2800,27100,2800
1998/07/17,2800,2840,2800,2830,7800,2830
1998/07/21,2870,2880,2830,2835,8800,2835
1998/07/22,2850,2880,2810,2850,39100,2850
1998/07/23,2850,2920,2810,2895,28200,2895
1998/07/24,2885,3050,2875,3050,33700,3050
1998/07/27,3000,3050,2830,2905,33500,2905
1998/07/28,2835,2905,2835,2905,9000,2905
1998/07/29,2850,2945,2850,2920,39200,2920
1998/07/30,2870,2950,2870,2950,6500,2950
1998/07/31,2950,2990,2940,2980,13200,2980
1998/08/03,2900,2965,2900,2965,14100,2965
1998/08/04,2920,2965,2920,2955,16800,2955
1998/08/05,2900,2910,2865,2865,11100,2865
1998/08/06,2880,2900,2865,2890,39100,2890
1998/08/07,2850,2940,2850,2940,17100,2940
1998/08/10,2950,2950,2900,2905,68800,2905
1998/08/11,2910,2910,2870,2870,8000,2870
1998/08/12,2830,2835,2790,2800,86900,2800
1998/08/13,2765,2800,2765,2775,25000,2775
1998/08/14,2740,2775,2735,2770,14100,2770
1998/08/17,2735,2735,2705,2720,19600,2720
1998/08/18,2800,2800,2715,2730,7800,2730
1998/08/19,2770,2850,2750,2785,5900,2785
1998/08/20,2780,2780,2780,2780,5300,2780
1998/08/21,2750,2800,2735,2800,18500,2800
1998/08/24,2805,2890,2805,2890,7200,2890
1998/08/25,2890,2910,2870,2900,55700,2900
1998/08/26,2900,2955,2900,2940,35700,2940
1998/08/27,2940,2970,2905,2960,53100,2960
1998/08/28,2680,2805,2680,2800,15700,2800
1998/08/31,2760,2800,2760,2775,47700,2775
1998/09/01,2640,2740,2640,2720,13500,2720
1998/09/02,2760,2760,2705,2705,13600,2705
1998/09/03,2700,2710,2690,2695,42400,2695
1998/09/04,2680,2685,2625,2650,48600,2650
1998/09/07,2645,2650,2625,2635,19600,2635
1998/09/08,2630,2635,2600,2600,18900,2600
1998/09/09,2600,2615,2515,2540,9900,2540
1998/09/10,2585,2620,2565,2565,24300,2565
1998/09/11,2580,2580,2520,2525,54500,2525
1998/09/14,2550,2580,2530,2550,77500,2550
1998/09/16,2590,2735,2590,2700,29400,2700
1998/09/17,2695,2700,2685,2695,17500,2695
1998/09/18,2695,2710,2655,2660,14300,2660
1998/09/21,2655,2705,2650,2700,10400,2700
1998/09/22,2715,2715,2575,2600,4900,2600
1998/09/24,2625,2640,2600,2640,6900,2640
1998/09/25,2645,2645,2600,2600,4100,2600
1998/09/28,2600,2700,2595,2690,6600,2690
1998/09/29,2700,2735,2580,2735,10500,2735
1998/09/30,2725,2840,2720,2800,17800,2800
1998/10/01,2690,2760,2500,2505,5600,2505
1998/10/02,2665,2665,2495,2495,23200,2495
1998/10/05,2505,2505,2475,2490,14500,2490
1998/10/06,2505,2625,2490,2500,11100,2500
1998/10/07,2495,2540,2495,2500,22700,2500
1998/10/08,2520,2555,2490,2540,20400,2540
1998/10/09,2580,2600,2540,2585,32700,2585
1998/10/12,2545,2675,2545,2600,28200,2600
1998/10/13,2600,2600,2500,2510,17600,2510
1998/10/14,2510,2550,2510,2525,7000,2525
1998/10/15,2660,2660,2580,2600,28700,2600
1998/10/16,2650,2800,2600,2740,151600,2740
1998/10/19,2770,2890,2765,2890,62200,2890
1998/10/20,2895,2970,2845,2970,83600,2970
1998/10/21,2940,2980,2885,2910,33300,2910
1998/10/22,2950,2960,2840,2840,40200,2840
1998/10/23,2900,2950,2885,2890,7100,2890
1998/10/26,2920,2950,2920,2940,24400,2940
1998/10/27,2870,2940,2870,2935,11800,2935
1998/10/28,2895,2960,2895,2960,14600,2960
1998/10/29,2920,2960,2890,2915,18900,2915
1998/10/30,2920,2980,2900,2930,40700,2930
1998/11/02,2910,2960,2910,2950,12400,2950
1998/11/04,2980,3020,2980,3010,46800,3010
1998/11/05,3020,3020,2990,2990,46000,2990
1998/11/06,3040,3040,2955,2990,29100,2990
1998/11/09,2980,2980,2935,2960,4400,2960
1998/11/10,2840,2890,2840,2855,15600,2855
1998/11/11,2880,2920,2865,2900,11100,2900
1998/11/12,2860,2920,2860,2880,48900,2880
1998/11/13,2880,2920,2880,2920,29700,2920
1998/11/16,2930,2950,2930,2940,11000,2940
1998/11/17,2970,2970,2940,2940,48000,2940
1998/11/18,2950,2980,2940,2950,38500,2950
1998/11/19,2970,2985,2940,2940,62100,2940
1998/11/20,2960,3010,2960,3000,46500,3000
1998/11/24,3100,3140,3050,3100,51300,3100
1998/11/25,3070,3110,3050,3110,59700,3110
1998/11/26,3060,3070,2970,3020,74800,3020
1998/11/27,3020,3030,2980,3010,10200,3010
1998/11/30,3030,3030,2975,2975,10100,2975
1998/12/01,2910,2930,2910,2920,11400,2920
1998/12/02,2920,2940,2905,2940,15000,2940
1998/12/03,2905,2935,2865,2910,11700,2910
1998/12/04,2860,2885,2860,2875,6700,2875
1998/12/07,2850,2970,2850,2970,5100,2970
1998/12/08,2970,2970,2940,2945,8200,2945
1998/12/09,2930,2940,2900,2940,18500,2940
1998/12/10,3020,3020,2900,2940,15200,2940
1998/12/11,2980,2980,2860,2890,18600,2890
1998/12/14,2860,2860,2840,2840,15100,2840
1998/12/15,2800,2825,2800,2800,25500,2800
1998/12/16,2880,2880,2800,2800,17300,2800
1998/12/17,2800,2845,2800,2800,13400,2800
1998/12/18,2805,2940,2805,2910,12200,2910
1998/12/21,2910,2990,2910,2935,17500,2935
1998/12/22,2935,2950,2900,2900,12700,2900
1998/12/24,2820,2860,2810,2810,9500,2810
1998/12/25,2810,2860,2810,2820,6800,2820
1998/12/28,2820,2890,2820,2850,5300,2850
1998/12/29,2810,2860,2810,2860,1800,2860
1998/12/30,2815,2940,2810,2940,4100,2940
1999/01/04,2820,2890,2820,2890,2100,2890
1999/01/05,2890,2890,2750,2755,10500,2755
1999/01/06,2755,2885,2755,2885,21000,2885
1999/01/07,2925,2940,2850,2900,11000,2900
1999/01/08,3020,3020,2825,2825,34200,2825
1999/01/11,2800,2880,2800,2870,4400,2870
1999/01/12,2960,2990,2860,2905,70600,2905
1999/01/13,2945,2945,2860,2900,53300,2900
1999/01/14,2900,2980,2890,2945,21300,2945
1999/01/18,2945,2945,2880,2900,4700,2900
1999/01/19,2990,2990,2950,2980,8800,2980
1999/01/20,2990,2990,2900,2990,5100,2990
1999/01/21,2980,2980,2915,2970,18800,2970
1999/01/22,2970,2980,2850,2900,25500,2900
1999/01/25,2950,2950,2915,2915,15900,2915
1999/01/26,2875,2900,2850,2870,20800,2870
1999/01/27,2850,2890,2850,2865,5500,2865
1999/01/28,2850,2885,2800,2850,12700,2850
1999/01/29,2980,2980,2850,2900,17500,2900
1999/02/01,2900,2950,2900,2940,12600,2940
1999/02/02,2950,2950,2930,2940,56600,2940
1999/02/03,2920,2940,2900,2930,13900,2930
1999/02/04,2910,2915,2850,2850,26300,2850
1999/02/05,2850,2850,2780,2800,26100,2800
1999/02/08,2790,2790,2760,2760,9700,2760
1999/02/09,2790,2800,2760,2765,8200,2765
1999/02/10,2845,2845,2650,2650,71800,2650
1999/02/12,2710,2730,2695,2695,40800,2695
1999/02/15,2695,2695,2640,2640,22200,2640
1999/02/16,2650,2730,2650,2720,22600,2720
1999/02/17,2740,2765,2650,2675,58000,2675
1999/02/18,2700,2740,2680,2690,22600,2690
1999/02/19,2710,2710,2690,2690,24300,2690
1999/02/22,2700,2795,2700,2795,102800,2795
1999/02/23,2790,2900,2780,2845,56600,2845
1999/02/24,2880,2990,2865,2975,117900,2975
1999/02/25,2965,2965,2810,2965,162400,2965
1999/02/26,2965,2970,2955,2960,33300,2960
1999/03/01,2910,2925,2810,2865,35600,2865
1999/03/02,2900,2900,2820,2820,5700,2820
1999/03/03,2740,2865,2740,2865,10200,2865
1999/03/04,2900,2900,2830,2830,7900,2830
1999/03/05,2840,2900,2840,2880,19300,2880
1999/03/08,2900,2915,2820,2820,24000,2820
1999/03/09,2850,2900,2800,2800,27500,2800
1999/03/10,2880,2880,2840,2865,19900,2865
1999/03/11,2900,2920,2870,2905,29400,2905
1999/03/12,2950,2950,2920,2940,37700,2940
1999/03/15,2905,2925,2900,2900,12500,2900
1999/03/16,2850,2940,2850,2925,18900,2925
1999/03/17,2845,2940,2845,2900,9400,2900
1999/03/18,2900,2930,2900,2900,17700,2900
1999/03/19,2940,2980,2900,2960,75500,2960
1999/03/23,2960,3020,2960,3020,52000,3020
1999/03/24,3020,3030,2920,2970,24800,2970
1999/03/25,3000,3030,2900,3020,32000,3020
1999/03/26,3080,3110,3000,3040,26500,3040
1999/03/29,3090,3240,3080,3130,55900,3130
1999/03/30,3200,3280,3160,3240,72400,3240
1999/03/31,3280,3440,3130,3400,131800,3400
1999/04/01,3360,3450,3300,3450,81300,3450
1999/04/02,3400,3440,3200,3270,22100,3270
1999/04/05,3280,3420,3240,3260,28200,3260
1999/04/06,3260,3260,3180,3260,71500,3260
1999/04/07,3110,3220,3110,3180,11900,3180
1999/04/08,3180,3350,3180,3200,32300,3200
1999/04/09,3350,3350,3200,3270,50600,3270
1999/04/12,3270,3320,3180,3180,29800,3180
1999/04/13,3250,3250,3160,3200,29200,3200
1999/04/14,3200,3200,3110,3150,21100,3150
1999/04/15,3200,3250,3150,3230,26300,3230
1999/04/16,3240,3300,3200,3300,36000,3300
1999/04/19,3290,3410,3200,3400,96500,3400
1999/04/20,3340,3420,3340,3360,59800,3360
1999/04/21,3400,3400,3280,3330,46000,3330
1999/04/22,3330,3360,3330,3360,18400,3360
1999/04/23,3380,3410,3330,3410,29300,3410
1999/04/26,3410,3450,3400,3400,18400,3400
1999/04/27,3400,3420,3310,3310,17800,3310
1999/04/28,3290,3320,3250,3310,43700,3310
1999/04/30,3280,3350,3260,3300,18200,3300
1999/05/06,3250,3300,3250,3300,23700,3300
1999/05/07,3280,3330,3280,3330,21100,3330
1999/05/10,3380,3380,3340,3360,27000,3360
1999/05/11,3390,3420,3390,3400,35300,3400
1999/05/12,3430,3430,3320,3360,46300,3360
1999/05/13,3390,3390,3310,3380,15000,3380
1999/05/14,3380,3400,3360,3380,27000,3380
1999/05/17,3350,3430,3350,3370,23900,3370
1999/05/18,3330,3350,3330,3350,29800,3350
1999/05/19,3310,3330,3310,3310,26400,3310
1999/05/20,3340,3340,3270,3300,22200,3300
1999/05/21,3250,3300,3250,3270,21600,3270
1999/05/24,3300,3300,3230,3250,21900,3250
1999/05/25,3240,3250,3220,3240,22400,3240
1999/05/26,3220,3220,3150,3190,26300,3190
1999/05/27,3160,3180,3140,3160,25700,3160
1999/05/28,3110,3150,3110,3120,29500,3120
1999/05/31,3120,3150,3110,3120,15300,3120
1999/06/01,3140,3200,3140,3200,63300,3200
1999/06/02,3250,3280,3250,3270,46100,3270
1999/06/03,3280,3280,3130,3210,43300,3210
1999/06/04,3270,3270,3220,3250,29600,3250
1999/06/07,3300,3300,3260,3280,31100,3280
1999/06/08,3300,3400,3280,3380,52500,3380
1999/06/09,3380,3380,3300,3300,17700,3300
1999/06/10,3300,3320,3260,3260,44000,3260
1999/06/11,3360,3390,3320,3320,37600,3320
1999/06/14,3350,3440,3350,3440,49200,3440
1999/06/15,3420,3440,3350,3390,42600,3390
1999/06/16,3390,3390,3350,3360,21800,3360
1999/06/17,3390,3390,3180,3320,23700,3320
1999/06/18,3450,3500,3400,3420,84800,3420
1999/06/21,3390,3450,3390,3450,20000,3450
1999/06/22,3450,3540,3430,3510,75600,3510
1999/06/23,3530,3800,3500,3680,98700,3680
1999/06/24,3660,3660,3410,3410,40500,3410
1999/06/25,3610,3610,3500,3540,18000,3540
1999/06/28,3510,3590,3510,3520,22800,3520
1999/06/29,3520,3520,3490,3500,11400,3500
1999/06/30,3500,3550,3420,3430,48500,3430
1999/07/01,3530,3550,3470,3500,16500,3500
1999/07/02,3500,3600,3500,3570,42700,3570
1999/07/05,3680,3790,3660,3710,62300,3710
1999/07/06,3750,3770,3650,3650,32800,3650
1999/07/07,3640,3690,3600,3600,36600,3600
1999/07/08,3550,3550,3430,3440,49900,3440
1999/07/09,3500,3500,3460,3480,30900,3480
1999/07/12,3500,3560,3480,3510,28000,3510
1999/07/13,3510,3510,3440,3440,21600,3440
1999/07/14,3450,3460,3440,3450,21800,3450
1999/07/15,3350,3540,3350,3490,22600,3490
1999/07/16,3440,3490,3380,3380,11300,3380
1999/07/19,3480,3500,3470,3470,9400,3470
1999/07/21,3490,3490,3400,3430,13400,3430
1999/07/22,3460,3460,3350,3370,7500,3370
1999/07/23,3350,3440,3300,3320,26100,3320
1999/07/26,3300,3330,3260,3260,12400,3260
1999/07/27,3260,3260,3230,3240,41000,3240
1999/07/28,3240,3240,3200,3200,18700,3200
1999/07/29,3200,3200,3140,3140,20600,3140
1999/07/30,3180,3180,3130,3140,23900,3140
1999/08/02,3190,3200,3160,3190,30500,3190
1999/08/03,3290,3350,3220,3300,26300,3300
1999/08/04,3330,3360,3330,3330,21000,3330
1999/08/05,3290,3290,3150,3180,20000,3180
1999/08/06,3200,3300,3200,3270,16100,3270
1999/08/09,3200,3240,3190,3190,35600,3190
1999/08/10,3240,3240,3200,3200,23000,3200
1999/08/11,3200,3200,3100,3100,21300,3100
1999/08/12,3180,3180,3140,3170,6700,3170
1999/08/13,3190,3190,3130,3130,14900,3130
1999/08/16,3150,3180,3100,3180,34900,3180
1999/08/17,3280,3280,3110,3200,15500,3200
1999/08/18,3100,3130,3090,3090,56600,3090
1999/08/19,3190,3260,3100,3250,29400,3250
1999/08/20,3250,3300,3240,3280,62400,3280
1999/08/23,3180,3330,3180,3270,14100,3270
1999/08/24,3170,3300,3170,3300,48400,3300
1999/08/25,3300,3310,3190,3300,17800,3300
1999/08/26,3340,3350,3250,3250,14400,3250
1999/08/27,3250,3250,3150,3150,25900,3150
1999/08/30,3200,3240,3160,3160,11300,3160
1999/08/31,3160,3170,3100,3150,24700,3150
1999/09/01,3160,3220,3100,3210,11100,3210
1999/09/02,3110,3210,3100,3120,10000,3120
1999/09/03,3100,3170,3100,3170,46000,3170
1999/09/06,3220,3220,3060,3060,24900,3060
1999/09/07,3100,3100,3050,3050,60800,3050
1999/09/08,3100,3100,2990,2990,31300,2990
1999/09/09,3020,3090,2990,2990,53700,2990
1999/09/10,3010,3020,2850,2855,72500,2855
1999/09/13,2905,3090,2900,3080,60100,3080
1999/09/14,3180,3180,3100,3150,27300,3150
1999/09/16,3150,3150,3020,3080,26400,3080
1999/09/17,3130,3200,3130,3190,31300,3190
1999/09/20,3290,3330,3220,3320,45200,3320
1999/09/21,3320,3330,3240,3310,42400,3310
1999/09/22,3200,3300,3150,3230,24800,3230
1999/09/24,3150,3230,3100,3150,21300,3150
1999/09/27,3300,3300,3200,3270,13000,3270
1999/09/28,3270,3290,3250,3270,13500,3270
1999/09/29,3270,3300,3110,3120,17200,3120
1999/09/30,3180,3240,3130,3150,12300,3150
1999/10/01,3150,3300,3150,3180,13300,3180
1999/10/04,3300,3320,3200,3250,15400,3250
1999/10/05,3280,3280,3210,3210,17000,3210
1999/10/06,3210,3210,3150,3150,6100,3150
1999/10/07,3120,3200,3100,3200,61900,3200
1999/10/08,3250,3250,3100,3150,22400,3150
1999/10/12,3230,3240,3140,3170,24500,3170
1999/10/13,3160,3180,3100,3130,9800,3130
1999/10/14,3100,3150,3000,3040,26500,3040
1999/10/15,3040,3070,3000,3010,43200,3010
1999/10/18,3090,3090,2950,2950,9100,2950
1999/10/19,3080,3080,3030,3060,10800,3060
1999/10/20,3160,3200,3160,3170,17500,3170
1999/10/21,3200,3250,3190,3220,53600,3220
1999/10/22,3100,3190,3100,3100,12700,3100
1999/10/25,3100,3150,3010,3050,20300,3050
1999/10/26,3050,3050,2960,2970,47500,2970
1999/10/27,2960,2970,2950,2955,14900,2955
1999/10/28,3040,3040,2960,2960,11800,2960
1999/10/29,2995,3000,2920,2920,45500,2920
1999/11/01,3000,3000,2940,2970,31100,2970
1999/11/02,3010,3100,3000,3050,21900,3050
1999/11/04,3100,3100,3040,3100,41800,3100
1999/11/05,3000,3150,2980,3150,33500,3150
1999/11/08,3100,3100,2955,3000,18400,3000
1999/11/09,3050,3100,3000,3100,20700,3100
1999/11/10,3100,3100,2970,3020,10900,3020
1999/11/11,3020,3030,2925,2925,20700,2925
1999/11/12,2950,2980,2920,2965,18100,2965
1999/11/15,2955,2975,2880,2905,30400,2905
1999/11/16,2880,2900,2765,2830,18700,2830
1999/11/17,2990,2990,2860,2955,17100,2955
1999/11/18,2985,2985,2925,2955,22400,2955
1999/11/19,2950,2950,2940,2945,11800,2945
1999/11/22,2950,2950,2870,2900,14400,2900
1999/11/24,2900,2900,2840,2880,36600,2880
1999/11/25,2850,2880,2765,2765,34400,2765
1999/11/26,2845,2850,2815,2820,19600,2820
1999/11/29,2850,2860,2800,2800,57200,2800
1999/11/30,2825,2880,2820,2830,28100,2830
1999/12/01,2630,2710,2620,2640,90400,2640
1999/12/02,2750,2780,2710,2730,26100,2730
1999/12/03,2800,2800,2670,2780,45500,2780
1999/12/06,2780,2830,2780,2790,31200,2790
1999/12/07,2820,2845,2780,2780,42700,2780
1999/12/08,2790,2815,2670,2730,26200,2730
1999/12/09,2740,2790,2700,2700,11200,2700
1999/12/10,2700,2805,2700,2805,35200,2805
1999/12/13,2805,2820,2770,2770,14700,2770
1999/12/14,2800,2810,2770,2770,9500,2770
1999/12/15,2755,2755,2700,2700,10300,2700
1999/12/16,2750,2790,2700,2715,19300,2715
1999/12/17,2680,2715,2680,2710,32000,2710
1999/12/20,2710,2740,2670,2700,34700,2700
1999/12/21,2720,2725,2700,2720,13200,2720
1999/12/22,2730,2750,2680,2690,14800,2690
1999/12/24,2725,2725,2680,2690,14300,2690
1999/12/27,2680,2690,2630,2640,21700,2640
1999/12/28,2670,2690,2640,2640,13100,2640
1999/12/29,2640,2650,2615,2645,16200,2645
1999/12/30,2650,2655,2620,2620,9800,2620
2000/01/04,2660,2700,2620,2650,14700,2650
2000/01/05,2670,2680,2650,2680,20300,2680
2000/01/06,2685,2700,2670,2690,36500,2690
2000/01/07,2690,2710,2670,2700,29300,2700
2000/01/11,3000,3000,2860,2860,60800,2860
2000/01/12,2980,3020,2900,2990,70400,2990
2000/01/13,3000,3000,2895,2895,41500,2895
2000/01/14,3000,3050,2950,2990,59200,2990
2000/01/17,3050,3050,2960,2980,26100,2980
2000/01/18,3000,3000,2900,2905,22500,2905
2000/01/19,2935,2935,2810,2935,35200,2935
2000/01/20,2900,2935,2850,2850,29400,2850
2000/01/21,2810,2895,2800,2800,31800,2800
2000/01/24,2860,2900,2830,2850,22200,2850
2000/01/25,2900,2920,2860,2920,22900,2920
2000/01/26,2920,2950,2895,2940,22400,2940
2000/01/27,2900,2940,2840,2850,22500,2850
2000/01/28,2810,2890,2810,2815,25500,2815
2000/01/31,2850,2920,2850,2920,17800,2920
2000/02/01,2940,2940,2890,2890,29000,2890
2000/02/02,2930,2940,2830,2830,37200,2830
2000/02/03,2850,2900,2840,2840,24500,2840
2000/02/04,2880,2900,2840,2840,23100,2840
2000/02/07,2850,2880,2785,2790,40800,2790
2000/02/08,2790,2800,2710,2720,37200,2720
2000/02/09,2710,2750,2665,2665,39300,2665
2000/02/10,2625,2650,2500,2550,87200,2550
2000/02/14,2400,2465,2210,2450,285900,2450
2000/02/15,2430,2430,2300,2335,99600,2335
2000/02/16,2400,2400,2330,2345,76600,2345
2000/02/17,2385,2395,2355,2375,47400,2375
2000/02/18,2395,2395,2360,2365,56100,2365
2000/02/21,2360,2375,2260,2260,86500,2260
2000/02/22,2265,2280,2160,2160,126500,2160
2000/02/23,2180,2200,2160,2200,115700,2200
2000/02/24,2220,2295,2220,2235,72000,2235
2000/02/25,2250,2250,2230,2250,64700,2250
2000/02/28,2270,2310,2270,2270,40500,2270
2000/02/29,2310,2315,2280,2295,68800,2295
2000/03/01,2335,2335,2275,2285,71200,2285
2000/03/02,2300,2320,2290,2305,38300,2305
2000/03/03,2300,2300,2270,2295,59000,2295
2000/03/06,2400,2460,2350,2420,125100,2420
2000/03/07,2450,2490,2370,2405,68500,2405
2000/03/08,2350,2390,2295,2355,43400,2355
2000/03/09,2370,2400,2340,2340,55200,2340
2000/03/10,2360,2380,2350,2380,76000,2380
2000/03/13,2390,2405,2350,2390,70500,2390
2000/03/14,2350,2375,2290,2340,50500,2340
2000/03/15,2350,2350,2220,2220,75700,2220
2000/03/16,2330,2370,2250,2370,142800,2370
2000/03/17,2420,2440,2365,2440,51500,2440
2000/03/21,2465,2480,2425,2445,24000,2445
2000/03/22,2430,2430,2380,2400,24100,2400
2000/03/23,2340,2385,2320,2340,18300,2340
2000/03/24,2400,2400,2325,2350,23800,2350
2000/03/27,2350,2400,2350,2390,21700,2390
2000/03/28,2430,2430,2350,2350,21700,2350
2000/03/29,2430,2440,2400,2430,19400,2430
2000/03/30,2440,2450,2400,2400,32900,2400
2000/03/31,2350,2400,2350,2395,24500,2395
2000/04/03,2400,2450,2390,2440,26900,2440
2000/04/04,2440,2440,2385,2405,20400,2405
2000/04/05,2400,2405,2380,2380,21000,2380
2000/04/06,2390,2390,2340,2340,35200,2340
2000/04/07,2375,2375,2310,2320,11200,2320
2000/04/10,2350,2380,2320,2380,53900,2380
2000/04/11,2310,2335,2300,2305,38400,2305
2000/04/12,2330,2350,2305,2350,23900,2350
2000/04/13,2375,2375,2330,2350,42400,2350
2000/04/14,2370,2375,2365,2375,31500,2375
2000/04/17,2330,2350,2315,2350,62000,2350
2000/04/18,2350,2350,2300,2340,37700,2340
2000/04/19,2340,2350,2290,2320,24800,2320
2000/04/20,2320,2450,2320,2420,72400,2420
2000/04/21,2450,2450,2350,2385,12800,2385
2000/04/24,2400,2430,2400,2420,64700,2420
2000/04/25,2420,2430,2410,2410,51400,2410
2000/04/26,2370,2410,2370,2385,20200,2385
2000/04/27,2380,2380,2300,2350,9700,2350
2000/04/28,2310,2330,2310,2320,19600,2320
2000/05/01,2360,2370,2345,2370,15700,2370
2000/05/02,2380,2410,2380,2410,29200,2410
2000/05/08,2385,2390,2340,2380,36500,2380
2000/05/09,2330,2380,2330,2360,18600,2360
2000/05/10,2400,2430,2385,2420,28600,2420
2000/05/11,2420,2420,2370,2375,15100,2375
2000/05/12,2400,2445,2400,2445,39200,2445
2000/05/15,2450,2520,2450,2500,42800,2500
2000/05/16,2540,2610,2520,2610,72000,2610
2000/05/17,2580,2600,2520,2565,30300,2565
2000/05/18,2540,2545,2485,2545,30100,2545
2000/05/19,2545,2550,2500,2550,18100,2550
2000/05/22,2550,2550,2490,2495,14400,2495
2000/05/23,2480,2510,2450,2500,21600,2500
2000/05/24,2350,2500,2350,2500,23900,2500
2000/05/25,2500,2520,2455,2465,21300,2465
2000/05/26,2455,2455,2400,2420,20300,2420
2000/05/29,2420,2450,2400,2415,16700,2415
2000/05/30,2410,2445,2380,2415,25900,2415
2000/05/31,2400,2400,2360,2365,28100,2365
2000/06/01,2400,2400,2355,2395,22100,2395
2000/06/02,2400,2400,2300,2310,40600,2310
2000/06/05,2350,2350,2310,2350,30700,2350
2000/06/06,2375,2400,2340,2340,47300,2340
2000/06/07,2380,2400,2350,2400,12400,2400
2000/06/08,2400,2400,2350,2360,10300,2360
2000/06/09,2385,2395,2360,2390,25200,2390
2000/06/12,2390,2415,2380,2400,16900,2400
2000/06/13,2390,2400,2350,2350,12100,2350
2000/06/14,2380,2390,2240,2290,36500,2290
2000/06/15,2330,2345,2300,2300,12000,2300
2000/06/16,2300,2345,2270,2290,19600,2290
2000/06/19,2290,2290,2265,2290,11700,2290
2000/06/20,2285,2330,2250,2285,25000,2285
2000/06/21,2260,2280,2255,2280,54300,2280
2000/06/22,2315,2320,2300,2305,25000,2305
2000/06/23,2280,2280,2240,2255,68500,2255
2000/06/26,2300,2310,2275,2285,16200,2285
2000/06/27,2320,2320,2310,2315,28000,2315
2000/06/28,2300,2320,2280,2280,38300,2280
2000/06/29,2280,2280,2230,2250,98300,2250
2000/06/30,2280,2285,2250,2275,51000,2275
2000/07/03,2300,2300,2285,2300,43400,2300
2000/07/04,2325,2350,2325,2345,33900,2345
2000/07/05,2370,2385,2365,2380,44600,2380
2000/07/06,2390,2395,2380,2395,27900,2395
2000/07/07,2400,2430,2390,2430,30500,2430
2000/07/10,2480,2480,2415,2425,25500,2425
2000/07/11,2450,2470,2435,2465,49000,2465
2000/07/12,2465,2480,2400,2420,20200,2420
2000/07/13,2420,2420,2365,2365,15600,2365
2000/07/14,2365,2400,2355,2355,12500,2355
2000/07/17,2360,2405,2360,2365,7600,2365
2000/07/18,2400,2400,2365,2365,8400,2365
2000/07/19,2365,2375,2340,2370,14800,2370
2000/07/21,2360,2390,2340,2345,8400,2345
2000/07/24,2340,2350,2305,2345,16100,2345
2000/07/25,2340,2380,2325,2375,11100,2375
2000/07/26,2375,2375,2300,2315,12400,2315
2000/07/27,2300,2310,2250,2280,11700,2280
2000/07/28,2300,2300,2260,2265,12400,2265
2000/07/31,2250,2290,2220,2265,30400,2265
2000/08/01,2220,2290,2220,2285,26700,2285
2000/08/02,2330,2340,2300,2340,13200,2340
2000/08/03,2340,2340,2310,2310,10600,2310
2000/08/04,2340,2410,2335,2400,28900,2400
2000/08/07,2400,2400,2350,2400,9600,2400
2000/08/08,2375,2375,2355,2375,9800,2375
2000/08/09,2350,2400,2345,2390,27400,2390
2000/08/10,2400,2400,2350,2350,17100,2350
2000/08/11,2400,2435,2395,2400,24400,2400
2000/08/14,2400,2420,2350,2400,8200,2400
2000/08/15,2400,2430,2395,2430,12400,2430
2000/08/16,2400,2400,2380,2390,9200,2390
2000/08/17,2385,2390,2340,2340,10700,2340
2000/08/18,2335,2370,2300,2340,33600,2340
2000/08/21,2375,2375,2330,2340,7900,2340
2000/08/22,2370,2400,2320,2400,16300,2400
2000/08/23,2400,2400,2350,2370,20900,2370
2000/08/24,2370,2400,2350,2370,34300,2370
2000/08/25,2395,2410,2380,2410,42200,2410
2000/08/28,2350,2380,2350,2350,4600,2350
2000/08/29,2350,2350,2300,2300,10800,2300
2000/08/30,2300,2330,2300,2325,6200,2325
2000/08/31,2350,2380,2325,2370,18900,2370
2000/09/01,2320,2320,2250,2275,16300,2275
2000/09/04,2280,2280,2250,2250,6900,2250
2000/09/05,2240,2250,2200,2200,13100,2200
2000/09/06,2200,2220,2200,2210,15100,2210
2000/09/07,2230,2270,2205,2235,18300,2235
2000/09/08,2255,2270,2200,2270,19400,2270
2000/09/11,2250,2250,2205,2205,4900,2205
2000/09/12,2205,2205,2105,2105,17900,2105
2000/09/13,2105,2150,2105,2150,13100,2150
2000/09/14,2120,2180,2115,2170,9200,2170
2000/09/18,2150,2150,2050,2060,27200,2060
2000/09/19,2060,2070,2040,2070,44000,2070
2000/09/20,2070,2080,2050,2070,56400,2070
2000/09/21,2050,2080,2050,2080,35700,2080
2000/09/22,2070,2070,2035,2035,14900,2035
2000/09/25,2080,2080,2040,2040,28700,2040
2000/09/26,2050,2065,2030,2040,19200,2040
2000/09/27,2050,2050,2035,2045,25100,2045
2000/09/28,2035,2040,2000,2000,13100,2000
2000/09/29,2050,2050,2000,2000,22900,2000
2000/10/02,2100,2100,2010,2040,14200,2040
2000/10/03,2060,2150,2060,2150,34500,2150
2000/10/04,2170,2200,2160,2190,17100,2190
2000/10/05,2230,2230,2200,2210,26200,2210
2000/10/06,2230,2240,2225,2230,20300,2230
2000/10/10,2245,2245,2210,2235,37200,2235
2000/10/11,2215,2260,2215,2255,18400,2255
2000/10/12,2250,2310,2250,2280,55000,2280
2000/10/13,2340,2340,2280,2295,89700,2295
2000/10/16,2330,2340,2320,2340,21900,2340
2000/10/17,2350,2350,2285,2300,32400,2300
2000/10/18,2250,2280,2195,2225,25100,2225
2000/10/19,2185,2315,2185,2315,33400,2315
2000/10/20,2250,2375,2250,2345,45200,2345
2000/10/23,2345,2345,2270,2310,30800,2310
2000/10/24,2310,2310,2260,2270,24400,2270
2000/10/25,2230,2290,2230,2290,13100,2290
2000/10/26,2250,2300,2250,2295,14900,2295
2000/10/27,2210,2290,2210,2270,6500,2270
2000/10/30,2240,2270,2240,2255,10500,2255
2000/10/31,2230,2235,2200,2230,21700,2230
2000/11/01,2200,2290,2200,2290,16300,2290
2000/11/02,2220,2290,2220,2280,7500,2280
2000/11/06,2280,2325,2280,2320,10100,2320
2000/11/07,2350,2350,2300,2305,14800,2305
2000/11/08,2290,2320,2250,2295,5000,2295
2000/11/09,2275,2340,2250,2305,18900,2305
2000/11/10,2340,2370,2300,2330,40100,2330
2000/11/13,2290,2325,2290,2325,8200,2325
2000/11/14,2250,2320,2250,2310,9100,2310
2000/11/15,2300,2335,2255,2255,3100,2255
2000/11/16,2265,2305,2260,2265,4600,2265
2000/11/17,2255,2295,2255,2260,3200,2260
2000/11/20,2220,2290,2220,2220,7400,2220
2000/11/21,2235,2245,2200,2245,15600,2245
2000/11/22,2200,2245,2200,2210,4800,2210
2000/11/24,2250,2250,2200,2220,13900,2220
2000/11/27,2240,2240,2220,2230,7400,2230
2000/11/28,2230,2260,2230,2250,32200,2250
2000/11/29,2230,2270,2210,2270,14800,2270
2000/11/30,2280,2330,2280,2330,30300,2330
2000/12/01,2290,2400,2290,2355,44600,2355
2000/12/04,2320,2340,2290,2315,11800,2315
2000/12/05,2315,2315,2260,2260,6100,2260
2000/12/06,2265,2290,2250,2250,4100,2250
2000/12/07,2240,2300,2220,2300,4000,2300
2000/12/08,2340,2340,2240,2245,24600,2245
2000/12/11,2265,2270,2255,2260,7500,2260
2000/12/12,2300,2305,2235,2240,21300,2240
2000/12/13,2230,2240,2200,2200,31200,2200
2000/12/14,2245,2250,2200,2200,8300,2200
2000/12/15,2150,2150,2120,2120,22800,2120
2000/12/18,2120,2180,2120,2180,7000,2180
2000/12/19,2180,2180,2100,2100,9300,2100
2000/12/20,2035,2065,2020,2020,30300,2020
2000/12/21,2020,2110,2000,2110,39400,2110
2000/12/22,2110,2110,2050,2050,14800,2050
2000/12/25,2100,2100,2065,2095,5500,2095
2000/12/26,2080,2100,2060,2095,17700,2095
2000/12/27,2060,2100,2060,2100,6400,2100
2000/12/28,2140,2140,2105,2130,7300,2130
2000/12/29,2130,2130,2055,2055,2400,2055
2001/01/04,2105,2105,2045,2045,6300,2045
2001/01/05,2110,2115,2050,2060,7800,2060
2001/01/09,2050,2090,2040,2090,21300,2090
2001/01/10,2110,2110,2060,2060,7100,2060
2001/01/11,2060,2060,1970,2000,17900,2000
2001/01/12,2000,2045,2000,2030,10200,2030
2001/01/15,2015,2050,2015,2025,19100,2025
2001/01/16,2070,2090,2050,2090,9300,2090
2001/01/17,2055,2080,2050,2065,5000,2065
2001/01/18,2070,2100,2060,2100,11500,2100
2001/01/19,2110,2240,2105,2180,23700,2180
2001/01/22,2135,2160,2100,2120,6800,2120
2001/01/23,2160,2170,2135,2170,7500,2170
2001/01/24,2160,2170,2150,2150,6200,2150
2001/01/25,2130,2180,2095,2095,8300,2095
2001/01/26,2075,2090,2075,2075,8200,2075
2001/01/29,2060,2100,2060,2100,10400,2100
2001/01/30,2120,2145,2065,2065,10200,2065
2001/01/31,2090,2095,2070,2075,5500,2075
2001/02/01,2075,2085,2065,2065,5300,2065
2001/02/02,2070,2100,2070,2095,16500,2095
2001/02/05,2075,2075,2065,2070,7600,2070
2001/02/06,2070,2070,2050,2060,11900,2060
2001/02/07,2060,2070,2055,2060,5700,2060
2001/02/08,2080,2080,2065,2065,11100,2065
2001/02/09,2105,2105,2050,2055,13500,2055
2001/02/13,2060,2070,2045,2055,18400,2055
2001/02/14,2060,2060,2045,2050,11400,2050
2001/02/15,2040,2050,2040,2045,12500,2045
2001/02/16,2050,2050,2030,2030,18200,2030
2001/02/19,2035,2050,2035,2050,7300,2050
2001/02/20,2070,2140,2060,2140,20800,2140
2001/02/21,2095,2095,2065,2095,7200,2095
2001/02/22,2095,2095,2070,2070,14400,2070
2001/02/23,2070,2180,2060,2180,16100,2180
2001/02/26,2100,2145,2090,2145,11900,2145
2001/02/27,2010,2090,1950,1986,42600,1986
2001/02/28,1987,2005,1987,2000,16100,2000
2001/03/01,1990,2000,1957,1980,12800,1980
2001/03/02,1940,1940,1850,1850,19200,1850
2001/03/05,1900,1920,1860,1866,11000,1866
2001/03/06,1900,1906,1861,1899,10700,1899
2001/03/07,1900,1905,1873,1887,12200,1887
2001/03/08,1875,1898,1860,1898,14100,1898
2001/03/09,1860,1860,1840,1850,49600,1850
2001/03/12,1850,1852,1800,1800,18900,1800
2001/03/13,1800,1800,1750,1780,13300,1780
2001/03/14,1800,1810,1752,1760,16900,1760
2001/03/15,1750,1751,1681,1749,13400,1749
2001/03/16,1798,1850,1788,1796,10600,1796
2001/03/19,1740,1780,1726,1735,13800,1735
2001/03/21,1720,1850,1720,1850,23700,1850
2001/03/22,1820,1830,1800,1830,15700,1830
2001/03/23,1800,1810,1761,1810,14400,1810
2001/03/26,1830,1899,1826,1899,37700,1899
2001/03/27,1900,1988,1900,1980,49700,1980
2001/03/28,2000,2010,1901,1901,28900,1901
2001/03/29,1901,1980,1901,1930,18200,1930
2001/03/30,1930,1960,1900,1900,9800,1900
2001/04/02,1851,1880,1831,1860,18300,1860
2001/04/03,1880,1930,1880,1930,10900,1930
2001/04/04,1900,1910,1875,1875,19000,1875
2001/04/05,1895,1903,1878,1879,27700,1879
2001/04/06,1890,1940,1890,1900,7900,1900
2001/04/09,1935,1935,1920,1920,15800,1920
2001/04/10,1980,1990,1920,1941,47200,1941
2001/04/11,1960,1960,1900,1900,37300,1900
2001/04/12,1870,1900,1851,1870,25500,1870
2001/04/13,1871,1879,1860,1869,17500,1869
2001/04/16,1870,1872,1865,1865,26900,1865
2001/04/17,1894,1894,1866,1873,14900,1873
2001/04/18,1870,1878,1850,1860,29500,1860
2001/04/19,1878,1936,1861,1898,89800,1898
2001/04/20,1898,1898,1880,1898,13600,1898
2001/04/23,1898,1900,1885,1885,27200,1885
2001/04/24,1885,1900,1866,1899,31000,1899
2001/04/25,1870,1885,1870,1874,23200,1874
2001/04/26,1898,1900,1880,1884,16500,1884
2001/04/27,1912,1915,1880,1881,11500,1881
2001/05/01,1911,1950,1903,1950,21700,1950
2001/05/02,2000,2000,1976,2000,38900,2000
2001/05/07,2020,2070,2015,2020,41900,2020
2001/05/08,2050,2085,2030,2045,25400,2045
2001/05/09,2085,2085,2040,2060,22900,2060
2001/05/10,2050,2060,2000,2025,28100,2025
2001/05/11,2025,2030,1990,1990,17900,1990
2001/05/14,1990,1990,1925,1930,21500,1930
2001/05/15,1930,1935,1890,1895,59800,1895
2001/05/16,1940,1950,1891,1891,73900,1891
2001/05/17,1935,1935,1900,1909,18800,1909
2001/05/18,1912,1920,1880,1884,40400,1884
2001/05/21,1905,1938,1905,1920,14600,1920
2001/05/22,1921,1937,1890,1890,19800,1890
2001/05/23,1920,1920,1880,1880,12300,1880
2001/05/24,1880,1889,1880,1884,20300,1884
2001/05/25,1920,1920,1884,1898,15600,1898
2001/05/28,1870,1900,1860,1860,27000,1860
2001/05/29,1860,1877,1851,1852,36200,1852
2001/05/30,1870,1873,1852,1852,19700,1852
2001/05/31,1852,1856,1815,1816,33200,1816
2001/06/01,1845,1885,1842,1845,36200,1845
2001/06/04,1880,1880,1850,1860,18800,1860
2001/06/05,1860,1880,1846,1854,18400,1854
2001/06/06,1873,1877,1855,1855,6700,1855
2001/06/07,1850,1875,1845,1875,34800,1875
2001/06/08,1875,1875,1850,1850,44300,1850
2001/06/11,1850,1860,1846,1846,15100,1846
2001/06/12,1846,1850,1810,1814,25900,1814
2001/06/13,1816,1877,1816,1840,25000,1840
2001/06/14,1838,1838,1815,1820,22300,1820
2001/06/15,1850,1850,1812,1813,21900,1813
2001/06/18,1849,1849,1805,1809,28300,1809
2001/06/19,1805,1815,1774,1774,40500,1774
2001/06/20,1774,1779,1735,1740,38900,1740
2001/06/21,1740,1743,1727,1730,51200,1730
2001/06/22,1733,1750,1732,1740,42600,1740
2001/06/25,1750,1785,1740,1755,58800,1755
2001/06/26,1750,1777,1740,1760,26300,1760
2001/06/27,1760,1790,1755,1790,21400,1790
2001/06/28,1798,1805,1760,1762,26800,1762
2001/06/29,1780,1810,1760,1791,22500,1791
2001/07/02,1810,1816,1770,1816,29800,1816
2001/07/03,1816,1820,1791,1800,14600,1800
2001/07/04,1830,1831,1818,1824,16300,1824
2001/07/05,1849,1849,1825,1825,19900,1825
2001/07/06,1848,1880,1826,1852,27000,1852
2001/07/09,1849,1850,1806,1845,18000,1845
2001/07/10,1900,1900,1850,1880,24500,1880
2001/07/11,1898,1898,1853,1865,13300,1865
2001/07/12,1851,1880,1851,1880,8800,1880
2001/07/13,1890,1890,1870,1870,5800,1870
2001/07/16,1841,1893,1841,1880,10000,1880
2001/07/17,1875,1875,1854,1855,3400,1855
2001/07/18,1855,1856,1795,1802,26400,1802
2001/07/19,1790,1793,1780,1793,19300,1793
2001/07/23,1800,1815,1745,1765,14300,1765
2001/07/24,1759,1800,1751,1800,17400,1800
2001/07/25,1761,1780,1760,1763,25600,1763
2001/07/26,1800,1801,1763,1777,16100,1777
2001/07/27,1770,1785,1765,1781,32900,1781
2001/07/30,1780,1780,1760,1767,56400,1767
2001/07/31,1779,1800,1779,1782,34200,1782
2001/08/01,1799,1881,1790,1881,37200,1881
2001/08/02,1879,1881,1841,1868,17400,1868
2001/08/03,1866,1880,1851,1851,13000,1851
2001/08/06,1880,1900,1851,1900,18400,1900
2001/08/07,1900,1930,1855,1910,26000,1910
2001/08/08,1920,1930,1882,1885,15200,1885
2001/08/09,1880,1881,1856,1860,9800,1860
2001/08/10,1880,1900,1862,1900,15400,1900
2001/08/13,1900,1901,1885,1885,56000,1885
2001/08/14,1900,1900,1880,1882,19700,1882
2001/08/15,1870,1882,1858,1865,19100,1865
2001/08/16,1850,1865,1841,1855,147000,1855
2001/08/17,1841,1871,1795,1795,49700,1795
2001/08/20,1800,1824,1799,1800,25600,1800
2001/08/21,1800,1840,1800,1834,86400,1834
2001/08/22,1835,1841,1811,1815,28600,1815
2001/08/23,1816,1842,1796,1798,23400,1798
2001/08/24,1780,1789,1768,1768,45700,1768
2001/08/27,1770,1790,1770,1776,39700,1776
2001/08/28,1780,1849,1780,1849,33300,1849
2001/08/29,1819,1840,1819,1825,32100,1825
2001/08/30,1820,1840,1800,1825,51400,1825
2001/08/31,1800,1829,1779,1790,22600,1790
2001/09/03,1800,1805,1780,1793,29400,1793
2001/09/04,1789,1800,1770,1800,33000,1800
2001/09/05,1760,1773,1751,1760,8200,1760
2001/09/06,1750,1751,1730,1739,13800,1739
2001/09/07,1735,1735,1710,1710,13600,1710
2001/09/10,1759,1760,1711,1740,44500,1740
2001/09/11,1738,1738,1690,1695,25600,1695
2001/09/12,1605,1660,1605,1610,17700,1610
2001/09/13,1600,1605,1571,1600,35900,1600
2001/09/14,1609,1650,1599,1599,39300,1599
2001/09/17,1599,1619,1550,1600,23900,1600
2001/09/18,1600,1680,1600,1655,11300,1655
2001/09/19,1655,1790,1655,1790,38200,1790
2001/09/20,1710,1719,1699,1703,43800,1703
2001/09/21,1493,1630,1493,1630,67800,1630
2001/09/25,1699,1699,1634,1660,23300,1660
2001/09/26,1690,1695,1676,1695,12300,1695
2001/09/27,1700,1740,1700,1740,11300,1740
2001/09/28,1730,1760,1720,1750,23700,1750
2001/10/01,1780,1830,1750,1823,33700,1823
2001/10/02,1810,1860,1792,1859,22400,1859
2001/10/03,1859,1859,1833,1839,15600,1839
2001/10/04,1850,1860,1846,1852,14700,1852
2001/10/05,1840,1841,1810,1825,12800,1825
2001/10/09,1825,1850,1824,1834,10100,1834
2001/10/10,1855,1860,1830,1860,20600,1860
2001/10/11,1870,1880,1861,1880,11500,1880
2001/10/12,1870,1880,1830,1834,25700,1834
2001/10/15,1781,1804,1767,1787,10400,1787
2001/10/16,1800,1804,1789,1800,36500,1800
2001/10/17,1769,1799,1721,1799,32400,1799
2001/10/18,1739,1748,1722,1731,16600,1731
2001/10/19,1731,1741,1711,1734,13100,1734
2001/10/22,1739,1769,1735,1752,11700,1752
2001/10/23,1756,1798,1756,1798,17500,1798
2001/10/24,1800,1800,1772,1772,19400,1772
2001/10/25,1800,1800,1749,1794,27100,1794
2001/10/26,1764,1800,1764,1789,10500,1789
2001/10/29,1770,1799,1750,1780,22000,1780
2001/10/30,1754,1795,1754,1795,7900,1795
2001/10/31,1773,1849,1773,1835,46800,1835
2001/11/01,1835,1835,1762,1766,24300,1766
2001/11/02,1771,1800,1771,1778,9800,1778
2001/11/05,1800,1815,1779,1815,20700,1815
2001/11/06,1783,1813,1780,1780,24800,1780
2001/11/07,1810,1815,1788,1815,28200,1815
2001/11/08,1800,1829,1795,1829,20900,1829
2001/11/09,1830,1830,1795,1800,29800,1800
2001/11/12,1800,1800,1790,1795,3600,1795
2001/11/13,1800,1817,1782,1817,29400,1817
2001/11/14,1800,1811,1799,1807,19400,1807
2001/11/15,1800,1801,1789,1800,14200,1800
2001/11/16,1781,1800,1772,1780,8500,1780
2001/11/19,1780,1786,1764,1765,6900,1765
2001/11/20,1769,1769,1745,1745,13100,1745
2001/11/21,1756,1756,1745,1756,22100,1756
2001/11/22,1756,1777,1751,1770,17000,1770
2001/11/26,1771,1783,1764,1781,15900,1781
2001/11/27,1790,1799,1750,1795,18800,1795
2001/11/28,1761,1789,1752,1755,7100,1755
2001/11/29,1751,1752,1725,1746,16500,1746
2001/11/30,1746,1747,1740,1740,12100,1740
2001/12/03,1740,1750,1700,1714,22500,1714
2001/12/04,1720,1800,1650,1800,20200,1800
2001/12/05,1773,1790,1723,1790,12900,1790
2001/12/06,1792,1800,1767,1799,25900,1799
2001/12/07,1789,1800,1765,1787,23300,1787
2001/12/10,1800,1800,1770,1798,24300,1798
2001/12/11,1781,1793,1770,1793,10200,1793
2001/12/12,1798,1799,1783,1790,9500,1790
2001/12/13,1799,1799,1790,1799,8000,1799
2001/12/14,1761,1790,1761,1777,32500,1777
2001/12/17,1765,1784,1763,1766,6100,1766
2001/12/18,1766,1798,1760,1798,10800,1798
2001/12/19,1738,1789,1738,1789,13000,1789
2001/12/20,1737,1769,1721,1769,20600,1769
2001/12/21,1741,1768,1736,1768,18200,1768
2001/12/25,1767,1770,1740,1770,11800,1770
2001/12/26,1770,1770,1751,1760,6900,1760
2001/12/27,1760,1780,1755,1780,9500,1780
2001/12/28,1780,1810,1780,1800,29100,1800
2002/01/04,1784,1785,1754,1784,2800,1784
2002/01/07,1754,1760,1753,1758,9600,1758
2002/01/08,1760,1760,1710,1721,15400,1721
2002/01/09,1721,1723,1700,1711,17900,1711
2002/01/10,1755,1755,1710,1710,10900,1710
2002/01/11,1720,1731,1705,1705,28900,1705
2002/01/15,1705,1718,1674,1674,15900,1674
2002/01/16,1673,1698,1662,1698,12800,1698
2002/01/17,1704,1709,1680,1702,14200,1702
2002/01/18,1680,1720,1676,1720,9700,1720
2002/01/21,1706,1721,1701,1721,12300,1721
2002/01/22,1729,1749,1710,1745,13100,1745
2002/01/23,1685,1718,1684,1699,10700,1699
2002/01/24,1698,1714,1692,1714,8300,1714
2002/01/25,1739,1739,1685,1689,15300,1689
2002/01/28,1680,1695,1670,1678,19000,1678
2002/01/29,1695,1697,1661,1662,11800,1662
2002/01/30,1660,1664,1649,1664,15100,1664
2002/01/31,1650,1673,1641,1673,20000,1673
2002/02/01,1650,1669,1629,1655,14400,1655
2002/02/04,1650,1650,1620,1620,6100,1620
2002/02/05,1601,1606,1560,1584,16100,1584
2002/02/06,1562,1579,1562,1579,7600,1579
2002/02/07,1580,1600,1576,1594,7400,1594
2002/02/08,1586,1634,1580,1580,33700,1580
2002/02/12,1590,1590,1578,1590,21200,1590
2002/02/13,1590,1600,1587,1590,54700,1590
2002/02/14,1594,1650,1590,1650,364800,1650
2002/02/15,1645,1669,1632,1669,32800,1669
2002/02/18,1670,1685,1670,1683,28000,1683
2002/02/19,1685,1688,1655,1679,46900,1679
2002/02/20,1653,1672,1653,1672,8200,1672
2002/02/21,1680,1729,1680,1729,17200,1729
2002/02/22,1734,1760,1710,1760,29200,1760
2002/02/25,1702,1718,1700,1712,10900,1712
2002/02/26,1703,1720,1681,1707,9000,1707
2002/02/27,1695,1750,1672,1750,15200,1750
2002/02/28,1720,1750,1707,1750,18000,1750
2002/03/01,1691,1700,1691,1700,9300,1700
2002/03/04,1740,1748,1732,1740,21000,1740
2002/03/05,1739,1747,1712,1716,20400,1716
2002/03/06,1720,1730,1702,1702,8500,1702
2002/03/07,1689,1721,1689,1720,14100,1720
2002/03/08,1700,1739,1700,1720,57500,1720
2002/03/11,1720,1746,1700,1720,22600,1720
2002/03/12,1746,1746,1700,1700,7500,1700
2002/03/13,1712,1725,1680,1680,19000,1680
2002/03/14,1680,1682,1646,1663,21200,1663
2002/03/15,1693,1693,1651,1655,16200,1655
2002/03/18,1655,1665,1655,1656,14100,1656
2002/03/19,1657,1684,1655,1684,17600,1684
2002/03/20,1680,1680,1656,1680,20100,1680
2002/03/22,1667,1673,1653,1673,29100,1673
2002/03/25,1686,1686,1650,1650,16900,1650
2002/03/26,1649,1649,1603,1621,20000,1621
2002/03/27,1630,1678,1630,1678,8400,1678
2002/03/28,1680,1680,1630,1659,15400,1659
2002/03/29,1659,1659,1610,1611,13700,1611
2002/04/01,1630,1630,1600,1613,19200,1613
2002/04/02,1613,1617,1600,1603,17100,1603
2002/04/03,1604,1619,1600,1607,17600,1607
2002/04/04,1608,1636,1608,1628,31500,1628
2002/04/05,1628,1629,1623,1623,13400,1623
2002/04/08,1627,1637,1601,1619,55000,1619
2002/04/09,1619,1625,1611,1613,23000,1613
2002/04/10,1615,1625,1613,1624,73300,1624
2002/04/11,1630,1648,1627,1635,34200,1635
2002/04/12,1650,1650,1620,1649,56600,1649
2002/04/15,1620,1635,1600,1635,43700,1635
2002/04/16,1636,1680,1628,1680,50000,1680
2002/04/17,1661,1667,1632,1654,14800,1654
2002/04/18,1660,1700,1660,1700,111300,1700
2002/04/19,1680,1681,1657,1678,71600,1678
2002/04/22,1680,1685,1651,1660,31500,1660
2002/04/23,1662,1663,1640,1660,29400,1660
2002/04/24,1650,1655,1641,1641,23900,1641
2002/04/25,1638,1648,1630,1640,20600,1640
2002/04/26,1645,1655,1638,1650,38800,1650
2002/04/30,1695,1695,1654,1660,34800,1660
2002/05/01,1660,1680,1650,1661,18600,1661
2002/05/02,1651,1678,1651,1652,15300,1652
2002/05/07,1653,1666,1650,1650,13300,1650
2002/05/08,1651,1678,1650,1650,16100,1650
2002/05/09,1658,1677,1650,1651,43900,1651
2002/05/10,1651,1665,1646,1651,46700,1651
2002/05/13,1651,1663,1645,1657,15300,1657
2002/05/14,1670,1673,1653,1662,11700,1662
2002/05/15,1677,1740,1677,1710,61900,1710
2002/05/16,1730,1788,1726,1788,72800,1788
2002/05/17,1828,1919,1819,1895,111700,1895
2002/05/20,1875,1952,1873,1945,99300,1945
2002/05/21,1946,1946,1910,1940,93600,1940
2002/05/22,1890,1945,1890,1900,46000,1900
2002/05/23,1900,1914,1882,1894,52600,1894
2002/05/24,1920,1920,1880,1920,33300,1920
2002/05/27,1950,1950,1920,1935,13700,1935
2002/05/28,1860,1870,1851,1870,43600,1870
2002/05/29,1870,1872,1800,1843,31900,1843
2002/05/30,1832,1833,1816,1820,10500,1820
2002/05/31,1803,1885,1803,1803,16600,1803
2002/06/03,1845,1858,1833,1837,16200,1837
2002/06/04,1838,1845,1806,1812,18900,1812
2002/06/05,1817,1850,1817,1833,21900,1833
2002/06/06,1833,1850,1815,1833,29700,1833
2002/06/07,1815,1869,1811,1851,36700,1851
2002/06/10,1899,1899,1836,1840,22600,1840
2002/06/11,1839,1894,1838,1890,16600,1890
2002/06/12,1830,1871,1810,1814,32400,1814
2002/06/13,1815,1830,1800,1801,14300,1801
2002/06/14,1861,1861,1807,1825,112700,1825
2002/06/17,1802,1832,1800,1802,24500,1802
2002/06/18,1800,1820,1781,1802,16000,1802
2002/06/19,1786,1813,1785,1785,18900,1785
2002/06/20,1785,1804,1782,1801,12500,1801
2002/06/21,1790,1800,1785,1787,10500,1787
2002/06/24,1787,1839,1785,1839,12800,1839
2002/06/25,1850,1852,1810,1839,18700,1839
2002/06/26,1800,1801,1785,1791,14600,1791
2002/06/27,1790,1824,1770,1777,13200,1777
2002/06/28,1781,1830,1781,1807,7000,1807
2002/07/01,1830,1848,1805,1807,9700,1807
2002/07/02,1805,1835,1800,1812,9600,1812
2002/07/03,1813,1860,1813,1858,19400,1858
2002/07/04,1840,1855,1825,1841,6100,1841
2002/07/05,1871,1886,1855,1870,24700,1870
2002/07/08,1870,1870,1800,1805,41800,1805
2002/07/09,1805,1864,1805,1864,23900,1864
2002/07/10,1900,1900,1837,1851,13900,1851
2002/07/11,1852,1852,1814,1817,10500,1817
2002/07/12,1826,1839,1812,1812,6500,1812
2002/07/15,1805,1815,1800,1800,13700,1800
2002/07/16,1785,1785,1759,1759,27100,1759
2002/07/17,1760,1784,1755,1784,15600,1784
2002/07/18,1812,1880,1772,1853,23300,1853
2002/07/19,1799,1826,1780,1780,16600,1780
2002/07/22,1752,1824,1752,1785,11800,1785
2002/07/23,1768,1800,1768,1799,10900,1799
2002/07/24,1770,1791,1750,1750,9500,1750
2002/07/25,1779,1800,1730,1730,16100,1730
2002/07/26,1750,1752,1700,1700,11200,1700
2002/07/29,1702,1724,1700,1700,11600,1700
2002/07/30,1747,1755,1741,1755,9500,1755
2002/07/31,1772,1772,1750,1750,3700,1750
2002/08/01,1749,1762,1741,1751,2400,1751
2002/08/02,1750,1750,1741,1746,9400,1746
2002/08/05,1769,1770,1736,1750,7300,1750
2002/08/06,1740,1749,1740,1747,3300,1747
2002/08/07,1740,1750,1723,1732,6600,1732
2002/08/08,1763,1774,1760,1760,11500,1760
2002/08/09,1838,1838,1786,1820,21500,1820
2002/08/12,1797,1811,1770,1770,7200,1770
2002/08/13,1741,1764,1730,1735,9500,1735
2002/08/14,1735,1749,1733,1746,10700,1746
2002/08/15,1746,1760,1730,1735,30500,1735
2002/08/16,1750,1762,1750,1761,11900,1761
2002/08/19,1750,1778,1733,1743,18200,1743
2002/08/20,1752,1760,1735,1760,15800,1760
2002/08/21,1740,1747,1715,1719,28000,1719
2002/08/22,1715,1727,1703,1726,59700,1726
2002/08/23,1739,1746,1735,1744,23400,1744
2002/08/26,1735,1769,1735,1768,31300,1768
2002/08/27,1721,1735,1715,1729,36500,1729
2002/08/28,1729,1740,1700,1740,24900,1740
2002/08/29,1755,1756,1707,1707,22500,1707
2002/08/30,1719,1730,1700,1730,10000,1730
2002/09/02,1700,1728,1700,1724,7500,1724
2002/09/03,1720,1720,1660,1660,19100,1660
2002/09/04,1661,1661,1610,1610,23800,1610
2002/09/05,1620,1636,1615,1628,27500,1628
2002/09/06,1625,1646,1621,1622,20200,1622
2002/09/09,1631,1645,1631,1645,7900,1645
2002/09/10,1669,1669,1625,1625,13200,1625
2002/09/11,1635,1670,1635,1660,9500,1660
2002/09/12,1670,1688,1660,1686,9700,1686
2002/09/13,1660,1677,1655,1677,63700,1677
2002/09/17,1679,1720,1679,1720,13500,1720
2002/09/18,1686,1717,1679,1717,14500,1717
2002/09/19,1720,1734,1696,1709,11500,1709
2002/09/20,1705,1740,1701,1740,21200,1740
2002/09/24,1730,1772,1712,1769,49300,1769
2002/09/25,1715,1733,1700,1716,15400,1716
2002/09/26,1717,1747,1716,1716,19400,1716
2002/09/27,1730,1747,1713,1717,19300,1717
2002/09/30,1716,1716,1651,1655,48700,1655
2002/10/01,1707,1707,1661,1706,15300,1706
2002/10/02,1706,1706,1672,1676,18400,1676
2002/10/03,1701,1704,1680,1684,10000,1684
2002/10/04,1680,1704,1675,1704,11100,1704
2002/10/07,1675,1700,1650,1655,12600,1655
2002/10/08,1656,1656,1643,1653,12200,1653
2002/10/09,1645,1694,1622,1641,36900,1641
2002/10/10,1630,1630,1550,1585,40900,1585
2002/10/11,1599,1631,1596,1630,19900,1630
2002/10/15,1603,1648,1603,1648,23800,1648
2002/10/16,1672,1680,1652,1659,16200,1659
2002/10/17,1675,1689,1638,1641,50600,1641
2002/10/18,1671,1671,1641,1647,12400,1647
2002/10/21,1643,1680,1643,1678,12200,1678
2002/10/22,1678,1678,1653,1657,8200,1657
2002/10/23,1678,1678,1632,1670,24100,1670
2002/10/24,1670,1670,1657,1669,19900,1669
2002/10/25,1675,1750,1651,1750,23200,1750
2002/10/28,1690,1700,1670,1700,11900,1700
2002/10/29,1671,1700,1671,1685,59000,1685
2002/10/30,1673,1690,1670,1678,76200,1678
2002/10/31,1670,1679,1645,1650,54700,1650
2002/11/01,1649,1651,1640,1650,26800,1650
2002/11/05,1655,1679,1650,1679,30400,1679
2002/11/06,1679,1698,1672,1683,16800,1683
2002/11/07,1661,1683,1661,1683,16300,1683
2002/11/08,1700,1700,1675,1700,16300,1700
2002/11/11,1699,1699,1668,1671,12300,1671
2002/11/12,1672,1679,1655,1670,18800,1670
2002/11/13,1670,1671,1649,1671,17700,1671
2002/11/14,1671,1677,1645,1648,28000,1648
2002/11/15,1664,1670,1633,1633,41900,1633
2002/11/18,1659,1659,1595,1639,29400,1639
2002/11/19,1644,1670,1622,1652,50700,1652
2002/11/20,1652,1668,1640,1656,22000,1656
2002/11/21,1660,1667,1630,1646,12300,1646
2002/11/22,1651,1660,1638,1660,15800,1660
2002/11/25,1698,1700,1668,1697,22000,1697
2002/11/26,1697,1701,1675,1696,15000,1696
2002/11/27,1689,1693,1680,1683,18800,1683
2002/11/28,1696,1729,1696,1717,21900,1717
2002/11/29,1734,1760,1720,1727,48700,1727
2002/12/02,1727,1728,1684,1684,24200,1684
2002/12/03,1685,1700,1680,1688,17800,1688
2002/12/04,1690,1702,1674,1674,22100,1674
2002/12/05,1675,1682,1675,1682,12100,1682
2002/12/06,1675,1684,1667,1672,17800,1672
2002/12/09,1672,1672,1656,1656,9000,1656
2002/12/10,1694,1694,1653,1679,29200,1679
2002/12/11,1672,1683,1670,1670,6500,1670
2002/12/12,1670,1671,1610,1619,36900,1619
2002/12/13,1581,1611,1581,1610,41200,1610
2002/12/16,1621,1632,1618,1618,8700,1618
2002/12/17,1620,1628,1611,1614,12500,1614
2002/12/18,1626,1627,1610,1610,6800,1610
2002/12/19,1610,1620,1603,1620,10500,1620
2002/12/20,1601,1648,1601,1636,16000,1636
2002/12/24,1603,1640,1602,1612,14500,1612
2002/12/25,1608,1639,1606,1619,10400,1619
2002/12/26,1621,1641,1621,1640,4400,1640
2002/12/27,1625,1650,1625,1650,10900,1650
2002/12/30,1649,1657,1635,1641,3800,1641
2003/01/06,1668,1688,1667,1688,5200,1688
2003/01/07,1698,1698,1644,1646,11800,1646
2003/01/08,1672,1672,1646,1648,7300,1648
2003/01/09,1641,1670,1640,1670,4600,1670
2003/01/10,1700,1700,1660,1672,14400,1672
2003/01/14,1695,1700,1685,1699,7500,1699
2003/01/15,1698,1699,1672,1698,11800,1698
2003/01/16,1695,1700,1689,1695,11200,1695
2003/01/17,1682,1728,1682,1706,14600,1706
2003/01/20,1706,1714,1695,1695,8200,1695
2003/01/21,1719,1725,1700,1716,14700,1716
2003/01/22,1715,1724,1699,1705,17600,1705
2003/01/23,1714,1723,1706,1720,10600,1720
2003/01/24,1720,1734,1710,1731,20800,1731
2003/01/27,1731,1744,1720,1728,14900,1728
2003/01/28,1720,1740,1720,1730,9200,1730
2003/01/29,1733,1733,1700,1713,16500,1713
2003/01/30,1713,1720,1710,1710,8300,1710
2003/01/31,1705,1755,1705,1750,30500,1750
2003/02/03,1735,1769,1721,1769,11800,1769
2003/02/04,1779,1798,1779,1790,28200,1790
2003/02/05,1733,1794,1733,1757,16900,1757
2003/02/06,1752,1758,1737,1753,22000,1753
2003/02/07,1753,1805,1753,1805,19500,1805
2003/02/10,1799,1800,1774,1799,22000,1799
2003/02/12,1799,1805,1790,1803,15300,1803
2003/02/13,1773,1805,1773,1795,25600,1795
2003/02/14,1795,1798,1788,1794,29600,1794
2003/02/17,1785,1801,1785,1799,33500,1799
2003/02/18,1798,1799,1790,1790,27100,1790
2003/02/19,1789,1799,1771,1776,32600,1776
2003/02/20,1770,1782,1757,1781,31400,1781
2003/02/21,1781,1784,1765,1775,32600,1775
2003/02/24,1780,1800,1768,1768,24300,1768
2003/02/25,1745,1747,1729,1729,13800,1729
2003/02/26,1729,1790,1729,1741,14700,1741
2003/02/27,1720,1747,1719,1739,16900,1739
2003/02/28,1739,1744,1720,1729,10500,1729
2003/03/03,1721,1741,1721,1741,9200,1741
2003/03/04,1741,1744,1732,1736,22900,1736
2003/03/05,1710,1730,1710,1717,19300,1717
2003/03/06,1719,1743,1717,1728,24600,1728
2003/03/07,1741,1741,1710,1710,20000,1710
2003/03/10,1739,1739,1710,1717,21000,1717
2003/03/11,1727,1728,1711,1711,8100,1711
2003/03/12,1711,1723,1710,1721,16200,1721
2003/03/13,1711,1747,1711,1719,24500,1719
2003/03/14,1798,1798,1743,1778,66800,1778
2003/03/17,1718,1778,1718,1775,67200,1775
2003/03/18,1769,1769,1736,1736,23800,1736
2003/03/19,1737,1745,1732,1740,25000,1740
2003/03/20,1741,1758,1741,1754,27200,1754
2003/03/24,1760,1788,1741,1785,28400,1785
2003/03/25,1779,1779,1741,1742,23400,1742
2003/03/26,1740,1750,1729,1740,29500,1740
2003/03/27,1721,1768,1721,1768,22300,1768
2003/03/28,1769,1789,1765,1789,28500,1789
2003/03/31,1780,1780,1731,1742,33100,1742
2003/04/01,1743,1744,1717,1725,19800,1725
2003/04/02,1726,1759,1724,1759,16200,1759
2003/04/03,1788,1800,1740,1740,20900,1740
2003/04/04,1770,1772,1742,1749,20300,1749
2003/04/07,1741,1779,1731,1770,31400,1770
2003/04/08,1779,1783,1759,1783,46200,1783
2003/04/09,1795,1850,1791,1835,81300,1835
2003/04/10,1856,1873,1850,1863,75600,1863
2003/04/11,1844,1873,1844,1867,49700,1867
2003/04/14,1867,1875,1852,1853,36600,1853
2003/04/15,1870,1894,1862,1885,74900,1885
2003/04/16,1915,1948,1907,1930,127100,1930
2003/04/17,1930,1930,1880,1884,48700,1884
2003/04/18,1885,1900,1861,1894,48900,1894
2003/04/21,1894,1915,1872,1915,28100,1915
2003/04/22,1916,1919,1871,1874,35900,1874
2003/04/23,1914,1935,1904,1919,23100,1919
2003/04/24,1920,1925,1900,1905,7800,1905
2003/04/25,1900,1924,1895,1912,36500,1912
2003/04/28,1915,1917,1911,1912,12900,1912
2003/04/30,1913,1931,1912,1912,23500,1912
2003/05/01,1902,1903,1889,1900,17200,1900
2003/05/02,1910,1920,1901,1918,20500,1918
2003/05/06,1925,1956,1899,1909,120900,1909
2003/05/07,1900,1908,1872,1883,40200,1883
2003/05/08,1871,1883,1865,1868,30600,1868
2003/05/09,1869,1886,1861,1885,64300,1885
2003/05/12,1890,1898,1890,1890,20300,1890
2003/05/13,1900,1923,1888,1916,31800,1916
2003/05/14,1897,1911,1890,1890,18300,1890
2003/05/15,1870,1882,1837,1843,35800,1843
2003/05/16,1843,1870,1825,1843,19000,1843
2003/05/19,1844,1844,1819,1825,25100,1825
2003/05/20,1820,1840,1820,1830,18400,1830
2003/05/21,1830,1831,1790,1790,50200,1790
2003/05/22,1790,1810,1787,1795,54500,1795
2003/05/23,1795,1813,1795,1806,50400,1806
2003/05/26,1820,1825,1750,1750,68100,1750
2003/05/27,1750,1750,1700,1704,114400,1704
2003/05/28,1734,1734,1705,1707,76500,1707
2003/05/29,1707,1714,1681,1711,66300,1711
2003/05/30,1720,1744,1715,1740,47000,1740
2003/06/02,1755,1755,1735,1735,78400,1735
2003/06/03,1736,1753,1735,1746,28700,1746
2003/06/04,1755,1759,1749,1753,43600,1753
2003/06/05,1755,1766,1735,1748,44600,1748
2003/06/06,1750,1770,1735,1770,37900,1770
2003/06/09,1769,1769,1750,1753,68800,1753
2003/06/10,1753,1753,1730,1737,45700,1737
2003/06/11,1737,1737,1713,1717,58700,1717
2003/06/12,1710,1715,1700,1705,106100,1705
2003/06/13,1725,1728,1702,1715,64500,1715
2003/06/16,1716,1727,1715,1718,47300,1718
2003/06/17,1730,1735,1720,1728,21200,1728
2003/06/18,1736,1742,1725,1728,41300,1728
2003/06/19,1729,1739,1729,1737,43100,1737
2003/06/20,1731,1739,1730,1735,40100,1735
2003/06/23,1740,1741,1733,1740,39800,1740
2003/06/24,1735,1736,1702,1702,50000,1702
2003/06/25,1732,1734,1703,1705,25200,1705
2003/06/26,1709,1729,1705,1705,41900,1705
2003/06/27,1711,1722,1711,1717,15000,1717
2003/06/30,1715,1725,1715,1715,28000,1715
2003/07/01,1713,1722,1713,1715,43500,1715
2003/07/02,1730,1730,1712,1715,73900,1715
2003/07/03,1729,1729,1716,1716,75000,1716
2003/07/04,1715,1723,1710,1721,48200,1721
2003/07/07,1720,1727,1712,1727,95000,1727
2003/07/08,1733,1736,1723,1725,62000,1725
2003/07/09,1725,1780,1720,1772,110100,1772
2003/07/10,1802,1802,1755,1755,65000,1755
2003/07/11,1750,1751,1725,1730,43300,1730
2003/07/14,1740,1748,1736,1740,20300,1740
2003/07/15,1740,1747,1732,1732,34200,1732
2003/07/16,1730,1735,1716,1730,42200,1730
2003/07/17,1720,1723,1711,1723,41100,1723
2003/07/18,1711,1726,1710,1724,30500,1724
2003/07/22,1724,1724,1711,1716,38500,1716
2003/07/23,1728,1740,1711,1720,80000,1720
2003/07/24,1715,1718,1693,1693,113100,1693
2003/07/25,1691,1710,1683,1693,57200,1693
2003/07/28,1695,1706,1694,1706,58300,1706
2003/07/29,1706,1712,1696,1702,43800,1702
2003/07/30,1700,1700,1690,1696,53400,1696
2003/07/31,1696,1730,1680,1724,91000,1724
2003/08/01,1734,1734,1707,1714,37100,1714
2003/08/04,1725,1725,1709,1711,26200,1711
2003/08/05,1718,1718,1700,1703,49600,1703
2003/08/06,1710,1713,1700,1702,34100,1702
2003/08/07,1706,1706,1695,1695,55400,1695
2003/08/08,1709,1711,1700,1707,32400,1707
2003/08/11,1702,1713,1701,1704,26500,1704
2003/08/12,1709,1715,1701,1702,33200,1702
2003/08/13,1702,1720,1702,1706,37900,1706
2003/08/14,1717,1725,1707,1717,34200,1717
2003/08/15,1730,1731,1720,1721,29800,1721
2003/08/18,1701,1715,1688,1689,197800,1689
2003/08/19,1685,1710,1658,1668,115400,1668
2003/08/20,1651,1673,1651,1666,77400,1666
2003/08/21,1660,1675,1660,1667,57400,1667
2003/08/22,1682,1689,1667,1670,94300,1670
2003/08/25,1691,1694,1672,1679,101300,1679
2003/08/26,1662,1668,1654,1660,29700,1660
2003/08/27,1666,1666,1650,1650,39600,1650
2003/08/28,1650,1659,1638,1640,42300,1640
2003/08/29,1660,1662,1642,1648,39900,1648
2003/09/01,1669,1676,1651,1669,27800,1669
2003/09/02,1680,1680,1661,1664,37900,1664
2003/09/03,1678,1679,1668,1671,36200,1671
2003/09/04,1672,1685,1663,1663,39500,1663
2003/09/05,1664,1678,1662,1666,28700,1666
2003/09/08,1666,1677,1666,1669,23200,1669
2003/09/09,1670,1687,1670,1675,46900,1675
2003/09/10,1678,1694,1672,1672,47100,1672
2003/09/11,1672,1684,1666,1666,45700,1666
2003/09/12,1666,1678,1666,1668,81100,1668
2003/09/16,1668,1676,1668,1673,56200,1673
2003/09/17,1679,1685,1670,1685,73400,1685
2003/09/18,1680,1699,1671,1691,51400,1691
2003/09/19,1700,1705,1688,1704,68200,1704
2003/09/22,1715,1715,1670,1692,72200,1692
2003/09/24,1695,1695,1676,1676,44500,1676
2003/09/25,1671,1683,1671,1679,36800,1679
2003/09/26,1683,1685,1673,1685,25600,1685
2003/09/29,1685,1685,1673,1685,22000,1685
2003/09/30,1675,1730,1671,1730,87400,1730
2003/10/01,1702,1740,1700,1730,90300,1730
2003/10/02,1745,1748,1701,1731,75800,1731
2003/10/03,1705,1731,1705,1709,59800,1709
2003/10/06,1706,1715,1700,1708,54900,1708
2003/10/07,1704,1709,1700,1707,37300,1707
2003/10/08,1710,1712,1700,1703,24100,1703
2003/10/09,1702,1720,1700,1719,36900,1719
2003/10/10,1727,1749,1723,1749,71400,1749
2003/10/14,1746,1748,1720,1748,47200,1748
2003/10/15,1743,1745,1722,1731,53000,1731
2003/10/16,1725,1740,1722,1740,33200,1740
2003/10/17,1721,1735,1704,1725,38200,1725
2003/10/20,1705,1724,1705,1713,40600,1713
2003/10/21,1713,1725,1702,1703,36100,1703
2003/10/22,1705,1713,1699,1700,36300,1700
2003/10/23,1700,1703,1651,1654,58900,1654
2003/10/24,1683,1683,1653,1655,25300,1655
2003/10/27,1656,1669,1650,1650,26500,1650
2003/10/28,1650,1668,1650,1654,27400,1654
2003/10/29,1656,1679,1652,1661,36100,1661
2003/10/30,1675,1683,1661,1677,38400,1677
2003/10/31,1670,1687,1667,1670,39800,1670
2003/11/04,1670,1699,1670,1699,44400,1699
2003/11/05,1671,1698,1671,1694,21500,1694
2003/11/06,1682,1684,1657,1660,30200,1660
2003/11/07,1662,1663,1646,1657,46800,1657
2003/11/10,1680,1680,1650,1655,36200,1655
2003/11/11,1650,1659,1625,1626,33700,1626
2003/11/12,1625,1634,1624,1625,59400,1625
2003/11/13,1630,1632,1625,1627,100700,1627
2003/11/14,1627,1636,1621,1621,35300,1621
2003/11/17,1638,1638,1600,1600,42600,1600
2003/11/18,1600,1605,1576,1590,53200,1590
2003/11/19,1590,1600,1580,1586,20500,1586
2003/11/20,1600,1605,1582,1596,68700,1596
2003/11/21,1609,1610,1593,1596,15000,1596
2003/11/25,1627,1634,1610,1610,31800,1610
2003/11/26,1620,1634,1620,1620,26800,1620
2003/11/27,1600,1607,1595,1603,38300,1603
2003/11/28,1601,1629,1601,1611,29500,1611
2003/12/01,1611,1620,1602,1620,22000,1620
2003/12/02,1623,1649,1623,1633,33600,1633
2003/12/03,1633,1639,1629,1632,26600,1632
2003/12/04,1630,1640,1629,1634,11000,1634
2003/12/05,1640,1640,1629,1629,15500,1629
2003/12/08,1639,1639,1623,1634,13500,1634
2003/12/09,1644,1644,1633,1642,15500,1642
2003/12/10,1669,1669,1636,1642,27900,1642
2003/12/11,1642,1642,1620,1640,29200,1640
2003/12/12,1655,1655,1620,1620,47800,1620
2003/12/15,1635,1645,1621,1621,20100,1621
2003/12/16,1622,1631,1620,1625,19500,1625
2003/12/17,1625,1634,1621,1621,19000,1621
2003/12/18,1620,1631,1620,1631,17600,1631
2003/12/19,1631,1634,1621,1625,23000,1625
2003/12/22,1620,1627,1620,1622,20300,1622
2003/12/24,1621,1624,1615,1618,19700,1618
2003/12/25,1630,1630,1602,1617,23200,1617
2003/12/26,1620,1620,1607,1618,8500,1618
2003/12/29,1613,1627,1613,1624,11500,1624
2003/12/30,1622,1640,1622,1624,11100,1624
2004/01/05,1640,1645,1631,1639,25600,1639
2004/01/06,1640,1645,1636,1636,26800,1636
2004/01/07,1636,1650,1630,1642,29100,1642
2004/01/08,1645,1650,1631,1631,60500,1631
2004/01/09,1644,1644,1633,1633,23000,1633
2004/01/13,1633,1640,1632,1640,29400,1640
2004/01/14,1638,1642,1635,1635,32200,1635
2004/01/15,1636,1638,1624,1630,47700,1630
2004/01/16,1626,1634,1626,1629,42100,1629
2004/01/19,1639,1648,1631,1635,33300,1635
2004/01/20,1636,1643,1632,1638,47500,1638
2004/01/21,1632,1634,1618,1621,62200,1621
2004/01/22,1624,1632,1620,1628,32100,1628
2004/01/23,1625,1628,1616,1620,38200,1620
2004/01/26,1621,1628,1618,1620,38500,1620
2004/01/27,1618,1623,1612,1612,50400,1612
2004/01/28,1610,1625,1605,1614,102800,1614
2004/01/29,1615,1615,1605,1605,32700,1605
2004/01/30,1607,1613,1605,1605,16900,1605
2004/02/02,1617,1636,1616,1636,38500,1636
2004/02/03,1637,1638,1627,1638,53300,1638
2004/02/04,1639,1669,1636,1662,120200,1662
2004/02/05,1690,1690,1675,1690,130600,1690
2004/02/06,1681,1693,1679,1681,38300,1681
2004/02/09,1680,1689,1679,1679,27100,1679
2004/02/10,1685,1689,1682,1684,38900,1684
2004/02/12,1686,1695,1686,1687,53000,1687
2004/02/13,1687,1689,1673,1673,51000,1673
2004/02/16,1673,1687,1666,1686,30300,1686
2004/02/17,1685,1695,1680,1681,29600,1681
2004/02/18,1696,1697,1683,1695,46300,1695
2004/02/19,1690,1695,1683,1691,30300,1691
2004/02/20,1692,1693,1676,1676,33300,1676
2004/02/23,1685,1695,1681,1688,52800,1688
2004/02/24,1678,1693,1668,1692,73500,1692
2004/02/25,1692,1692,1680,1687,36400,1687
2004/02/26,1687,1690,1685,1689,19100,1689
2004/02/27,1690,1709,1690,1708,79600,1708
2004/03/01,1707,1744,1701,1741,82500,1741
2004/03/02,1741,1741,1731,1739,34100,1739
2004/03/03,1710,1736,1710,1728,70000,1728
2004/03/04,1733,1799,1729,1799,239200,1799
2004/03/05,1798,1798,1780,1797,68400,1797
2004/03/08,1797,1798,1790,1790,36000,1790
2004/03/09,1780,1798,1780,1798,73800,1798
2004/03/10,1798,1798,1791,1797,76300,1797
2004/03/11,1773,1794,1773,1791,30000,1791
2004/03/12,1793,1794,1756,1771,89300,1771
2004/03/15,1772,1793,1772,1783,38900,1783
2004/03/16,1792,1814,1790,1811,67200,1811
2004/03/17,1811,1838,1800,1810,175300,1810
2004/03/18,1830,1850,1800,1831,150000,1831
2004/03/19,1834,1847,1820,1842,75100,1842
2004/03/22,1842,1848,1834,1842,63900,1842
2004/03/23,1830,1844,1830,1842,65200,1842
2004/03/24,1843,1849,1820,1842,79100,1842
2004/03/25,1845,1879,1834,1870,71600,1870
2004/03/26,1880,1900,1880,1880,53800,1880
2004/03/29,1880,1891,1853,1883,19400,1883
2004/03/30,1893,1903,1883,1889,57600,1889
2004/03/31,1899,1899,1870,1896,83600,1896
2004/04/01,1900,1916,1886,1910,60100,1910
2004/04/02,1900,1948,1900,1925,70700,1925
2004/04/05,1929,1936,1920,1920,33500,1920
2004/04/06,1920,1920,1740,1858,60500,1858
2004/04/07,1889,1897,1875,1884,38400,1884
2004/04/08,1865,1904,1857,1892,63000,1892
2004/04/09,1899,1903,1865,1887,30900,1887
2004/04/12,1879,1887,1875,1881,27100,1881
2004/04/13,1880,1905,1877,1889,78900,1889
2004/04/14,1899,1899,1885,1890,60000,1890
2004/04/15,1890,1890,1812,1840,48400,1840
2004/04/16,1887,1887,1843,1871,44800,1871
2004/04/19,1870,1870,1802,1819,31600,1819
2004/04/20,1802,1860,1802,1855,38000,1855
2004/04/21,1850,1850,1820,1820,25000,1820
2004/04/22,1827,1849,1827,1834,31800,1834
2004/04/23,1845,1845,1825,1841,38000,1841
2004/04/26,1845,1868,1841,1862,38200,1862
2004/04/27,1869,1887,1862,1873,27000,1873
2004/04/28,1880,1884,1863,1865,21800,1865
2004/04/30,1879,1879,1835,1853,28900,1853
2004/05/06,1860,1879,1840,1840,32700,1840
2004/05/07,1870,1875,1821,1828,39000,1828
2004/05/10,1820,1838,1755,1755,64700,1755
2004/05/11,1725,1767,1720,1735,63000,1735
2004/05/12,1742,1819,1730,1819,43400,1819
2004/05/13,1830,1830,1752,1762,31300,1762
2004/05/14,1762,1800,1718,1718,44900,1718
2004/05/17,1748,1748,1704,1715,35500,1715
2004/05/18,1655,1750,1655,1708,43100,1708
2004/05/19,1737,1758,1700,1756,31700,1756
2004/05/20,1757,1820,1757,1798,58500,1798
2004/05/21,1800,1825,1798,1805,34000,1805
2004/05/24,1800,1825,1800,1800,24900,1800
2004/05/25,1800,1805,1781,1799,18900,1799
2004/05/26,1804,1825,1798,1803,22500,1803
2004/05/27,1802,1821,1802,1821,16100,1821
2004/05/28,1798,1819,1795,1809,32000,1809
2004/05/31,1800,1818,1795,1795,33100,1795
2004/06/01,1810,1820,1800,1818,68000,1818
2004/06/02,1824,1824,1801,1801,14800,1801
2004/06/03,1813,1841,1810,1831,56400,1831
2004/06/04,1829,1889,1829,1881,71300,1881
2004/06/07,1886,1910,1881,1900,54700,1900
2004/06/08,1900,1935,1896,1928,69300,1928
2004/06/09,1930,1945,1928,1942,54500,1942
2004/06/10,1938,1948,1913,1943,43700,1943
2004/06/11,1935,1952,1922,1937,122000,1937
2004/06/14,1937,1950,1925,1925,26400,1925
2004/06/15,1915,1923,1906,1908,43500,1908
2004/06/16,1916,1948,1912,1940,50900,1940
2004/06/17,1935,1948,1916,1938,37800,1938
2004/06/18,1938,1945,1902,1915,31200,1915
2004/06/21,1938,1945,1932,1936,15700,1936
2004/06/22,1936,1940,1925,1936,17500,1936
2004/06/23,1935,1950,1932,1950,35900,1950
2004/06/24,1937,1950,1937,1943,20400,1943
2004/06/25,1959,1959,1941,1946,28500,1946
2004/06/28,1960,1970,1955,1970,29100,1970
2004/06/29,1970,1980,1958,1977,33100,1977
2004/06/30,1980,1989,1968,1980,34400,1980
2004/07/01,1980,1986,1970,1970,14700,1970
2004/07/02,1970,1970,1933,1956,25400,1956
2004/07/05,1931,1950,1902,1910,49800,1910
2004/07/06,1910,1920,1890,1890,25700,1890
2004/07/07,1881,1881,1856,1868,48800,1868
2004/07/08,1894,1907,1870,1890,75600,1890
2004/07/09,1950,1958,1918,1945,71800,1945
2004/07/12,1940,1945,1927,1932,10900,1932
2004/07/13,1930,1944,1930,1935,20300,1935
2004/07/14,1942,1950,1922,1926,14600,1926
2004/07/15,1927,1945,1921,1922,14800,1922
2004/07/16,1930,1945,1925,1936,21800,1936
2004/07/20,1938,1943,1926,1929,17200,1929
2004/07/21,1925,1948,1925,1942,20300,1942
2004/07/22,1930,1935,1911,1915,43400,1915
2004/07/23,1920,1925,1902,1919,39600,1919
2004/07/26,1919,1930,1910,1914,39700,1914
2004/07/27,1930,1948,1904,1923,33600,1923
2004/07/28,1923,1940,1903,1914,55800,1914
2004/07/29,1935,1936,1906,1923,23800,1923
2004/07/30,1939,1945,1929,1938,26800,1938
2004/08/02,1930,1950,1930,1943,18700,1943
2004/08/03,1931,1948,1925,1939,12800,1939
2004/08/04,1939,1957,1931,1951,41300,1951
2004/08/05,1950,1959,1941,1947,49700,1947
2004/08/06,1940,1966,1933,1965,27500,1965
2004/08/09,1960,1964,1948,1960,11800,1960
2004/08/10,1960,1968,1941,1961,27300,1961
2004/08/11,1970,1970,1940,1970,19000,1970
2004/08/12,1979,1985,1955,1955,21100,1955
2004/08/13,1951,1970,1950,1954,21400,1954
2004/08/16,1950,1955,1902,1904,30400,1904
2004/08/17,1912,1950,1910,1940,30600,1940
2004/08/18,1969,1974,1951,1967,33300,1967
2004/08/19,1970,1970,1930,1937,34200,1937
2004/08/20,1937,1952,1933,1943,21200,1943
2004/08/23,1944,1956,1906,1926,44800,1926
2004/08/24,1911,1914,1859,1878,117700,1878
2004/08/25,1875,1900,1869,1896,125000,1896
2004/08/26,1848,1870,1822,1840,43900,1840
2004/08/27,1841,1857,1833,1841,48800,1841
2004/08/30,1842,1862,1832,1832,38000,1832
2004/08/31,1830,1838,1820,1832,30100,1832
2004/09/01,1849,1849,1838,1840,18300,1840
2004/09/02,1845,1868,1845,1847,33700,1847
2004/09/03,1869,1897,1869,1879,88100,1879
2004/09/06,1891,1902,1880,1890,35300,1890
2004/09/07,1889,1905,1889,1898,24300,1898
2004/09/08,1903,1904,1883,1883,18600,1883
2004/09/09,1883,1898,1867,1867,30600,1867
2004/09/10,1886,1886,1855,1864,60500,1864
2004/09/13,1866,1898,1866,1876,35300,1876
2004/09/14,1894,1899,1884,1885,19400,1885
2004/09/15,1886,1894,1866,1866,19200,1866
2004/09/16,1868,1890,1855,1860,20600,1860
2004/09/17,1875,1876,1860,1860,12500,1860
2004/09/21,1864,1881,1861,1861,11600,1861
2004/09/22,1861,1869,1855,1865,18200,1865
2004/09/24,1858,1858,1803,1848,34300,1848
2004/09/27,1804,1830,1778,1830,29400,1830
2004/09/28,1825,1825,1784,1809,18100,1809
2004/09/29,1823,1823,1789,1811,20000,1811
2004/09/30,1794,1818,1794,1803,10800,1803
2004/10/01,1805,1830,1803,1828,19100,1828
2004/10/04,1820,1835,1786,1817,59800,1817
2004/10/05,1817,1817,1785,1804,48700,1804
2004/10/06,1819,1827,1801,1818,56200,1818
2004/10/07,1838,1838,1797,1800,30400,1800
2004/10/08,1811,1827,1803,1815,39700,1815
2004/10/12,1810,1820,1800,1800,22600,1800
2004/10/13,1800,1807,1792,1792,9300,1792
2004/10/14,1785,1792,1740,1741,60100,1741
2004/10/15,1741,1742,1722,1731,64200,1731
2004/10/18,1737,1757,1734,1755,76900,1755
2004/10/19,1756,1768,1746,1757,39600,1757
2004/10/20,1760,1760,1730,1731,48700,1731
2004/10/21,1740,1740,1705,1707,38800,1707
2004/10/22,1709,1710,1690,1700,53100,1700
2004/10/25,1717,1717,1695,1700,29400,1700
2004/10/26,1701,1716,1701,1711,37500,1711
2004/10/27,1720,1744,1720,1726,52100,1726
2004/10/28,1748,1768,1731,1768,47400,1768
2004/10/29,1738,1766,1720,1766,22300,1766
2004/11/01,1726,1748,1722,1729,19800,1729
2004/11/02,1731,1750,1731,1750,23900,1750
2004/11/04,1751,1752,1723,1728,45200,1728
2004/11/05,1728,1745,1712,1725,51400,1725
2004/11/08,1726,1726,1717,1720,23000,1720
2004/11/09,1720,1729,1705,1710,24700,1710
2004/11/10,1710,1722,1698,1704,90200,1704
2004/11/11,1716,1717,1693,1694,22400,1694
2004/11/12,1713,1720,1698,1712,50500,1712
2004/11/15,1719,1729,1715,1728,30400,1728
2004/11/16,1728,1740,1726,1735,29800,1735
2004/11/17,1748,1750,1735,1739,30800,1739
2004/11/18,1757,1757,1740,1746,31000,1746
2004/11/19,1753,1753,1740,1740,16500,1740
2004/11/22,1737,1737,1716,1721,14600,1721
2004/11/24,1720,1730,1715,1720,12400,1720
2004/11/25,1738,1738,1713,1731,15200,1731
2004/11/26,1732,1735,1715,1720,17400,1720
2004/11/29,1721,1740,1720,1728,16400,1728
2004/11/30,1729,1729,1714,1718,19500,1718
2004/12/01,1715,1715,1685,1691,62600,1691
2004/12/02,1707,1710,1700,1705,33300,1705
2004/12/03,1706,1711,1693,1696,34800,1696
2004/12/06,1700,1705,1692,1693,52600,1693
2004/12/07,1694,1705,1691,1691,25900,1691
2004/12/08,1691,1707,1690,1692,33900,1692
2004/12/09,1694,1694,1678,1682,40800,1682
2004/12/10,1705,1705,1683,1690,46800,1690
2004/12/13,1692,1698,1687,1687,11700,1687
2004/12/14,1687,1698,1685,1698,25000,1698
2004/12/15,1698,1700,1691,1700,9500,1700
2004/12/16,1698,1705,1698,1704,15300,1704
2004/12/17,1704,1715,1703,1709,24800,1709
2004/12/20,1703,1706,1700,1700,26200,1700
2004/12/21,1705,1714,1705,1710,22900,1710
2004/12/22,1718,1724,1713,1718,31200,1718
2004/12/24,1724,1748,1724,1742,41200,1742
2004/12/27,1745,1754,1742,1751,21300,1751
2004/12/28,1760,1766,1757,1761,14100,1761
2004/12/29,1761,1772,1761,1770,14700,1770
2004/12/30,1773,1779,1773,1778,13600,1778
2005/01/04,1775,1782,1774,1782,5900,1782
2005/01/05,1782,1785,1776,1776,17200,1776
2005/01/06,1776,1800,1775,1789,33200,1789
2005/01/07,1819,1819,1805,1811,20900,1811
2005/01/11,1811,1826,1811,1824,16400,1824
2005/01/12,1824,1827,1800,1814,21900,1814
2005/01/13,1813,1815,1781,1801,23300,1801
2005/01/14,1799,1818,1792,1813,19100,1813
2005/01/17,1819,1838,1818,1836,30500,1836
2005/01/18,1840,1840,1813,1814,17600,1814
2005/01/19,1821,1827,1810,1820,15600,1820
2005/01/20,1811,1818,1810,1812,13200,1812
2005/01/21,1810,1810,1803,1809,10600,1809
2005/01/24,1808,1815,1805,1810,11200,1810
2005/01/25,1814,1814,1806,1812,15900,1812
2005/01/26,1812,1818,1808,1818,16400,1818
2005/01/27,1820,1836,1818,1827,27500,1827
2005/01/28,1816,1832,1814,1830,21800,1830
2005/01/31,1849,1849,1830,1839,40800,1839
2005/02/01,1849,1849,1835,1847,18600,1847
2005/02/02,1849,1888,1843,1886,73800,1886
2005/02/03,1886,1898,1875,1898,65100,1898
2005/02/04,1900,1913,1900,1906,75500,1906
2005/02/07,1905,1908,1891,1895,47600,1895
2005/02/08,1900,1901,1890,1893,48800,1893
2005/02/09,1890,1896,1884,1891,42800,1891
2005/02/10,1892,1898,1870,1878,31000,1878
2005/02/14,1883,1894,1874,1874,38900,1874
2005/02/15,1880,1883,1873,1875,32900,1875
2005/02/16,1875,1879,1863,1868,28300,1868
2005/02/17,1870,1870,1858,1864,41100,1864
2005/02/18,1864,1891,1864,1882,57100,1882
2005/02/21,1890,1900,1890,1891,40200,1891
2005/02/22,1899,1900,1892,1897,60700,1897
2005/02/23,1860,1870,1852,1856,51600,1856
2005/02/24,1855,1875,1850,1871,52200,1871
2005/02/25,1832,1868,1832,1858,81300,1858
2005/02/28,1830,1850,1811,1815,65900,1815
2005/03/01,1816,1833,1802,1832,77900,1832
2005/03/02,1812,1854,1812,1852,55900,1852
2005/03/03,1841,1895,1841,1882,67700,1882
2005/03/04,1881,1912,1877,1900,101700,1900
2005/03/07,1900,1900,1885,1899,34400,1899
2005/03/08,1885,1902,1879,1899,55400,1899
2005/03/09,1893,1893,1883,1888,36400,1888
2005/03/10,1888,1900,1885,1893,46000,1893
2005/03/11,1863,1887,1863,1877,88700,1877
2005/03/14,1878,1884,1866,1866,28600,1866
2005/03/15,1880,1882,1854,1865,38900,1865
2005/03/16,1865,1870,1845,1863,57800,1863
2005/03/17,1863,1878,1851,1865,65500,1865
2005/03/18,1865,1875,1865,1870,32600,1870
2005/03/22,1885,1888,1871,1871,57100,1871
2005/03/23,1879,1885,1860,1878,50500,1878
2005/03/24,1883,1883,1840,1876,56300,1876
2005/03/25,1846,1872,1846,1867,21200,1867
2005/03/28,1877,1878,1852,1860,41100,1860
2005/03/29,1860,1870,1816,1833,47200,1833
2005/03/30,1842,1866,1833,1849,50100,1849
2005/03/31,1855,1855,1836,1855,69900,1855
2005/04/01,1850,1900,1841,1900,77600,1900
2005/04/04,1900,1911,1885,1899,85600,1899
2005/04/05,1912,1917,1905,1911,71900,1911
2005/04/06,1906,1916,1893,1915,51000,1915
2005/04/07,1899,1900,1886,1893,43400,1893
2005/04/08,1912,1917,1891,1916,54400,1916
2005/04/11,1915,1915,1888,1904,28300,1904
2005/04/12,1903,1911,1886,1890,41700,1890
2005/04/13,1902,1908,1888,1894,23200,1894
2005/04/14,1873,1888,1853,1871,52700,1871
2005/04/15,1855,1877,1843,1857,31300,1857
2005/04/18,1858,1887,1827,1863,93200,1863
2005/04/19,1885,1910,1875,1898,88500,1898
2005/04/20,1900,1904,1884,1899,62300,1899
2005/04/21,1890,1905,1874,1894,78900,1894
2005/04/22,1909,1914,1896,1910,58900,1910
2005/04/25,1910,1941,1910,1933,71000,1933
2005/04/26,1939,1944,1938,1942,172900,1942
2005/04/27,1942,1950,1939,1944,164500,1944
2005/04/28,1945,1951,1945,1947,68400,1947
2005/05/02,1948,1950,1936,1936,32200,1936
2005/05/06,1937,1975,1937,1966,52400,1966
2005/05/09,1970,1984,1957,1984,38700,1984
2005/05/10,1987,1993,1973,1991,82700,1991
2005/05/11,1993,1996,1982,1990,87500,1990
2005/05/12,1983,1993,1981,1987,42000,1987
2005/05/13,1987,1992,1980,1986,69700,1986
2005/05/16,1980,1987,1979,1984,36700,1984
2005/05/17,1973,1981,1960,1967,49900,1967
2005/05/18,1965,1974,1963,1968,26100,1968
2005/05/19,1980,1996,1979,1996,54600,1996
2005/05/20,1993,1994,1982,1990,37000,1990
2005/05/23,1985,1995,1982,1992,27400,1992
2005/05/24,1980,1990,1975,1981,54300,1981
2005/05/25,1980,1987,1979,1981,26000,1981
2005/05/26,1985,1987,1978,1986,20100,1986
2005/05/27,1990,2000,1988,1998,37100,1998
2005/05/30,2000,2025,2000,2020,59500,2020
2005/05/31,2020,2040,2010,2040,43500,2040
2005/06/01,2020,2020,2000,2020,62700,2020
2005/06/02,2025,2025,1996,1996,42700,1996
2005/06/03,1989,2020,1969,2020,88100,2020
2005/06/06,1999,2000,1985,1990,87100,1990
2005/06/07,1985,1991,1967,1971,38200,1971
2005/06/08,1975,1999,1971,1983,25900,1983
2005/06/09,1993,2000,1982,1991,34600,1991
2005/06/10,2025,2035,2005,2015,56700,2015
2005/06/13,2020,2020,1992,1995,19300,1995
2005/06/14,1987,1999,1979,1993,40400,1993
2005/06/15,1993,2000,1980,2000,40900,2000
2005/06/16,2000,2010,1987,1994,46900,1994
2005/06/17,1989,2015,1989,2005,25400,2005
2005/06/20,2025,2040,2000,2030,57600,2030
2005/06/21,2005,2020,2005,2010,19900,2010
2005/06/22,2015,2035,2015,2035,24400,2035
2005/06/23,2015,2025,2005,2015,17900,2015
2005/06/24,2025,2025,2020,2025,28800,2025
2005/06/27,2015,2020,1997,2005,16700,2005
2005/06/28,2005,2025,2005,2025,22700,2025
2005/06/29,2090,2105,2035,2040,159000,2040
2005/06/30,2050,2060,2025,2030,77100,2030
2005/07/01,2050,2055,2030,2045,73200,2045
2005/07/04,2055,2060,2045,2050,63900,2050
2005/07/05,2050,2055,2040,2045,45200,2045
2005/07/06,2060,2065,2045,2050,88500,2050
2005/07/07,2040,2040,2020,2020,34700,2020
2005/07/08,2035,2045,2025,2040,59600,2040
2005/07/11,2045,2050,2040,2040,13000,2040
2005/07/12,2055,2095,2050,2080,108700,2080
2005/07/13,2075,2075,2060,2070,54200,2070
2005/07/14,2080,2095,2080,2085,54900,2085
2005/07/15,2070,2080,2070,2070,29600,2070
2005/07/19,2030,2065,2030,2045,38700,2045
2005/07/20,2035,2055,2035,2040,44900,2040
2005/07/21,2050,2050,2040,2045,14300,2045
2005/07/22,2045,2050,2015,2015,81100,2015
2005/07/25,2020,2050,2020,2040,32200,2040
2005/07/26,2050,2075,2050,2060,94300,2060
2005/07/27,2050,2065,2040,2045,36600,2045
2005/07/28,2060,2060,2045,2045,45200,2045
2005/07/29,2050,2055,2045,2045,24400,2045
2005/08/01,2050,2050,2040,2040,21900,2040
2005/08/02,2040,2055,2040,2045,40900,2045
2005/08/03,2050,2085,2050,2075,48200,2075
2005/08/04,2075,2085,2060,2075,33100,2075
2005/08/05,2060,2065,2040,2040,24800,2040
2005/08/08,2050,2050,2025,2050,42600,2050
2005/08/09,2065,2075,2055,2065,28100,2065
2005/08/10,2085,2085,2065,2085,50200,2085
2005/08/11,2085,2145,2085,2125,58400,2125
2005/08/12,2145,2170,2130,2150,49900,2150
2005/08/15,2150,2175,2150,2160,31400,2160
2005/08/16,2165,2170,2145,2160,27600,2160
2005/08/17,2130,2145,2105,2105,70400,2105
2005/08/18,2115,2135,2115,2115,31000,2115
2005/08/19,2110,2135,2100,2135,34700,2135
2005/08/22,2145,2175,2140,2175,48600,2175
2005/08/23,2175,2200,2175,2200,31900,2200
2005/08/24,2200,2210,2185,2200,57000,2200
2005/08/25,2210,2225,2170,2190,116300,2190
2005/08/26,2165,2190,2150,2185,54100,2185
2005/08/29,2160,2170,2150,2150,33200,2150
2005/08/30,2150,2155,2145,2150,19200,2150
2005/08/31,2145,2145,2115,2115,37500,2115
2005/09/01,2100,2165,2100,2145,97100,2145
2005/09/02,2145,2145,2120,2120,33100,2120
2005/09/05,2100,2110,2090,2090,47300,2090
2005/09/06,2090,2090,2075,2075,49300,2075
2005/09/07,2075,2095,2075,2085,28500,2085
2005/09/08,2070,2085,2065,2080,18000,2080
2005/09/09,2100,2100,2080,2090,73500,2090
2005/09/12,2100,2125,2060,2075,41700,2075
2005/09/13,2080,2120,2070,2100,46100,2100
2005/09/14,2115,2130,2100,2115,73100,2115
2005/09/15,2115,2115,2090,2110,33200,2110
2005/09/16,2110,2125,2105,2110,54000,2110
2005/09/20,2110,2185,2110,2140,170300,2140
2005/09/21,2190,2190,2145,2170,34100,2170
2005/09/22,2175,2180,2155,2175,41500,2175
2005/09/26,2180,2195,2160,2180,79900,2180
2005/09/27,2180,2200,2175,2185,49200,2185
2005/09/28,2210,2440,2200,2245,174400,2245
2005/09/29,2210,2255,2125,2255,98900,2255
2005/09/30,2235,2255,2160,2255,102800,2255
2005/10/03,2275,2345,2260,2335,95200,2335
2005/10/04,2350,2385,2350,2380,85700,2380
2005/10/05,2340,2340,2270,2280,117300,2280
2005/10/06,2320,2345,2300,2340,89600,2340
2005/10/07,2335,2355,2315,2315,59200,2315
2005/10/11,2280,2330,2270,2280,37400,2280
2005/10/12,2285,2345,2280,2320,115600,2320
2005/10/13,2310,2310,2270,2285,93100,2285
2005/10/14,2315,2320,2280,2305,54700,2305
2005/10/17,2305,2310,2260,2260,51900,2260
2005/10/18,2260,2295,2250,2255,69200,2255
2005/10/19,2290,2290,2255,2255,33200,2255
2005/10/20,2295,2375,2290,2365,113500,2365
2005/10/21,2370,2400,2350,2400,84000,2400
2005/10/24,2375,2390,2350,2350,20300,2350
2005/10/25,2310,2385,2310,2345,74500,2345
2005/10/26,2375,2390,2350,2355,31400,2355
2005/10/27,2330,2365,2310,2345,44500,2345
2005/10/28,2305,2335,2305,2325,102000,2325
2005/10/31,2365,2445,2350,2395,96600,2395
2005/11/01,2445,2445,2415,2430,42400,2430
2005/11/02,2390,2435,2390,2405,58900,2405
2005/11/04,2400,2400,2355,2400,92200,2400
2005/11/07,2360,2395,2360,2375,47800,2375
2005/11/08,2400,2400,2380,2380,35300,2380
2005/11/09,2400,2410,2385,2400,28100,2400
2005/11/10,2415,2415,2385,2415,46500,2415
2005/11/11,2420,2495,2415,2475,64200,2475
2005/11/14,2495,2495,2450,2455,34000,2455
2005/11/15,2460,2470,2450,2450,32100,2450
2005/11/16,2450,2460,2450,2460,22000,2460
2005/11/17,2465,2475,2455,2465,45400,2465
2005/11/18,2470,2480,2455,2470,31700,2470
2005/11/21,2490,2495,2470,2470,30400,2470
2005/11/22,2490,2490,2470,2480,19700,2480
2005/11/24,2480,2490,2445,2445,31700,2445
2005/11/25,2445,2485,2445,2475,26700,2475
2005/11/28,2480,2490,2450,2450,29000,2450
2005/11/29,2470,2550,2465,2500,71800,2500
2005/11/30,2500,2570,2490,2530,57600,2530
2005/12/01,2570,2580,2555,2575,37200,2575
2005/12/02,2560,2565,2500,2535,90900,2535
2005/12/05,2540,2555,2520,2545,25800,2545
2005/12/06,2530,2540,2520,2530,33200,2530
2005/12/07,2525,2540,2520,2525,42600,2525
2005/12/08,2530,2530,2455,2460,63400,2460
2005/12/09,2450,2475,2415,2465,69500,2465
2005/12/12,2490,2530,2480,2500,37300,2500
2005/12/13,2500,2500,2470,2480,36900,2480
2005/12/14,2495,2495,2460,2480,37600,2480
2005/12/15,2485,2515,2480,2490,50400,2490
2005/12/16,2485,2485,2460,2480,22100,2480
2005/12/19,2465,2485,2450,2465,25200,2465
2005/12/20,2450,2450,2420,2445,62700,2445
2005/12/21,2450,2535,2445,2530,69900,2530
2005/12/22,2550,2550,2525,2530,61500,2530
2005/12/26,2530,2580,2530,2570,37600,2570
2005/12/27,2570,2650,2570,2625,59800,2625
2005/12/28,2625,2655,2585,2650,54100,2650
2005/12/29,2655,2735,2640,2730,51000,2730
2005/12/30,2730,2730,2675,2690,21800,2690
2006/01/04,2730,2800,2710,2785,40000,2785
2006/01/05,2795,2820,2790,2800,38200,2800
2006/01/06,2810,2850,2810,2820,50700,2820
2006/01/10,2870,2870,2820,2830,57700,2830
2006/01/11,2820,2840,2775,2780,126900,2780
2006/01/12,2755,2810,2720,2740,89200,2740
2006/01/13,2750,2810,2750,2780,41200,2780
2006/01/16,2790,2790,2755,2760,29700,2760
2006/01/17,2760,2790,2655,2665,55200,2665
2006/01/18,2665,2850,2660,2830,117100,2830
2006/01/19,2700,2790,2680,2735,79500,2735
2006/01/20,2720,2765,2600,2635,95000,2635
2006/01/23,2600,2615,2550,2570,68200,2570
2006/01/24,2540,2690,2535,2680,45900,2680
2006/01/25,2650,2680,2620,2645,53300,2645
2006/01/26,2645,2710,2645,2710,48800,2710
2006/01/27,2725,2740,2710,2735,41100,2735
2006/01/30,2770,2825,2750,2815,65900,2815
2006/01/31,2815,2820,2780,2800,59300,2800
2006/02/01,2825,2840,2805,2805,67400,2805
2006/02/02,2800,2865,2800,2830,85800,2830
2006/02/03,2780,2835,2760,2795,86500,2795
2006/02/06,2790,2800,2720,2780,92700,2780
2006/02/07,2800,2815,2780,2800,41700,2800
2006/02/08,2780,2780,2720,2730,55700,2730
2006/02/09,2750,2765,2730,2750,33600,2750
2006/02/10,2785,2785,2730,2730,27700,2730
2006/02/13,2730,2735,2635,2655,81600,2655
2006/02/14,2695,2720,2650,2665,46400,2665
2006/02/15,2700,2700,2615,2645,54000,2645
2006/02/16,2645,2700,2645,2685,41300,2685
2006/02/17,2675,2710,2670,2675,50300,2675
2006/02/20,2675,2720,2665,2695,62700,2695
2006/02/21,2675,2725,2675,2715,30800,2715
2006/02/22,2715,2745,2715,2730,64700,2730
2006/02/23,2710,2735,2705,2725,53300,2725
2006/02/24,2705,2735,2695,2725,71200,2725
2006/02/27,2700,2725,2675,2685,81700,2685
2006/02/28,2665,2720,2655,2710,44900,2710
2006/03/01,2670,2690,2660,2690,39300,2690
2006/03/02,2700,2760,2690,2735,87400,2735
2006/03/03,2735,2745,2720,2730,44200,2730
2006/03/06,2740,2740,2640,2695,93500,2695
2006/03/07,2670,2700,2650,2650,36200,2650
2006/03/08,2620,2625,2590,2610,33200,2610
2006/03/09,2640,2660,2615,2660,33700,2660
2006/03/10,2690,2720,2620,2665,70500,2665
2006/03/13,2670,2690,2635,2665,36600,2665
2006/03/14,2665,2690,2665,2690,27800,2690
2006/03/15,2695,2730,2680,2720,38400,2720
2006/03/16,2740,2760,2715,2720,55100,2720
2006/03/17,2740,2775,2730,2760,52100,2760
2006/03/20,2755,2780,2750,2780,26800,2780
2006/03/22,2770,2775,2750,2760,19800,2760
2006/03/23,2765,2780,2765,2770,15000,2770
2006/03/24,2780,2845,2760,2845,65400,2845
2006/03/27,2850,2855,2790,2850,40600,2850
2006/03/28,2820,2850,2790,2820,15200,2820
2006/03/29,2845,2850,2795,2810,31400,2810
2006/03/30,2800,2835,2800,2810,34300,2810
2006/03/31,2830,2830,2795,2795,33000,2795
2006/04/03,2795,2850,2795,2830,45300,2830
2006/04/04,2845,2850,2820,2840,50900,2840
2006/04/05,2835,2860,2815,2820,32500,2820
2006/04/06,2795,2800,2755,2770,115900,2770
2006/04/07,2780,2790,2755,2790,68700,2790
2006/04/10,2795,2800,2770,2800,154600,2800
2006/04/11,2805,2805,2765,2770,63400,2770
2006/04/12,2770,2780,2700,2705,111500,2705
2006/04/13,2705,2730,2660,2680,72900,2680
2006/04/14,2690,2695,2630,2660,76900,2660
2006/04/17,2665,2680,2610,2625,81300,2625
2006/04/18,2625,2635,2610,2620,67800,2620
2006/04/19,2700,2700,2665,2675,47100,2675
2006/04/20,2670,2670,2620,2620,77500,2620
2006/04/21,2620,2630,2610,2615,54700,2615
2006/04/24,2600,2600,2545,2570,176100,2570
2006/04/25,2555,2595,2545,2575,155500,2575
2006/04/26,2560,2615,2560,2600,123500,2600
2006/04/27,2620,2620,2605,2620,53100,2620
2006/04/28,2615,2640,2610,2625,98200,2625
2006/05/01,2645,2665,2630,2630,51900,2630
2006/05/02,2650,2665,2620,2640,56400,2640
2006/05/08,2640,2645,2570,2610,122200,2610
2006/05/09,2600,2605,2555,2565,74700,2565
2006/05/10,2575,2575,2510,2525,77700,2525
2006/05/11,2500,2510,2445,2460,130900,2460
2006/05/12,2465,2465,2405,2425,109100,2425
2006/05/15,2420,2475,2390,2450,62100,2450
2006/05/16,2440,2475,2375,2395,63000,2395
2006/05/17,2460,2465,2390,2410,78100,2410
2006/05/18,2400,2415,2365,2390,43800,2390
2006/05/19,2385,2385,2310,2355,61800,2355
2006/05/22,2355,2375,2340,2340,41800,2340
2006/05/23,2340,2350,2270,2305,69400,2305
2006/05/24,2295,2295,2220,2255,81300,2255
2006/05/25,2290,2290,2255,2285,75800,2285
2006/05/26,2320,2330,2285,2305,43800,2305
2006/05/29,2350,2360,2320,2330,35900,2330
2006/05/30,2325,2330,2300,2300,17200,2300
2006/05/31,2300,2325,2250,2275,44000,2275
2006/06/01,2310,2435,2295,2400,131500,2400
2006/06/02,2410,2410,2325,2395,79500,2395
2006/06/05,2410,2420,2355,2395,77700,2395
2006/06/06,2390,2395,2325,2365,46800,2365
2006/06/07,2300,2320,2260,2290,65000,2290
2006/06/08,2255,2270,2200,2205,33100,2205
2006/06/09,2245,2245,2125,2230,65100,2230
2006/06/12,2190,2240,2190,2220,19700,2220
2006/06/13,2200,2210,2165,2165,27000,2165
2006/06/14,2150,2230,2135,2175,40700,2175
2006/06/15,2200,2230,2155,2200,61700,2200
2006/06/16,2300,2345,2230,2275,68700,2275
2006/06/19,2230,2260,2215,2240,50600,2240
2006/06/20,2220,2260,2220,2240,28700,2240
2006/06/21,2235,2265,2235,2265,24300,2265
2006/06/22,2255,2280,2245,2280,29500,2280
2006/06/23,2255,2265,2250,2255,23100,2255
2006/06/26,2250,2280,2245,2275,36000,2275
2006/06/27,2295,2350,2285,2345,60900,2345
2006/06/28,2225,2270,2210,2240,93600,2240
2006/06/29,2205,2235,2170,2185,149400,2185
2006/06/30,2200,2230,2165,2180,113300,2180
2006/07/03,2195,2200,2190,2200,43900,2200
2006/07/04,2200,2205,2190,2195,39400,2195
2006/07/05,2190,2190,2145,2150,52000,2150
2006/07/06,2150,2165,2105,2125,62400,2125
2006/07/07,2130,2160,2130,2160,56700,2160
2006/07/10,2185,2215,2140,2215,77800,2215
2006/07/11,2215,2230,2200,2230,54200,2230
2006/07/12,2200,2230,2190,2220,80100,2220
2006/07/13,2215,2235,2175,2235,65100,2235
2006/07/14,2245,2265,2215,2240,44300,2240
2006/07/18,2245,2245,2150,2170,74400,2170
2006/07/19,2150,2185,2120,2140,50100,2140
2006/07/20,2180,2210,2155,2170,37200,2170
2006/07/21,2165,2170,2120,2135,34200,2135
2006/07/24,2140,2140,2105,2115,54600,2115
2006/07/25,2135,2135,2115,2125,25900,2125
2006/07/26,2130,2150,2100,2100,77000,2100
2006/07/27,2105,2115,2090,2105,62500,2105
2006/07/28,2120,2130,2090,2100,44100,2100
2006/07/31,2130,2155,2130,2145,31500,2145
2006/08/01,2150,2165,2110,2135,66400,2135
2006/08/02,2130,2135,2115,2120,17600,2120
2006/08/03,2130,2135,2120,2130,19700,2130
2006/08/04,2135,2150,2120,2125,28700,2125
2006/08/07,2130,2135,2110,2110,18700,2110
2006/08/08,2110,2120,2110,2120,15900,2120
2006/08/09,2120,2125,2110,2125,18700,2125
2006/08/10,2130,2145,2120,2140,33700,2140
2006/08/11,2140,2170,2140,2165,37500,2165
2006/08/14,2175,2200,2175,2200,26400,2200
2006/08/15,2205,2215,2180,2185,33100,2185
2006/08/16,2225,2240,2215,2240,35700,2240
2006/08/17,2245,2250,2220,2225,52600,2225
2006/08/18,2235,2235,2220,2235,28700,2235
2006/08/21,2245,2255,2235,2250,27000,2250
2006/08/22,2250,2285,2250,2285,36100,2285
2006/08/23,2290,2295,2275,2280,32600,2280
2006/08/24,2280,2320,2280,2310,58800,2310
2006/08/25,2325,2370,2325,2355,100500,2355
2006/08/28,2285,2325,2265,2305,79500,2305
2006/08/29,2300,2300,2260,2285,32100,2285
2006/08/30,2270,2290,2270,2285,19500,2285
2006/08/31,2285,2285,2255,2285,28200,2285
2006/09/01,2290,2320,2275,2315,37600,2315
2006/09/04,2310,2340,2265,2315,99800,2315
2006/09/05,2310,2320,2300,2315,24300,2315
2006/09/06,2310,2345,2295,2310,54400,2310
2006/09/07,2285,2305,2235,2250,45000,2250
2006/09/08,2250,2280,2230,2275,62900,2275
2006/09/11,2235,2240,2210,2220,53400,2220
2006/09/12,2145,2150,2085,2095,236400,2095
2006/09/13,2105,2125,2055,2075,149900,2075
2006/09/14,2080,2080,2030,2055,83300,2055
2006/09/15,2055,2060,2035,2050,86100,2050
2006/09/19,2000,2015,1997,2000,115900,2000
2006/09/20,2000,2005,1970,1973,128300,1973
2006/09/21,1975,1989,1951,1968,158300,1968
2006/09/22,1960,1969,1926,1938,94600,1938
2006/09/25,1950,1968,1935,1956,86000,1956
2006/09/26,1940,1962,1940,1946,53300,1946
2006/09/27,1960,1998,1960,1988,48000,1988
2006/09/28,2000,2020,1988,2010,67700,2010
2006/09/29,2030,2030,1994,2005,60700,2005
2006/10/02,2010,2045,2000,2040,51500,2040
2006/10/03,2045,2045,2000,2010,48100,2010
2006/10/04,2015,2025,1986,1986,37800,1986
2006/10/05,2000,2005,1973,1999,125200,1999
2006/10/06,2000,2005,1974,1981,43200,1981
2006/10/10,1980,2000,1962,1972,59500,1972
2006/10/11,1990,1990,1921,1923,46800,1923
2006/10/12,1942,1973,1923,1950,75200,1950
2006/10/13,1951,1960,1921,1934,81200,1934
2006/10/16,1934,1950,1934,1936,43400,1936
2006/10/17,1944,1960,1935,1950,43400,1950
2006/10/18,1950,1955,1937,1942,40400,1942
2006/10/19,1980,1990,1962,1975,60800,1975
2006/10/20,1990,1994,1974,1990,61600,1990
2006/10/23,1990,2005,1972,1988,50400,1988
2006/10/24,2000,2020,1990,1992,45700,1992
2006/10/25,2035,2035,2010,2010,45900,2010
2006/10/26,2040,2040,2010,2010,45300,2010
2006/10/27,2035,2035,2015,2020,39700,2020
2006/10/30,2030,2030,2005,2010,57400,2010
2006/10/31,2030,2030,2015,2015,32100,2015
2006/11/01,2015,2020,2000,2005,43000,2005
2006/11/02,1995,1995,1969,1974,64000,1974
2006/11/06,1974,1994,1965,1976,91900,1976
2006/11/07,1999,1999,1963,1969,53300,1969
2006/11/08,1981,1984,1942,1942,47700,1942
2006/11/09,1943,1964,1914,1922,75400,1922
2006/11/10,1943,1943,1915,1919,54400,1919
2006/11/13,1923,1938,1917,1922,42500,1922
2006/11/14,1935,1969,1926,1950,58300,1950
2006/11/15,1970,1970,1935,1935,35000,1935
2006/11/16,1960,1979,1948,1952,53800,1952
2006/11/17,1962,1967,1931,1936,22600,1936
2006/11/20,1933,1947,1901,1901,50700,1901
2006/11/21,1902,1920,1901,1913,51100,1913
2006/11/22,1913,1926,1910,1917,62100,1917
2006/11/24,1937,1937,1912,1920,33700,1920
2006/11/27,1910,1950,1910,1939,38300,1939
2006/11/28,1935,1953,1935,1944,46100,1944
2006/11/29,1944,1952,1934,1950,47200,1950
2006/11/30,1955,1969,1953,1964,28900,1964
2006/12/01,1980,1985,1966,1978,27700,1978
2006/12/04,1981,1985,1955,1976,77700,1976
2006/12/05,1971,1984,1964,1967,40100,1967
2006/12/06,1978,1993,1974,1991,59800,1991
2006/12/07,1998,2035,1990,2030,134400,2030
2006/12/08,2050,2050,2025,2025,101700,2025
2006/12/11,2030,2045,2030,2030,19500,2030
2006/12/12,2040,2055,2040,2040,67800,2040
2006/12/13,2060,2060,2040,2050,42800,2050
2006/12/14,2060,2060,2035,2045,67200,2045
2006/12/15,2035,2045,2010,2020,57000,2020
2006/12/18,2000,2020,1987,2005,44400,2005
2006/12/19,2000,2000,1951,1971,99300,1971
2006/12/20,1972,1978,1953,1973,41300,1973
2006/12/21,1973,1978,1966,1971,32400,1971
2006/12/22,1970,1995,1970,1990,50200,1990
2006/12/25,2000,2000,1979,1980,45400,1980
2006/12/26,1980,1997,1961,1997,36900,1997
2006/12/27,2005,2025,2005,2020,29800,2020
2006/12/28,2030,2045,2020,2035,41300,2035
2006/12/29,2040,2040,2025,2035,20100,2035
2007/01/04,2055,2060,2040,2055,24800,2055
2007/01/05,2070,2095,2055,2070,68200,2070
2007/01/09,2075,2085,2065,2085,43000,2085
2007/01/10,2090,2100,2060,2065,42700,2065
2007/01/11,2095,2115,2075,2090,81100,2090
2007/01/12,2110,2120,2080,2110,57300,2110
2007/01/15,2115,2135,2110,2120,33300,2120
2007/01/16,2140,2150,2125,2145,51000,2145
2007/01/17,2140,2140,2110,2120,31600,2120
2007/01/18,2125,2135,2110,2110,41100,2110
2007/01/19,2110,2115,2080,2095,71200,2095
2007/01/22,2085,2115,2075,2085,71000,2085
2007/01/23,2085,2090,2070,2075,27200,2075
2007/01/24,2080,2080,2065,2065,49000,2065
2007/01/25,2085,2085,2050,2055,51900,2055
2007/01/26,2040,2045,2010,2015,90100,2015
2007/01/29,2015,2030,2010,2020,76900,2020
2007/01/30,2040,2045,2020,2025,68500,2025
2007/01/31,2040,2045,2015,2030,52400,2030
2007/02/01,2040,2040,2025,2035,31300,2035
2007/02/02,2035,2050,2035,2035,30100,2035
2007/02/05,2050,2055,2015,2020,58200,2020
2007/02/06,2020,2030,2015,2015,28200,2015
2007/02/07,2025,2025,2005,2010,68900,2010
2007/02/08,2010,2025,2005,2005,55900,2005
2007/02/09,2000,2010,1993,2005,76600,2005
2007/02/13,2000,2010,1991,1997,78000,1997
2007/02/14,2000,2020,1999,2000,66500,2000
2007/02/15,2025,2050,2015,2045,94200,2045
2007/02/16,2045,2045,2025,2035,46400,2035
2007/02/19,2045,2060,2035,2040,74800,2040
2007/02/20,2050,2055,2035,2035,58000,2035
2007/02/21,2045,2055,2040,2050,84300,2050
2007/02/22,2050,2060,2045,2050,154100,2050
2007/02/23,2020,2035,2005,2030,82200,2030
2007/02/26,2020,2025,2010,2015,48700,2015
2007/02/27,2020,2035,2010,2020,88600,2020
2007/02/28,1960,2010,1931,2010,152000,2010
2007/03/01,2015,2025,1997,2015,96900,2015
2007/03/02,2015,2020,2005,2020,65500,2020
2007/03/05,1980,1999,1975,1976,59200,1976
2007/03/06,1975,1990,1965,1983,77400,1983
2007/03/07,1999,2020,1995,2000,67600,2000
2007/03/08,2005,2015,1988,2005,79400,2005
2007/03/09,1984,2005,1984,2000,122600,2000
2007/03/12,2000,2005,1987,1991,68300,1991
2007/03/13,2005,2020,1998,2005,102700,2005
2007/03/14,2010,2010,1962,1962,80700,1962
2007/03/15,1990,1993,1977,1982,58400,1982
2007/03/16,1965,1987,1962,1965,105100,1965
2007/03/19,1965,1974,1959,1967,123000,1967
2007/03/20,1982,2005,1980,1997,107400,1997
2007/03/22,2000,2005,1991,1998,65900,1998
2007/03/23,2010,2020,1998,2015,56500,2015
2007/03/26,2025,2025,2010,2025,58500,2025
2007/03/27,2020,2025,2010,2010,41000,2010
2007/03/28,2025,2050,2025,2040,72100,2040
2007/03/29,2035,2045,2010,2025,70300,2025
2007/03/30,2045,2045,2035,2040,51700,2040
2007/04/02,2030,2040,2010,2010,58800,2010
2007/04/03,2025,2030,2010,2020,51000,2020
2007/04/04,2045,2060,2035,2055,69900,2055
2007/04/05,2060,2150,2050,2115,157800,2115
2007/04/06,2100,2110,2085,2090,48700,2090
2007/04/09,2090,2110,2080,2105,48500,2105
2007/04/10,2120,2130,2100,2120,46000,2120
2007/04/11,2115,2115,2100,2100,54900,2100
2007/04/12,2105,2105,2075,2095,36300,2095
2007/04/13,2110,2110,2100,2100,30600,2100
2007/04/16,2100,2120,2095,2105,46700,2105
2007/04/17,2095,2110,2085,2100,56800,2100
2007/04/18,2095,2105,2085,2100,67500,2100
2007/04/19,2105,2105,2075,2085,41600,2085
2007/04/20,2090,2105,2085,2095,40200,2095
2007/04/23,2100,2110,2080,2095,67000,2095
2007/04/24,2095,2120,2095,2105,64600,2105
2007/04/25,2100,2120,2100,2105,79700,2105
2007/04/26,2120,2130,2110,2115,80800,2115
2007/04/27,2120,2140,2115,2120,51800,2120
2007/05/01,2140,2140,2125,2125,23300,2125
2007/05/02,2120,2135,2120,2130,33400,2130
2007/05/07,2135,2195,2130,2185,88900,2185
2007/05/08,2180,2210,2180,2210,83900,2210
2007/05/09,2200,2205,2165,2180,78800,2180
2007/05/10,2200,2225,2185,2225,80400,2225
2007/05/11,2220,2220,2170,2190,79100,2190
2007/05/14,2190,2210,2180,2185,55100,2185
2007/05/15,2200,2255,2190,2245,109700,2245
2007/05/16,2250,2250,2200,2225,38600,2225
2007/05/17,2220,2225,2200,2205,35800,2205
2007/05/18,2195,2200,2170,2190,48600,2190
2007/05/21,2150,2175,2105,2145,98900,2145
2007/05/22,2160,2195,2150,2190,46500,2190
2007/05/23,2175,2205,2165,2185,28500,2185
2007/05/24,2170,2190,2150,2170,35400,2170
2007/05/25,2145,2165,2110,2125,60500,2125
2007/05/28,2130,2145,2100,2130,71700,2130
2007/05/29,2105,2145,2105,2125,43300,2125
2007/05/30,2105,2120,2070,2100,82800,2100
2007/05/31,2095,2175,2095,2165,79500,2165
2007/06/01,2150,2160,2120,2135,49500,2135
2007/06/04,2135,2150,2120,2130,27200,2130
2007/06/05,2125,2145,2110,2145,40000,2145
2007/06/06,2145,2160,2130,2155,54400,2155
2007/06/07,2160,2165,2130,2165,42300,2165
2007/06/08,2170,2170,2145,2165,47500,2165
2007/06/11,2170,2175,2160,2170,14900,2170
2007/06/12,2160,2175,2140,2170,37700,2170
2007/06/13,2150,2165,2130,2160,25800,2160
2007/06/14,2160,2170,2140,2170,20500,2170
2007/06/15,2210,2210,2185,2205,44300,2205
2007/06/18,2205,2215,2190,2215,22000,2215
2007/06/19,2210,2215,2190,2195,28900,2195
2007/06/20,2200,2210,2185,2195,37900,2195
2007/06/21,2200,2200,2175,2200,32200,2200
2007/06/22,2200,2200,2175,2190,15800,2190
2007/06/25,2195,2220,2185,2185,45200,2185
2007/06/26,2195,2210,2185,2205,27200,2205
2007/06/27,2365,2395,2280,2295,521300,2295
2007/06/28,2355,2470,2330,2420,337000,2420
2007/06/29,2380,2405,2365,2370,108600,2370
2007/07/02,2370,2370,2290,2300,132100,2300
2007/07/03,2305,2335,2305,2330,47800,2330
2007/07/04,2330,2340,2310,2340,91300,2340
2007/07/05,2320,2345,2320,2345,17000,2345
2007/07/06,2315,2325,2275,2300,79300,2300
2007/07/09,2300,2300,2255,2265,98000,2265
2007/07/10,2270,2290,2250,2265,179200,2265
2007/07/11,2280,2295,2265,2270,95400,2270
2007/07/12,2290,2290,2255,2260,62200,2260
2007/07/13,2265,2325,2265,2315,76000,2315
2007/07/17,2315,2315,2290,2300,109300,2300
2007/07/18,2300,2305,2270,2290,71100,2290
2007/07/19,2270,2290,2245,2270,73000,2270
2007/07/20,2260,2270,2245,2255,85700,2255
2007/07/23,2250,2250,2210,2220,44800,2220
2007/07/24,2225,2250,2215,2240,32800,2240
2007/07/25,2230,2245,2210,2245,55900,2245
2007/07/26,2235,2235,2200,2200,31300,2200
2007/07/27,2165,2185,2160,2165,27200,2165
2007/07/30,2150,2205,2150,2200,33900,2200
2007/07/31,2280,2285,2225,2240,81500,2240
2007/08/01,2245,2255,2190,2190,60300,2190
2007/08/02,2190,2235,2190,2200,68800,2200
2007/08/03,2200,2230,2170,2190,57700,2190
2007/08/06,2190,2215,2185,2190,26400,2190
2007/08/07,2210,2230,2185,2185,23200,2185
2007/08/08,2155,2205,2110,2130,116000,2130
2007/08/09,2060,2075,1945,1953,390400,1953
2007/08/10,1952,1980,1883,1918,343800,1918
2007/08/13,1938,2095,1930,2080,261900,2080
2007/08/14,2050,2090,2035,2085,54200,2085
2007/08/15,2045,2065,2020,2045,59500,2045
2007/08/16,2015,2025,1963,1990,100500,1990
2007/08/17,1999,1999,1907,1910,141000,1910
2007/08/20,1970,1970,1908,1926,125600,1926
2007/08/21,1956,2015,1938,1998,147800,1998
2007/08/22,1999,1999,1970,1975,43200,1975
2007/08/23,1990,2010,1975,1992,84600,1992
2007/08/24,2025,2025,1993,2010,72900,2010
2007/08/27,2045,2045,1992,1999,107600,1999
2007/08/28,2000,2015,1990,2005,75500,2005
2007/08/29,1996,2005,1969,1996,74500,1996
2007/08/30,1996,1996,1980,1993,32600,1993
2007/08/31,1998,2020,1980,2020,59900,2020
2007/09/03,2020,2020,2000,2010,26900,2010
2007/09/04,2015,2020,2000,2015,25400,2015
2007/09/05,2015,2030,1990,2025,76400,2025
2007/09/06,2005,2010,1980,2005,51500,2005
2007/09/07,1990,2015,1990,2015,34300,2015
2007/09/10,1965,2035,1965,2010,63100,2010
2007/09/11,1971,1995,1966,1969,126200,1969
2007/09/12,2015,2015,1963,1965,81300,1965
2007/09/13,1961,1995,1959,1975,87100,1975
2007/09/14,1945,1976,1945,1960,122600,1960
2007/09/18,1955,1970,1950,1953,105900,1953
2007/09/19,1950,1980,1950,1960,80400,1960
2007/09/20,1982,1998,1962,1970,72400,1970
2007/09/21,1940,1963,1940,1955,70200,1955
2007/09/25,1995,1998,1955,1992,89600,1992
2007/09/26,1998,2020,1980,2010,35600,2010
2007/09/27,2020,2030,2005,2015,40200,2015
2007/09/28,2030,2070,2025,2050,74800,2050
2007/10/01,2050,2070,2050,2065,39400,2065
2007/10/02,2075,2085,2065,2075,16000,2075
2007/10/03,2025,2060,2020,2060,80800,2060
2007/10/04,2060,2075,2050,2070,55100,2070
2007/10/05,2090,2125,2085,2100,92900,2100
2007/10/09,2115,2120,2070,2080,84100,2080
2007/10/10,2110,2150,2095,2100,72600,2100
2007/10/11,2105,2140,2105,2125,54700,2125
2007/10/12,2140,2190,2135,2160,79900,2160
2007/10/15,2170,2190,2160,2175,53100,2175
2007/10/16,2170,2170,2090,2105,62200,2105
2007/10/17,2105,2110,2085,2090,37800,2090
2007/10/18,2070,2075,2045,2075,46900,2075
2007/10/19,2070,2070,2030,2045,31900,2045
2007/10/22,2005,2020,1982,2010,37300,2010
2007/10/23,2010,2035,1995,1997,56300,1997
2007/10/24,2025,2040,1989,1996,54100,1996
2007/10/25,1998,1998,1962,1969,44700,1969
2007/10/26,1999,2030,1987,2015,55200,2015
2007/10/29,2030,2085,2030,2075,70600,2075
2007/10/30,2050,2065,2035,2040,71500,2040
2007/10/31,2070,2085,2045,2080,50800,2080
2007/11/01,2040,2095,2035,2070,51700,2070
2007/11/02,2030,2085,2005,2060,38000,2060
2007/11/05,2065,2075,2045,2055,50700,2055
2007/11/06,2030,2075,2020,2075,60800,2075
2007/11/07,2070,2090,2065,2065,70100,2065
2007/11/08,2030,2075,2020,2050,56400,2050
2007/11/09,2075,2075,2020,2025,34800,2025
2007/11/12,2020,2020,1982,1995,50300,1995
2007/11/13,1990,1997,1976,1983,42000,1983
2007/11/14,2045,2045,1989,2005,43600,2005
2007/11/15,2005,2020,1990,1999,65200,1999
2007/11/16,2015,2015,1953,1963,39900,1963
2007/11/19,1963,1984,1917,1934,58000,1934
2007/11/20,1944,1944,1916,1925,32600,1925
2007/11/21,1925,1954,1918,1919,51000,1919
2007/11/22,1927,1946,1925,1928,29900,1928
2007/11/26,1928,1967,1928,1956,29400,1956
2007/11/27,1926,1995,1926,1989,82600,1989
2007/11/28,1985,1989,1954,1975,69200,1975
2007/11/29,1982,2015,1982,2010,56600,2010
2007/11/30,2010,2035,2005,2005,35400,2005
2007/12/03,2015,2030,1996,2005,35600,2005
2007/12/04,2020,2035,1988,2020,71500,2020
2007/12/05,2015,2095,2010,2095,47200,2095
2007/12/06,2090,2090,2025,2055,69300,2055
2007/12/07,2085,2085,2030,2045,30800,2045
2007/12/10,2070,2070,2005,2015,35500,2015
2007/12/11,2015,2040,2015,2040,27000,2040
2007/12/12,2000,2030,1990,2030,25300,2030
2007/12/13,2010,2020,2000,2005,29000,2005
2007/12/14,1994,2020,1994,2010,29400,2010
2007/12/17,1992,2010,1974,1974,48100,1974
2007/12/18,1994,2005,1974,1983,51200,1983
2007/12/19,1970,2005,1970,1972,51600,1972
2007/12/20,1955,1991,1955,1966,88600,1966
2007/12/21,1952,1981,1950,1971,43300,1971
2007/12/25,2010,2010,1984,1999,28700,1999
2007/12/26,2010,2020,1988,1998,87800,1998
2007/12/27,2010,2020,1990,2020,61800,2020
2007/12/28,1992,1998,1983,1995,16500,1995
2008/01/04,1968,1984,1955,1966,36700,1966
2008/01/07,1953,1958,1922,1926,56600,1926
2008/01/08,1952,1952,1908,1911,66700,1911
2008/01/09,1914,1969,1914,1961,90600,1961
2008/01/10,1949,1986,1940,1952,167700,1952
2008/01/11,1982,1986,1957,1957,99400,1957
2008/01/15,1958,1962,1911,1918,106800,1918
2008/01/16,1918,1921,1871,1884,92600,1884
2008/01/17,1940,1992,1902,1991,136800,1991
2008/01/18,1991,2065,1966,2050,131300,2050
2008/01/21,2010,2020,1948,1948,98000,1948
2008/01/22,1947,1951,1913,1946,130800,1946
2008/01/23,1970,1999,1955,1982,141200,1982
2008/01/24,2005,2040,1989,2040,53400,2040
2008/01/25,2015,2045,2010,2020,135700,2020
2008/01/28,2020,2040,2015,2035,89900,2035
2008/01/29,2010,2040,1995,2035,35200,2035
2008/01/30,2000,2035,2000,2020,64500,2020
2008/01/31,2000,2030,1993,2030,71500,2030
2008/02/01,2035,2055,2025,2045,61000,2045
2008/02/04,2045,2070,2040,2060,41000,2060
2008/02/05,2065,2085,2050,2085,37800,2085
2008/02/06,2080,2080,2030,2030,44300,2030
2008/02/07,2070,2070,2030,2065,31200,2065
2008/02/08,2060,2095,2055,2075,32100,2075
2008/02/12,2070,2080,2045,2065,31900,2065
2008/02/13,2095,2110,2085,2085,70000,2085
2008/02/14,2115,2150,2115,2135,33400,2135
2008/02/15,2110,2145,2100,2135,57800,2135
2008/02/18,2095,2135,2095,2120,54100,2120
2008/02/19,2110,2120,2085,2105,61500,2105
2008/02/20,2105,2110,2080,2085,40100,2085
2008/02/21,2080,2130,2075,2120,49900,2120
2008/02/22,2115,2120,2090,2095,42300,2095
2008/02/25,2095,2140,2090,2125,90000,2125
2008/02/26,2100,2100,2035,2035,68800,2035
2008/02/27,2040,2090,2040,2090,47000,2090
2008/02/28,2040,2065,2035,2045,37500,2045
2008/02/29,2005,2015,1982,1997,59800,1997
2008/03/03,1992,1992,1949,1957,69200,1957
2008/03/04,1945,1984,1940,1953,60200,1953
2008/03/05,1940,1954,1926,1926,32700,1926
2008/03/06,1950,1973,1948,1966,48500,1966
2008/03/07,1966,2020,1943,1990,127000,1990
2008/03/10,2015,2030,1958,1962,62100,1962
2008/03/11,1960,1983,1948,1976,59500,1976
2008/03/12,1989,1995,1967,1984,41600,1984
2008/03/13,1930,1985,1930,1946,39300,1946
2008/03/14,1886,1950,1862,1898,68400,1898
2008/03/17,1802,1819,1762,1796,63100,1796
2008/03/18,1766,1794,1721,1785,57100,1785
2008/03/19,1815,1849,1809,1847,60400,1847
2008/03/21,1847,1926,1847,1926,54400,1926
2008/03/24,1900,1914,1872,1872,30200,1872
2008/03/25,1903,1907,1871,1879,43700,1879
2008/03/26,1909,1928,1801,1904,216100,1904
2008/03/27,1930,1959,1900,1928,204200,1928
2008/03/28,1911,1966,1910,1932,105800,1932
2008/03/31,1939,1989,1939,1951,125300,1951
2008/04/01,1978,1979,1945,1979,126500,1979
2008/04/02,2010,2045,2005,2025,77600,2025
2008/04/03,2040,2070,2035,2045,80400,2045
2008/04/04,2045,2045,2005,2010,27700,2010
2008/04/07,2040,2125,2015,2120,91600,2120
2008/04/08,2110,2150,2105,2120,117100,2120
2008/04/09,2120,2125,2100,2120,56900,2120
2008/04/10,2100,2100,2065,2085,86000,2085
2008/04/11,2100,2185,2070,2175,66500,2175
2008/04/14,2135,2195,2125,2195,68900,2195
2008/04/15,2155,2185,2155,2170,36400,2170
2008/04/16,2195,2225,2175,2175,59700,2175
2008/04/17,2200,2215,2180,2185,35900,2185
2008/04/18,2200,2200,2130,2135,54400,2135
2008/04/21,2170,2185,2155,2170,45000,2170
2008/04/22,2155,2170,2115,2120,41700,2120
2008/04/23,2115,2150,2110,2120,25300,2120
2008/04/24,2115,2165,2115,2140,38200,2140
2008/04/25,2145,2190,2145,2185,23300,2185
2008/04/28,2170,2185,2150,2155,25200,2155
2008/04/30,2135,2165,2135,2150,27300,2150
2008/05/01,2125,2140,2085,2085,33000,2085
2008/05/02,2100,2140,2090,2135,33000,2135
2008/05/07,2095,2125,2095,2105,44200,2105
2008/05/08,2085,2120,2085,2085,33500,2085
2008/05/09,2155,2155,2080,2080,28700,2080
2008/05/12,2040,2085,2040,2075,49400,2075
2008/05/13,2080,2095,2070,2090,28300,2090
2008/05/14,2095,2120,2090,2105,50600,2105
2008/05/15,2130,2150,2115,2125,24100,2125
2008/05/16,2130,2145,2110,2115,21700,2115
2008/05/19,2100,2115,2075,2075,28200,2075
2008/05/20,2070,2105,2065,2085,27300,2085
2008/05/21,2055,2095,2055,2085,30900,2085
2008/05/22,2080,2140,2065,2105,29900,2105
2008/05/23,2100,2125,2065,2065,29200,2065
2008/05/26,2060,2060,2020,2035,21000,2035
2008/05/27,2030,2065,2005,2025,21600,2025
2008/05/28,2005,2060,2000,2010,53700,2010
2008/05/29,2010,2060,2005,2040,16300,2040
2008/05/30,2050,2075,2045,2060,23900,2060
2008/06/02,2060,2080,2035,2070,25400,2070
2008/06/03,2075,2075,2030,2030,25200,2030
2008/06/04,2035,2070,2035,2055,33300,2055
2008/06/05,2040,2130,2030,2115,82200,2115
2008/06/06,2120,2125,2095,2105,31600,2105
2008/06/09,2085,2120,2065,2085,28600,2085
2008/06/10,2085,2170,2070,2135,67900,2135
2008/06/11,2175,2270,2160,2240,101600,2240
2008/06/12,2235,2235,2210,2235,49000,2235
2008/06/13,2165,2180,2150,2170,63600,2170
2008/06/16,2170,2205,2155,2205,23900,2205
2008/06/17,2225,2225,2185,2195,32700,2195
2008/06/18,2185,2200,2170,2170,39200,2170
2008/06/19,2175,2210,2175,2190,35400,2190
2008/06/20,2195,2195,2145,2150,25600,2150
2008/06/23,2150,2165,2135,2155,22700,2155
2008/06/24,2150,2200,2150,2165,24200,2165
2008/06/25,2125,2195,2085,2190,92600,2190
2008/06/26,2210,2285,2185,2280,77400,2280
2008/06/27,2240,2290,2220,2275,52800,2275
2008/06/30,2265,2275,2245,2275,38900,2275
2008/07/01,2235,2260,2135,2220,61500,2220
2008/07/02,2225,2230,2155,2220,67800,2220
2008/07/03,2225,2235,2190,2210,53900,2210
2008/07/04,2225,2230,2200,2205,53700,2205
2008/07/07,2205,2245,2200,2235,30000,2235
2008/07/08,2210,2220,2190,2210,20100,2210
2008/07/09,2275,2370,2270,2355,154200,2355
2008/07/10,2350,2370,2330,2350,67400,2350
2008/07/11,2340,2400,2320,2390,75000,2390
2008/07/14,2360,2385,2360,2370,55900,2370
2008/07/15,2340,2360,2315,2360,50300,2360
2008/07/16,2325,2360,2315,2355,39000,2355
2008/07/17,2350,2350,2320,2335,42200,2335
2008/07/18,2330,2340,2290,2295,36800,2295
2008/07/22,2265,2325,2265,2320,45400,2320
2008/07/23,2335,2355,2325,2355,48200,2355
2008/07/24,2365,2400,2365,2400,34100,2400
2008/07/25,2400,2400,2375,2400,38200,2400
2008/07/28,2370,2385,2355,2360,43300,2360
2008/07/29,2320,2325,2270,2310,88000,2310
2008/07/30,2350,2440,2315,2425,76500,2425
2008/07/31,2425,2450,2415,2440,44000,2440
2008/08/01,2430,2440,2405,2425,21800,2425
2008/08/04,2425,2435,2385,2395,25000,2395
2008/08/05,2330,2380,2320,2365,64200,2365
2008/08/06,2365,2425,2365,2415,33900,2415
2008/08/07,2420,2420,2310,2330,63300,2330
2008/08/08,2320,2345,2315,2335,28700,2335
2008/08/11,2315,2340,2280,2290,27200,2290
2008/08/12,2245,2260,2220,2225,53800,2225
2008/08/13,2205,2215,2175,2200,35700,2200
2008/08/14,2185,2210,2180,2185,15900,2185
2008/08/15,2175,2215,2175,2200,43700,2200
2008/08/18,2205,2245,2195,2220,60400,2220
2008/08/19,2225,2230,2180,2185,33200,2185
2008/08/20,2190,2205,2180,2195,36400,2195
2008/08/21,2210,2220,2180,2185,34600,2185
2008/08/22,2180,2180,2130,2135,27700,2135
2008/08/25,2135,2170,2135,2145,83300,2145
2008/08/26,2120,2120,2085,2095,46500,2095
2008/08/27,2055,2065,2030,2035,64400,2035
2008/08/28,2025,2050,2020,2030,31500,2030
2008/08/29,2065,2105,2065,2105,38400,2105
2008/09/01,2090,2145,2065,2120,38400,2120
2008/09/02,2155,2160,2110,2125,58400,2125
2008/09/03,2115,2160,2115,2155,32900,2155
2008/09/04,2160,2170,2130,2160,37900,2160
2008/09/05,2060,2135,2055,2115,65000,2115
2008/09/08,2090,2135,2075,2090,28700,2090
2008/09/09,2065,2080,2040,2050,35900,2050
2008/09/10,2000,2045,1999,2040,51100,2040
2008/09/11,2010,2035,2005,2015,54300,2015
2008/09/12,2050,2095,2045,2085,53400,2085
2008/09/16,2005,2035,1991,2025,30300,2025
2008/09/17,2025,2025,2000,2010,26900,2010
2008/09/18,1991,2020,1961,2000,50200,2000
2008/09/19,1975,1987,1905,1906,72200,1906
2008/09/22,1965,1965,1871,1880,65400,1880
2008/09/24,1870,1928,1861,1924,57600,1924
2008/09/25,1950,1950,1880,1920,55000,1920
2008/09/26,1936,1957,1907,1930,47300,1930
2008/09/29,1949,1970,1921,1930,43600,1930
2008/09/30,1900,1908,1836,1908,48800,1908
2008/10/01,1938,1945,1900,1944,31300,1944
2008/10/02,1950,1965,1921,1922,31100,1922
2008/10/03,1935,1945,1925,1940,33100,1940
2008/10/06,1918,1938,1830,1853,52000,1853
2008/10/07,1800,1823,1703,1737,97200,1737
2008/10/08,1700,1704,1561,1588,72500,1588
2008/10/09,1589,1649,1502,1552,132900,1552
2008/10/10,1500,1528,1361,1387,272400,1387
2008/10/14,1587,1587,1500,1530,82800,1530
2008/10/15,1565,1573,1516,1553,101500,1553
2008/10/16,1523,1538,1440,1486,107500,1486
2008/10/17,1530,1590,1502,1590,143200,1590
2008/10/20,1623,1720,1610,1708,69300,1708
2008/10/21,1750,1770,1720,1737,46700,1737
2008/10/22,1700,1768,1675,1690,60700,1690
2008/10/23,1610,1678,1560,1678,75000,1678
2008/10/24,1708,1708,1582,1606,55700,1606
2008/10/27,1570,1629,1536,1542,72400,1542
2008/10/28,1520,1641,1492,1641,77300,1641
2008/10/29,1690,1698,1629,1696,66000,1696
2008/10/30,1699,1830,1684,1830,56700,1830
2008/10/31,1843,1850,1772,1818,86500,1818
2008/11/04,1789,1819,1756,1800,68800,1800
2008/11/05,1825,1839,1751,1775,59300,1775
2008/11/06,1749,1799,1745,1778,30100,1778
2008/11/07,1748,1810,1740,1774,48400,1774
2008/11/10,1800,1821,1777,1801,52700,1801
2008/11/11,1805,1845,1755,1820,63500,1820
2008/11/12,1761,1872,1761,1859,55300,1859
2008/11/13,1770,1873,1770,1851,29700,1851
2008/11/14,1851,1880,1810,1816,42800,1816
2008/11/17,1800,1910,1777,1865,74100,1865
2008/11/18,1877,1920,1859,1875,35600,1875
2008/11/19,1870,1884,1820,1871,40600,1871
2008/11/20,1868,1888,1830,1855,61800,1855
2008/11/21,1825,1877,1810,1861,94400,1861
2008/11/25,1920,1920,1860,1909,60400,1909
2008/11/26,1899,1948,1879,1932,51300,1932
2008/11/27,1920,1944,1875,1918,32800,1918
2008/11/28,1888,1891,1833,1843,68100,1843
2008/12/01,1863,1863,1793,1804,80900,1804
2008/12/02,1790,1790,1713,1717,72500,1717
2008/12/03,1720,1836,1720,1830,65300,1830
2008/12/04,1785,1844,1778,1818,67800,1818
2008/12/05,1801,1879,1801,1856,51500,1856
2008/12/08,1916,1986,1894,1947,93300,1947
2008/12/09,1972,1995,1926,1948,86700,1948
2008/12/10,1981,1981,1884,1901,51300,1901
2008/12/11,1930,1930,1886,1915,25000,1915
2008/12/12,1922,1922,1817,1857,77400,1857
2008/12/15,1866,1938,1866,1922,50200,1922
2008/12/16,1912,1917,1879,1913,54500,1913
2008/12/17,1918,1938,1836,1883,73200,1883
2008/12/18,1884,1892,1855,1859,38200,1859
2008/12/19,1874,1881,1850,1865,24000,1865
2008/12/22,1887,1887,1856,1869,15600,1869
2008/12/24,1871,1893,1870,1887,23100,1887
2008/12/25,1947,1977,1926,1971,68400,1971
2008/12/26,1933,1950,1851,1872,64700,1872
2008/12/29,1889,1890,1842,1875,36500,1875
2008/12/30,1855,1880,1851,1873,10300,1873
2009/01/05,1851,1880,1800,1813,48500,1813
2009/01/06,1812,1816,1791,1793,44800,1793
2009/01/07,1781,1786,1735,1735,66100,1735
2009/01/08,1705,1718,1655,1662,127500,1662
2009/01/09,1681,1727,1666,1705,86800,1705
2009/01/13,1695,1726,1665,1714,94400,1714
2009/01/14,1690,1722,1681,1696,60800,1696
2009/01/15,1683,1699,1667,1681,68000,1681
2009/01/16,1680,1707,1669,1679,114900,1679
2009/01/19,1679,1694,1642,1652,87200,1652
2009/01/20,1641,1677,1641,1662,42000,1662
2009/01/21,1632,1647,1604,1620,82100,1620
2009/01/22,1610,1666,1610,1658,58200,1658
2009/01/23,1669,1670,1603,1624,75400,1624
2009/01/26,1600,1617,1583,1598,81200,1598
2009/01/27,1658,1660,1628,1646,79000,1646
2009/01/28,1651,1655,1612,1634,97400,1634
2009/01/29,1651,1665,1638,1653,35800,1653
2009/01/30,1623,1650,1619,1639,62300,1639
2009/02/02,1639,1647,1603,1636,39000,1636
2009/02/03,1615,1655,1615,1625,75000,1625
2009/02/04,1625,1648,1617,1646,34200,1646
2009/02/05,1646,1650,1624,1626,42300,1626
2009/02/06,1621,1649,1620,1621,59900,1621
2009/02/09,1621,1631,1600,1604,96000,1604
2009/02/10,1605,1621,1595,1601,42800,1601
2009/02/12,1600,1615,1582,1602,63700,1602
2009/02/13,1605,1648,1601,1640,118000,1640
2009/02/16,1657,1672,1639,1665,53100,1665
2009/02/17,1654,1664,1623,1628,50900,1628
2009/02/18,1620,1621,1604,1614,85200,1614
2009/02/19,1625,1628,1601,1606,44900,1606
2009/02/20,1614,1615,1577,1585,99300,1585
2009/02/23,1570,1612,1565,1599,128500,1599
2009/02/24,1489,1525,1476,1521,165200,1521
2009/02/25,1560,1564,1474,1517,149300,1517
2009/02/26,1501,1525,1501,1522,76600,1522
2009/02/27,1510,1557,1497,1555,77500,1555
2009/03/02,1554,1558,1508,1534,48800,1534
2009/03/03,1510,1530,1504,1510,56200,1510
2009/03/04,1496,1529,1485,1501,99500,1501
2009/03/05,1531,1573,1512,1549,44900,1549
2009/03/06,1534,1559,1511,1519,61700,1519
2009/03/09,1513,1537,1510,1515,41700,1515
2009/03/10,1500,1504,1464,1470,46500,1470
2009/03/11,1461,1482,1401,1429,109400,1429
2009/03/12,1434,1451,1403,1405,45000,1405
2009/03/13,1385,1419,1385,1393,80400,1393
2009/03/16,1408,1444,1408,1440,37500,1440
2009/03/17,1465,1497,1453,1468,55700,1468
2009/03/18,1480,1489,1463,1469,44800,1469
2009/03/19,1470,1473,1428,1445,43100,1445
2009/03/23,1455,1489,1444,1489,47900,1489
2009/03/24,1498,1505,1474,1504,65400,1504
2009/03/25,1509,1509,1472,1504,81500,1504
2009/03/26,1504,1549,1495,1527,61200,1527
2009/03/27,1569,1578,1533,1566,58200,1566
2009/03/30,1579,1595,1537,1541,56400,1541
2009/03/31,1538,1554,1531,1541,40000,1541
2009/04/01,1512,1560,1490,1505,38700,1505
2009/04/02,1550,1560,1533,1540,45300,1540
2009/04/03,1560,1569,1507,1528,47500,1528
2009/04/06,1543,1548,1470,1481,49800,1481
2009/04/07,1481,1497,1466,1479,68700,1479
2009/04/08,1472,1490,1453,1459,63900,1459
2009/04/09,1479,1479,1456,1462,50100,1462
2009/04/10,1482,1482,1448,1453,55700,1453
2009/04/13,1468,1499,1443,1450,50100,1450
2009/04/14,1441,1457,1420,1425,79200,1425
2009/04/15,1420,1460,1420,1452,75800,1452
2009/04/16,1473,1492,1465,1472,46000,1472
2009/04/17,1472,1491,1471,1475,45900,1475
2009/04/20,1472,1495,1403,1405,138700,1405
2009/04/21,1406,1450,1403,1441,77700,1441
2009/04/22,1460,1460,1420,1438,66400,1438
2009/04/23,1441,1443,1421,1425,75000,1425
2009/04/24,1439,1439,1411,1411,47400,1411
2009/04/27,1431,1433,1407,1409,48900,1409
2009/04/28,1421,1429,1410,1410,37400,1410
2009/04/30,1413,1424,1403,1403,60500,1403
2009/05/01,1406,1414,1395,1405,53100,1405
2009/05/07,1435,1449,1423,1437,74100,1437
2009/05/08,1455,1463,1443,1452,51900,1452
2009/05/11,1472,1474,1456,1465,34900,1465
2009/05/12,1462,1466,1440,1444,36700,1444
2009/05/13,1444,1469,1443,1468,36100,1468
2009/05/14,1450,1451,1433,1437,48500,1437
2009/05/15,1436,1448,1430,1447,35200,1447
2009/05/18,1441,1441,1422,1422,35800,1422
2009/05/19,1438,1439,1425,1435,43600,1435
2009/05/20,1439,1459,1439,1444,35500,1444
2009/05/21,1456,1466,1442,1446,46300,1446
2009/05/22,1455,1498,1449,1478,68500,1478
2009/05/25,1495,1504,1475,1482,64900,1482
2009/05/26,1499,1503,1489,1501,38400,1501
2009/05/27,1502,1505,1476,1481,62800,1481
2009/05/28,1481,1492,1464,1464,61600,1464
2009/05/29,1483,1497,1467,1487,78900,1487
2009/06/01,1488,1494,1473,1481,48800,1481
2009/06/02,1499,1505,1481,1492,49900,1492
2009/06/03,1494,1507,1485,1490,48700,1490
2009/06/04,1498,1503,1487,1498,52000,1498
2009/06/05,1518,1522,1506,1511,74000,1511
2009/06/08,1526,1526,1495,1497,45300,1497
2009/06/09,1507,1512,1492,1508,57100,1508
2009/06/10,1520,1524,1508,1523,42400,1523
2009/06/11,1524,1539,1520,1523,32300,1523
2009/06/12,1510,1533,1508,1519,76200,1519
2009/06/15,1539,1539,1526,1534,40100,1534
2009/06/16,1537,1537,1521,1522,58300,1522
2009/06/17,1522,1532,1521,1527,22500,1527
2009/06/18,1522,1531,1522,1526,47900,1526
2009/06/19,1530,1536,1525,1536,70800,1536
2009/06/22,1536,1554,1531,1551,63400,1551
2009/06/23,1552,1552,1532,1533,46100,1533
2009/06/24,1536,1536,1493,1504,96300,1504
2009/06/25,1535,1535,1505,1515,46700,1515
2009/06/26,1530,1544,1515,1535,46600,1535
2009/06/29,1542,1555,1538,1544,32500,1544
2009/06/30,1549,1560,1539,1552,28600,1552
2009/07/01,1552,1559,1545,1552,56900,1552
2009/07/02,1560,1570,1550,1565,57500,1565
2009/07/03,1555,1568,1541,1548,62300,1548
2009/07/06,1548,1560,1548,1556,27100,1556
2009/07/07,1565,1604,1565,1604,64600,1604
2009/07/08,1581,1589,1570,1579,49600,1579
2009/07/09,1575,1576,1549,1559,63500,1559
2009/07/10,1589,1589,1559,1577,49000,1577
2009/07/13,1568,1574,1517,1522,44000,1522
2009/07/14,1541,1541,1511,1520,44500,1520
2009/07/15,1516,1524,1510,1514,28600,1514
2009/07/16,1519,1525,1508,1510,29900,1510
2009/07/17,1511,1527,1510,1516,33300,1516
2009/07/21,1521,1554,1520,1539,27700,1539
2009/07/22,1554,1554,1538,1542,28100,1542
2009/07/23,1522,1530,1518,1520,51500,1520
2009/07/24,1554,1554,1530,1533,30200,1533
2009/07/27,1549,1549,1532,1539,26500,1539
2009/07/28,1536,1550,1535,1547,27400,1547
2009/07/29,1547,1550,1537,1540,23000,1540
2009/07/30,1539,1549,1539,1544,18300,1544
2009/07/31,1545,1552,1543,1550,17600,1550
2009/08/03,1551,1560,1550,1558,43700,1558
2009/08/04,1564,1567,1554,1566,30200,1566
2009/08/05,1566,1566,1554,1555,30400,1555
2009/08/06,1557,1560,1546,1546,48100,1546
2009/08/07,1547,1553,1531,1553,42200,1553
2009/08/10,1554,1563,1548,1557,28000,1557
2009/08/11,1554,1570,1554,1567,33400,1567
2009/08/12,1565,1570,1556,1558,28200,1558
2009/08/13,1567,1567,1559,1559,21900,1559
2009/08/14,1560,1566,1552,1559,40500,1559
2009/08/17,1555,1558,1544,1544,36100,1544
2009/08/18,1545,1555,1539,1548,56800,1548
2009/08/19,1553,1553,1545,1545,19600,1545
2009/08/20,1546,1559,1539,1551,70300,1551
2009/08/21,1555,1559,1539,1557,35600,1557
2009/08/24,1561,1575,1560,1567,56400,1567
2009/08/25,1529,1550,1526,1546,178800,1546
2009/08/26,1533,1543,1527,1527,110900,1527
2009/08/27,1525,1527,1511,1527,48400,1527
2009/08/28,1525,1531,1517,1530,32100,1530
2009/08/31,1531,1545,1516,1520,102600,1520
2009/09/01,1518,1531,1518,1518,37500,1518
2009/09/02,1510,1511,1466,1482,76700,1482
2009/09/03,1466,1481,1465,1470,38000,1470
2009/09/04,1466,1468,1438,1440,43000,1440
2009/09/07,1455,1455,1422,1427,31100,1427
2009/09/08,1422,1428,1400,1425,70600,1425
2009/09/09,1432,1445,1424,1445,47400,1445
2009/09/10,1460,1463,1450,1457,47600,1457
2009/09/11,1477,1477,1452,1459,54500,1459
2009/09/14,1453,1454,1428,1436,48100,1436
2009/09/15,1450,1451,1426,1434,34900,1434
2009/09/16,1435,1437,1423,1423,43200,1423
2009/09/17,1437,1437,1416,1427,38400,1427
2009/09/18,1428,1428,1407,1417,42800,1417
2009/09/24,1418,1434,1412,1434,48600,1434
2009/09/25,1437,1437,1408,1412,34800,1412
2009/09/28,1412,1426,1410,1421,43200,1421
2009/09/29,1424,1424,1405,1413,39400,1413
2009/09/30,1410,1420,1407,1420,40500,1420
2009/10/01,1415,1417,1402,1405,29500,1405
2009/10/02,1400,1402,1375,1386,58800,1386
2009/10/05,1373,1398,1373,1396,52200,1396
2009/10/06,1392,1395,1376,1380,59900,1380
2009/10/07,1375,1376,1353,1361,117400,1361
2009/10/08,1350,1352,1338,1345,115400,1345
2009/10/09,1345,1370,1333,1352,103300,1352
2009/10/13,1351,1352,1323,1346,98500,1346
2009/10/14,1342,1346,1324,1325,76900,1325
2009/10/15,1320,1323,1295,1303,121700,1303
2009/10/16,1299,1303,1288,1297,92800,1297
2009/10/19,1278,1289,1258,1269,134000,1269
2009/10/20,1279,1291,1276,1287,81400,1287
2009/10/21,1294,1296,1289,1289,66200,1289
2009/10/22,1283,1292,1270,1288,100100,1288
2009/10/23,1298,1298,1276,1281,90300,1281
2009/10/26,1280,1280,1261,1269,78700,1269
2009/10/27,1263,1265,1255,1259,63100,1259
2009/10/28,1262,1276,1261,1275,71500,1275
2009/10/29,1262,1265,1253,1260,85200,1260
2009/10/30,1279,1279,1261,1267,78100,1267
2009/11/02,1250,1260,1248,1257,65700,1257
2009/11/04,1250,1253,1226,1240,80900,1240
2009/11/05,1233,1242,1230,1235,61100,1235
2009/11/06,1238,1238,1207,1217,75300,1217
2009/11/09,1210,1213,1192,1205,76400,1205
2009/11/10,1210,1210,1202,1206,80100,1206
2009/11/11,1208,1208,1189,1193,66900,1193
2009/11/12,1190,1193,1163,1169,83900,1169
2009/11/13,1169,1190,1169,1188,65100,1188
2009/11/16,1185,1186,1170,1176,70500,1176
2009/11/17,1175,1175,1147,1150,102300,1150
2009/11/18,1151,1152,1139,1140,141100,1140
2009/11/19,1137,1138,1101,1119,124500,1119
2009/11/20,1101,1135,1101,1134,137200,1134
2009/11/24,1138,1138,1124,1124,67800,1124
2009/11/25,1135,1135,1114,1126,48700,1126
2009/11/26,1128,1128,1108,1109,97200,1109
2009/11/27,1108,1134,1106,1119,49800,1119
2009/11/30,1119,1125,1102,1117,95500,1117
2009/12/01,1106,1123,1105,1120,92100,1120
2009/12/02,1123,1129,1115,1119,38300,1119
2009/12/03,1120,1145,1120,1142,61200,1142
2009/12/04,1149,1149,1120,1127,74800,1127
2009/12/07,1130,1137,1115,1118,59500,1118
2009/12/08,1123,1124,1105,1107,58700,1107
2009/12/09,1107,1113,1078,1083,114700,1083
2009/12/10,1093,1093,1076,1077,67700,1077
2009/12/11,1095,1098,1071,1075,99700,1075
2009/12/14,1075,1075,1041,1049,126900,1049
2009/12/15,1041,1062,1036,1049,69100,1049
2009/12/16,1045,1070,1045,1052,98400,1052
2009/12/17,1053,1059,1046,1052,93600,1052
2009/12/18,1053,1057,1048,1049,62400,1049
2009/12/21,1050,1052,1041,1046,74100,1046
2009/12/22,1049,1056,1045,1051,39600,1051
2009/12/24,1055,1060,1052,1055,72200,1055
2009/12/25,1075,1075,1063,1067,68400,1067
2009/12/28,1073,1081,1070,1078,51100,1078
2009/12/29,1088,1124,1086,1117,113100,1117
2009/12/30,1137,1149,1130,1130,149100,1130
2010/01/04,1137,1145,1130,1138,35200,1138
2010/01/05,1144,1146,1130,1131,52300,1131
2010/01/06,1140,1144,1123,1143,67200,1143
2010/01/07,1145,1145,1137,1139,33200,1139
2010/01/08,1139,1143,1125,1133,81600,1133
2010/01/12,1133,1140,1130,1137,53600,1137
2010/01/13,1137,1142,1132,1135,51900,1135
2010/01/14,1140,1140,1128,1137,56800,1137
2010/01/15,1137,1142,1133,1142,45800,1142
2010/01/18,1142,1149,1128,1129,104900,1129
2010/01/19,1128,1131,1123,1126,52900,1126
2010/01/20,1127,1132,1124,1126,49100,1126
2010/01/21,1127,1131,1120,1121,68900,1121
2010/01/22,1121,1123,1101,1107,93900,1107
2010/01/25,1101,1105,1092,1098,72400,1098
2010/01/26,1098,1104,1090,1090,56400,1090
2010/01/27,1090,1092,1073,1074,81100,1074
2010/01/28,1074,1079,1074,1077,25700,1077
2010/01/29,1077,1085,1060,1065,72200,1065
2010/02/01,1070,1070,1053,1066,78600,1066
2010/02/02,1069,1072,1056,1063,41700,1063
2010/02/03,1064,1080,1064,1077,40300,1077
2010/02/04,1071,1087,1066,1073,116200,1073
2010/02/05,1071,1075,1060,1060,96300,1060
2010/02/08,1063,1063,1043,1045,120400,1045
2010/02/09,1046,1048,1030,1035,136600,1035
2010/02/10,1039,1040,1025,1025,94600,1025
2010/02/12,1030,1037,1024,1029,109300,1029
2010/02/15,1035,1039,1030,1030,39500,1030
2010/02/16,1036,1040,1030,1031,77300,1031
2010/02/17,1038,1043,1035,1037,105700,1037
2010/02/18,1043,1049,1037,1049,93300,1049
2010/02/19,1056,1057,1047,1050,113900,1050
2010/02/22,1064,1065,1054,1059,94700,1059
2010/02/23,1053,1058,1050,1051,226100,1051
2010/02/24,1027,1030,1014,1021,189400,1021
2010/02/25,1024,1029,1011,1023,114400,1023
2010/02/26,1025,1029,1021,1028,60500,1028
2010/03/01,1030,1032,1023,1025,59500,1025
2010/03/02,1022,1030,1021,1027,62900,1027
2010/03/03,1025,1030,1019,1023,53700,1023
2010/03/04,1025,1028,1016,1019,72000,1019
2010/03/05,1021,1029,1018,1024,98300,1024
2010/03/08,1027,1028,1020,1024,59800,1024
2010/03/09,1022,1025,1012,1014,112600,1014
2010/03/10,1010,1017,1010,1015,63500,1015
2010/03/11,1017,1022,1013,1022,96400,1022
2010/03/12,1025,1025,1016,1024,67500,1024
2010/03/15,1023,1029,1023,1027,50300,1027
2010/03/16,1029,1034,1026,1033,76700,1033
2010/03/17,1030,1036,1018,1023,169100,1023
2010/03/18,1025,1028,1012,1014,157400,1014
2010/03/19,1015,1020,1015,1017,59900,1017
2010/03/23,1020,1028,1016,1025,83100,1025
2010/03/24,1029,1030,1017,1023,102200,1023
2010/03/25,1028,1028,1017,1017,80000,1017
2010/03/26,1023,1029,1019,1029,84600,1029
2010/03/29,1030,1036,1027,1036,85600,1036
2010/03/30,1040,1074,1040,1074,164500,1074
2010/03/31,1081,1092,1080,1086,116600,1086
2010/04/01,1082,1091,1080,1089,62000,1089
2010/04/02,1088,1092,1084,1091,65800,1091
2010/04/05,1091,1115,1091,1114,110400,1114
2010/04/06,1130,1134,1116,1122,117000,1122
2010/04/07,1117,1125,1107,1122,71200,1122
2010/04/08,1115,1139,1115,1133,101100,1133
2010/04/09,1136,1149,1133,1146,86800,1146
2010/04/12,1151,1157,1148,1150,108800,1150
2010/04/13,1150,1152,1131,1141,84200,1141
2010/04/14,1134,1139,1131,1131,48100,1131
2010/04/15,1180,1215,1165,1212,357400,1212
2010/04/16,1224,1242,1216,1231,216400,1231
2010/04/19,1229,1277,1228,1259,297000,1259
2010/04/20,1263,1304,1262,1299,253100,1299
2010/04/21,1299,1306,1265,1281,212400,1281
2010/04/22,1295,1349,1291,1344,316800,1344
2010/04/23,1348,1380,1346,1372,221000,1372
2010/04/26,1370,1386,1369,1378,147200,1378
2010/04/27,1371,1375,1326,1364,146500,1364
2010/04/28,1314,1380,1314,1348,140600,1348
2010/04/30,1335,1374,1335,1364,111500,1364
2010/05/06,1334,1363,1328,1334,146900,1334
2010/05/07,1304,1308,1285,1293,161900,1293
2010/05/10,1285,1321,1266,1306,138500,1306
2010/05/11,1327,1353,1317,1323,104400,1323
2010/05/12,1317,1338,1317,1338,106500,1338
2010/05/13,1338,1347,1328,1334,102000,1334
2010/05/14,1326,1337,1318,1331,54400,1331
2010/05/17,1311,1326,1300,1312,84400,1312
2010/05/18,1309,1309,1278,1292,88900,1292
2010/05/19,1279,1287,1276,1281,80200,1281
2010/05/20,1261,1288,1260,1278,85700,1278
2010/05/21,1251,1264,1240,1242,78800,1242
2010/05/24,1232,1255,1194,1235,135400,1235
2010/05/25,1205,1231,1198,1202,113500,1202
2010/05/26,1191,1227,1191,1208,98000,1208
2010/05/27,1197,1217,1195,1206,100700,1206
2010/05/28,1227,1243,1215,1225,52800,1225
2010/05/31,1234,1246,1228,1235,76400,1235
2010/06/01,1231,1237,1218,1225,36100,1225
2010/06/02,1206,1207,1184,1198,104900,1198
2010/06/03,1208,1220,1201,1208,72700,1208
2010/06/04,1222,1230,1196,1202,53700,1202
2010/06/07,1191,1192,1166,1170,61400,1170
2010/06/08,1171,1183,1170,1179,66800,1179
2010/06/09,1192,1215,1182,1209,124800,1209
2010/06/10,1230,1238,1198,1211,134400,1211
2010/06/11,1241,1244,1209,1217,104000,1217
2010/06/14,1245,1245,1215,1227,70300,1227
2010/06/15,1222,1237,1219,1228,65800,1228
2010/06/16,1229,1243,1229,1238,43100,1238
2010/06/17,1238,1251,1238,1243,34600,1243
2010/06/18,1240,1274,1240,1272,87200,1272
2010/06/21,1274,1307,1274,1304,92200,1304
2010/06/22,1308,1315,1296,1304,87800,1304
2010/06/23,1284,1297,1260,1273,55400,1273
2010/06/24,1259,1271,1243,1267,65700,1267
2010/06/25,1268,1268,1227,1244,91200,1244
2010/06/28,1238,1247,1220,1233,42600,1233
2010/06/29,1230,1247,1220,1230,49500,1230
2010/06/30,1216,1234,1211,1230,48600,1230
2010/07/01,1218,1232,1207,1215,24400,1215
2010/07/02,1210,1214,1204,1214,30100,1214
2010/07/05,1210,1229,1210,1227,30000,1227
2010/07/06,1218,1232,1211,1227,24400,1227
2010/07/07,1217,1218,1191,1209,74400,1209
2010/07/08,1227,1266,1226,1244,85500,1244
2010/07/09,1273,1273,1235,1239,51800,1239
2010/07/12,1239,1253,1235,1238,31400,1238
2010/07/13,1238,1246,1231,1232,36900,1232
2010/07/14,1250,1254,1238,1243,22100,1243
2010/07/15,1240,1246,1227,1235,24300,1235
2010/07/16,1227,1232,1216,1218,46200,1218
2010/07/20,1218,1228,1210,1212,68900,1212
2010/07/21,1212,1224,1201,1211,38300,1211
2010/07/22,1201,1219,1201,1210,37100,1210
2010/07/23,1202,1220,1202,1205,77000,1205
2010/07/26,1212,1224,1209,1211,42400,1211
2010/07/27,1217,1229,1215,1219,27700,1219
2010/07/28,1225,1243,1223,1233,49300,1233
2010/07/29,1236,1237,1218,1218,34200,1218
2010/07/30,1217,1219,1194,1197,69400,1197
2010/08/02,1200,1212,1196,1196,32500,1196
2010/08/03,1211,1215,1203,1213,47600,1213
2010/08/04,1213,1214,1192,1194,47300,1194
2010/08/05,1200,1203,1195,1198,56300,1198
2010/08/06,1198,1206,1195,1199,45100,1199
2010/08/09,1201,1207,1201,1204,26700,1204
2010/08/10,1210,1214,1206,1209,41100,1209
2010/08/11,1208,1209,1195,1199,44900,1199
2010/08/12,1193,1207,1193,1206,59000,1206
2010/08/13,1203,1222,1201,1221,41300,1221
2010/08/16,1222,1228,1216,1228,36900,1228
2010/08/17,1228,1243,1227,1242,47900,1242
2010/08/18,1248,1254,1239,1250,46000,1250
2010/08/19,1256,1265,1251,1255,37400,1255
2010/08/20,1242,1260,1240,1246,49400,1246
2010/08/23,1249,1258,1246,1255,36500,1255
2010/08/24,1252,1257,1243,1244,62400,1244
2010/08/25,1233,1235,1215,1220,67400,1220
2010/08/26,1229,1237,1201,1209,232900,1209
2010/08/27,1195,1214,1184,1210,100600,1210
2010/08/30,1210,1225,1206,1217,76100,1217
2010/08/31,1214,1222,1200,1200,67700,1200
2010/09/01,1206,1218,1196,1217,43600,1217
2010/09/02,1225,1233,1221,1226,43300,1226
2010/09/03,1226,1243,1224,1239,72300,1239
2010/09/06,1239,1250,1236,1246,44300,1246
2010/09/07,1233,1240,1225,1236,30900,1236
2010/09/08,1222,1230,1208,1213,25700,1213
2010/09/09,1219,1232,1216,1227,30000,1227
2010/09/10,1224,1249,1222,1244,55200,1244
2010/09/13,1239,1245,1222,1224,45700,1224
2010/09/14,1228,1232,1203,1209,62300,1209
2010/09/15,1202,1239,1202,1229,35700,1229
2010/09/16,1230,1234,1210,1213,36700,1213
2010/09/17,1213,1223,1210,1219,25200,1219
2010/09/21,1231,1231,1220,1220,37000,1220
2010/09/22,1228,1269,1225,1259,86500,1259
2010/09/24,1260,1265,1244,1249,59600,1249
2010/09/27,1247,1265,1238,1264,36900,1264
2010/09/28,1255,1264,1228,1263,30600,1263
2010/09/29,1263,1274,1257,1272,31500,1272
2010/09/30,1259,1270,1231,1232,60000,1232
2010/10/01,1242,1257,1230,1254,51800,1254
2010/10/04,1254,1268,1254,1257,70600,1257
2010/10/05,1249,1265,1236,1264,48300,1264
2010/10/06,1265,1265,1240,1244,38100,1244
2010/10/07,1244,1288,1244,1287,117800,1287
2010/10/08,1287,1291,1265,1266,60800,1266
2010/10/12,1278,1278,1228,1244,61500,1244
2010/10/13,1235,1259,1233,1238,39300,1238
2010/10/14,1240,1255,1227,1243,44000,1243
2010/10/15,1228,1250,1221,1227,51900,1227
2010/10/18,1227,1256,1227,1239,40100,1239
2010/10/19,1228,1245,1224,1231,48500,1231
2010/10/20,1220,1227,1208,1218,35800,1218
2010/10/21,1210,1246,1187,1238,73200,1238
2010/10/22,1222,1225,1205,1214,43800,1214
2010/10/25,1218,1238,1218,1225,39600,1225
2010/10/26,1216,1229,1203,1218,49000,1218
2010/10/27,1210,1217,1186,1213,81300,1213
2010/10/28,1214,1225,1202,1202,81500,1202
2010/10/29,1197,1206,1184,1191,54900,1191
2010/11/01,1193,1206,1185,1195,35500,1195
2010/11/02,1192,1204,1188,1194,25400,1194
2010/11/04,1194,1217,1193,1210,59400,1210
2010/11/05,1228,1257,1222,1243,76700,1243
2010/11/08,1241,1251,1230,1247,65600,1247
2010/11/09,1242,1257,1237,1239,46300,1239
2010/11/10,1239,1254,1234,1251,56500,1251
2010/11/11,1240,1264,1237,1264,38700,1264
2010/11/12,1247,1267,1245,1245,59100,1245
2010/11/15,1254,1255,1234,1240,37600,1240
2010/11/16,1238,1253,1218,1239,81100,1239
2010/11/17,1226,1245,1226,1239,23400,1239
2010/11/18,1243,1272,1232,1266,90100,1266
2010/11/19,1266,1266,1252,1256,40300,1256
2010/11/22,1276,1276,1252,1253,38900,1253
2010/11/24,1250,1270,1242,1255,74400,1255
2010/11/25,1271,1271,1252,1261,27200,1261
2010/11/26,1261,1264,1249,1256,32000,1256
2010/11/29,1256,1263,1252,1254,28200,1254
2010/11/30,1250,1250,1221,1224,129300,1224
2010/12/01,1227,1230,1206,1217,104600,1217
2010/12/02,1235,1235,1225,1231,42600,1231
2010/12/03,1240,1240,1233,1235,44400,1235
2010/12/06,1235,1241,1234,1238,16400,1238
2010/12/07,1230,1236,1224,1228,45100,1228
2010/12/08,1230,1249,1230,1249,79600,1249
2010/12/09,1250,1266,1249,1265,73800,1265
2010/12/10,1282,1282,1250,1273,120300,1273
2010/12/13,1285,1289,1268,1284,55700,1284
2010/12/14,1281,1285,1275,1284,50000,1284
2010/12/15,1280,1290,1279,1286,45600,1286
2010/12/16,1291,1291,1276,1281,38000,1281
2010/12/17,1280,1286,1276,1280,36100,1280
2010/12/20,1280,1289,1277,1282,35100,1282
2010/12/21,1284,1291,1279,1286,38400,1286
2010/12/22,1286,1289,1281,1286,47900,1286
2010/12/24,1346,1358,1300,1316,192100,1316
2010/12/27,1322,1350,1322,1344,59600,1344
2010/12/28,1365,1408,1365,1392,187600,1392
2010/12/29,1389,1413,1389,1407,86300,1407
2010/12/30,1412,1415,1400,1407,50200,1407
2011/01/04,1407,1427,1407,1414,64300,1414
2011/01/05,1408,1413,1394,1399,69000,1399
2011/01/06,1406,1412,1397,1408,74100,1408
2011/01/07,1425,1439,1421,1432,153600,1432
2011/01/11,1440,1464,1438,1442,110700,1442
2011/01/12,1446,1453,1435,1438,59000,1438
2011/01/13,1450,1452,1435,1449,54000,1449
2011/01/14,1441,1443,1422,1429,83000,1429
2011/01/17,1422,1428,1410,1419,46100,1419
2011/01/18,1424,1435,1417,1427,40500,1427
2011/01/19,1435,1450,1427,1450,66300,1450
2011/01/20,1450,1467,1448,1466,75100,1466
2011/01/21,1466,1478,1442,1442,81100,1442
2011/01/24,1454,1467,1441,1462,54000,1462
2011/01/25,1469,1478,1454,1471,46200,1471
2011/01/26,1465,1478,1456,1459,49500,1459
2011/01/27,1457,1467,1457,1460,38300,1460
2011/01/28,1456,1462,1440,1441,34800,1441
2011/01/31,1434,1456,1431,1446,58300,1446
2011/02/01,1446,1456,1441,1448,39200,1448
2011/02/02,1454,1475,1448,1469,69300,1469
2011/02/03,1469,1469,1443,1453,78000,1453
2011/02/04,1463,1474,1461,1468,29700,1468
2011/02/07,1479,1493,1473,1488,62400,1488
2011/02/08,1490,1494,1474,1478,57200,1478
2011/02/09,1478,1482,1470,1476,45200,1476
2011/02/10,1476,1488,1473,1473,39200,1473
2011/02/14,1486,1489,1480,1489,39200,1489
2011/02/15,1490,1492,1483,1485,29900,1485
2011/02/16,1480,1486,1476,1477,57200,1477
2011/02/17,1480,1489,1480,1485,45900,1485
2011/02/18,1490,1492,1482,1486,45800,1486
2011/02/21,1490,1490,1484,1487,39600,1487
2011/02/22,1484,1490,1478,1487,61000,1487
2011/02/23,1488,1488,1481,1481,192700,1481
2011/02/24,1429,1446,1423,1429,132800,1429
2011/02/25,1413,1431,1403,1429,61900,1429
2011/02/28,1422,1423,1405,1414,76500,1414
2011/03/01,1415,1425,1410,1422,52500,1422
2011/03/02,1415,1438,1411,1420,80700,1420
2011/03/03,1420,1440,1413,1438,60000,1438
2011/03/04,1440,1442,1428,1431,32200,1431
2011/03/07,1426,1430,1393,1400,53900,1400
2011/03/08,1393,1401,1387,1393,55600,1393
2011/03/09,1399,1417,1395,1408,45000,1408
2011/03/10,1413,1422,1398,1402,55600,1402
2011/03/11,1373,1388,1363,1367,112100,1367
2011/03/14,1067,1267,1067,1216,198300,1216
2011/03/15,1200,1201,1050,1050,152800,1050
2011/03/16,1071,1167,1071,1161,112900,1161
2011/03/17,1120,1179,1105,1174,123700,1174
2011/03/18,1191,1222,1191,1197,61600,1197
2011/03/22,1250,1283,1248,1266,63700,1266
2011/03/23,1296,1304,1270,1293,41100,1293
2011/03/24,1293,1313,1277,1277,52800,1277
2011/03/25,1318,1318,1292,1306,42300,1306
2011/03/28,1315,1320,1289,1298,33300,1298
2011/03/29,1300,1317,1275,1311,42200,1311
2011/03/30,1301,1339,1297,1339,37600,1339
2011/03/31,1332,1365,1324,1362,53200,1362
2011/04/01,1354,1365,1337,1339,46700,1339
2011/04/04,1343,1353,1330,1341,38200,1341
2011/04/05,1346,1346,1313,1323,29400,1323
2011/04/06,1339,1340,1312,1317,58400,1317
2011/04/07,1333,1334,1303,1308,41300,1308
2011/04/08,1300,1319,1285,1307,48500,1307
2011/04/11,1301,1313,1301,1309,17800,1309
2011/04/12,1300,1309,1293,1296,19300,1296
2011/04/13,1297,1308,1287,1292,34100,1292
2011/04/14,1301,1316,1293,1312,30900,1312
2011/04/15,1303,1332,1293,1327,87400,1327
2011/04/18,1313,1325,1289,1299,63700,1299
2011/04/19,1292,1308,1291,1302,42000,1302
2011/04/20,1310,1310,1263,1285,113800,1285
2011/04/21,1296,1296,1280,1281,48300,1281
2011/04/22,1277,1286,1272,1282,27400,1282
2011/04/25,1299,1299,1267,1276,28000,1276
2011/04/26,1284,1291,1271,1286,30300,1286
2011/04/27,1285,1301,1285,1290,29200,1290
2011/04/28,1297,1306,1289,1304,26200,1304
2011/05/02,1301,1312,1301,1309,18900,1309
2011/05/06,1320,1320,1301,1320,28500,1320
2011/05/09,1320,1320,1302,1306,21500,1306
2011/05/10,1320,1320,1310,1314,28900,1314
2011/05/11,1314,1322,1313,1318,23700,1318
2011/05/12,1315,1340,1314,1328,49900,1328
2011/05/13,1324,1340,1315,1324,73400,1324
2011/05/16,1320,1335,1320,1321,42900,1321
2011/05/17,1322,1334,1318,1323,29400,1323
2011/05/18,1333,1339,1324,1330,24700,1330
2011/05/19,1325,1334,1317,1322,30800,1322
2011/05/20,1322,1340,1322,1333,32000,1333
2011/05/23,1339,1339,1320,1325,31800,1325
2011/05/24,1326,1346,1326,1343,29000,1343
2011/05/25,1347,1347,1333,1345,19600,1345
2011/05/26,1350,1371,1346,1351,37500,1351
2011/05/27,1356,1356,1338,1342,26900,1342
2011/05/30,1342,1365,1336,1354,18400,1354
2011/05/31,1354,1367,1353,1363,20600,1363
2011/06/01,1363,1374,1351,1372,31100,1372
2011/06/02,1362,1366,1353,1361,31500,1361
2011/06/03,1365,1365,1348,1348,34000,1348
2011/06/06,1348,1367,1346,1358,22900,1358
2011/06/07,1357,1367,1348,1358,25800,1358
2011/06/08,1359,1361,1350,1359,17000,1359
2011/06/09,1356,1370,1356,1369,31200,1369
2011/06/10,1388,1397,1372,1376,52000,1376
2011/06/13,1370,1392,1366,1388,24900,1388
2011/06/14,1386,1397,1371,1391,41000,1391
2011/06/15,1392,1395,1382,1382,17900,1382
2011/06/16,1380,1380,1356,1356,52900,1356
2011/06/17,1362,1368,1346,1349,41300,1349
2011/06/20,1364,1378,1363,1372,30700,1372
2011/06/21,1381,1381,1362,1368,24400,1368
2011/06/22,1368,1387,1368,1371,30100,1371
2011/06/23,1377,1385,1365,1371,18200,1371
2011/06/24,1401,1404,1385,1392,49100,1392
2011/06/27,1394,1399,1370,1381,30600,1381
2011/06/28,1387,1412,1387,1403,32800,1403
2011/06/29,1420,1420,1407,1415,19600,1415
2011/06/30,1415,1449,1413,1449,33400,1449
2011/07/01,1448,1449,1435,1440,31400,1440
2011/07/04,1440,1447,1432,1433,26900,1433
2011/07/05,1433,1444,1431,1437,15200,1437
2011/07/06,1437,1440,1418,1436,35700,1436
2011/07/07,1420,1443,1417,1439,27900,1439
2011/07/08,1449,1449,1441,1443,36000,1443
2011/07/11,1443,1460,1443,1456,32900,1456
2011/07/12,1453,1461,1453,1458,24500,1458
2011/07/13,1452,1464,1452,1455,31400,1455
2011/07/14,1455,1480,1455,1477,31800,1477
2011/07/15,1480,1488,1473,1474,35000,1474
2011/07/19,1483,1494,1483,1494,47800,1494
2011/07/20,1495,1495,1483,1484,38800,1484
2011/07/21,1487,1490,1485,1485,18500,1485
2011/07/22,1489,1495,1481,1485,28900,1485
2011/07/25,1491,1494,1487,1491,21100,1491
2011/07/26,1493,1495,1488,1488,18200,1488
2011/07/27,1485,1487,1466,1478,26300,1478
2011/07/28,1473,1485,1453,1462,40700,1462
2011/07/29,1454,1464,1448,1448,39500,1448
2011/08/01,1448,1473,1445,1466,23900,1466
2011/08/02,1468,1468,1453,1463,19300,1463
2011/08/03,1450,1451,1436,1443,26500,1443
2011/08/04,1436,1438,1428,1429,28100,1429
2011/08/05,1403,1424,1400,1420,47700,1420
2011/08/08,1403,1417,1401,1411,33700,1411
2011/08/09,1397,1412,1381,1411,67700,1411
2011/08/10,1428,1456,1427,1448,52000,1448
2011/08/11,1430,1480,1428,1480,43100,1480
2011/08/12,1485,1485,1460,1470,42000,1470
2011/08/15,1473,1488,1473,1481,28600,1481
2011/08/16,1490,1490,1477,1487,35300,1487
2011/08/17,1480,1490,1476,1487,32800,1487
2011/08/18,1490,1499,1485,1499,76700,1499
2011/08/19,1483,1499,1483,1496,33100,1496
2011/08/22,1486,1498,1486,1492,32300,1492
2011/08/23,1507,1515,1488,1489,115400,1489
2011/08/24,1493,1504,1471,1481,80200,1481
2011/08/25,1490,1501,1473,1473,93000,1473
2011/08/26,1466,1470,1436,1445,259900,1445
2011/08/29,1431,1444,1420,1437,113600,1437
2011/08/30,1440,1442,1399,1418,94800,1418
2011/08/31,1405,1436,1402,1436,81800,1436
2011/09/01,1450,1450,1421,1425,81300,1425
2011/09/02,1425,1445,1418,1436,56700,1436
2011/09/05,1425,1441,1422,1436,21200,1436
2011/09/06,1437,1438,1409,1416,54900,1416
2011/09/07,1430,1460,1416,1450,118600,1450
2011/09/08,1450,1457,1439,1456,74600,1456
2011/09/09,1456,1460,1437,1444,91100,1444
2011/09/12,1435,1453,1432,1438,49000,1438
2011/09/13,1432,1440,1424,1436,44700,1436
2011/09/14,1440,1456,1411,1412,64300,1412
2011/09/15,1427,1443,1418,1442,40200,1442
2011/09/16,1443,1463,1437,1463,81500,1463
2011/09/20,1458,1461,1445,1455,31900,1455
2011/09/21,1446,1461,1436,1448,36300,1448
2011/09/22,1422,1447,1422,1440,54900,1440
2011/09/26,1430,1440,1416,1429,24600,1429
2011/09/27,1426,1439,1415,1424,42600,1424
2011/09/28,1424,1443,1421,1427,82000,1427
2011/09/29,1437,1448,1425,1447,65400,1447
2011/09/30,1440,1462,1439,1459,74000,1459
2011/10/03,1452,1457,1426,1451,35500,1451
2011/10/04,1451,1468,1450,1459,64500,1459
2011/10/05,1469,1469,1446,1459,53800,1459
2011/10/06,1457,1483,1446,1477,54600,1477
2011/10/07,1478,1495,1451,1458,95500,1458
2011/10/11,1456,1492,1451,1480,61100,1480
2011/10/12,1476,1484,1467,1470,19700,1470
2011/10/13,1482,1483,1440,1443,51900,1443
2011/10/14,1434,1453,1433,1449,29800,1449
2011/10/17,1462,1462,1437,1453,31100,1453
2011/10/18,1455,1455,1429,1432,18300,1432
2011/10/19,1449,1449,1424,1432,23300,1432
2011/10/20,1435,1435,1418,1426,18700,1426
2011/10/21,1434,1435,1422,1429,9800,1429
2011/10/24,1427,1437,1423,1427,17600,1427
2011/10/25,1436,1440,1415,1419,21300,1419
2011/10/26,1414,1428,1411,1412,24100,1412
2011/10/27,1414,1419,1401,1418,20400,1418
2011/10/28,1430,1437,1421,1425,26200,1425
2011/10/31,1425,1444,1411,1411,32700,1411
2011/11/01,1405,1410,1385,1385,45900,1385
2011/11/02,1383,1390,1365,1373,50500,1373
2011/11/04,1370,1375,1353,1355,46300,1355
2011/11/07,1352,1355,1343,1347,38900,1347
2011/11/08,1346,1361,1339,1341,36900,1341
2011/11/09,1355,1395,1344,1395,56900,1395
2011/11/10,1375,1383,1364,1370,34800,1370
2011/11/11,1369,1385,1350,1352,35200,1352
2011/11/14,1352,1366,1351,1355,31300,1355
2011/11/15,1358,1391,1358,1391,36600,1391
2011/11/16,1387,1387,1360,1366,33000,1366
2011/11/17,1368,1385,1352,1379,43500,1379
2011/11/18,1370,1380,1363,1371,23600,1371
2011/11/21,1379,1410,1379,1404,40900,1404
2011/11/22,1400,1411,1395,1410,27100,1410
2011/11/24,1400,1404,1382,1387,21100,1387
2011/11/25,1396,1396,1367,1367,26500,1367
2011/11/28,1383,1397,1369,1396,25600,1396
2011/11/29,1400,1445,1391,1445,62800,1445
2011/11/30,1435,1443,1417,1430,36500,1430
2011/12/01,1431,1436,1405,1409,27700,1409
2011/12/02,1412,1421,1398,1405,21000,1405
2011/12/05,1419,1434,1411,1431,20500,1431
2011/12/06,1427,1433,1408,1410,21700,1410
2011/12/07,1419,1432,1412,1427,25300,1427
2011/12/08,1428,1438,1412,1422,16800,1422
2011/12/09,1422,1422,1412,1419,34100,1419
2011/12/12,1427,1428,1414,1415,22200,1415
2011/12/13,1412,1417,1398,1399,24900,1399
2011/12/14,1400,1408,1393,1397,19600,1397
2011/12/15,1397,1400,1393,1394,13200,1394
2011/12/16,1401,1409,1393,1394,23900,1394
2011/12/19,1395,1405,1394,1401,19200,1401
2011/12/20,1400,1404,1396,1397,22200,1397
2011/12/21,1405,1405,1393,1400,32000,1400
2011/12/22,1390,1398,1390,1393,14900,1393
2011/12/26,1401,1405,1395,1405,15400,1405
2011/12/27,1405,1419,1403,1418,12100,1418
2011/12/28,1418,1425,1417,1422,13400,1422
2011/12/29,1425,1432,1412,1431,17200,1431
2011/12/30,1431,1439,1428,1439,11700,1439
2012/01/04,1450,1457,1443,1447,23700,1447
2012/01/05,1449,1457,1445,1452,28200,1452
2012/01/06,1459,1460,1440,1447,24600,1447
2012/01/10,1447,1452,1438,1439,25300,1439
2012/01/11,1441,1443,1410,1411,40800,1411
2012/01/12,1411,1419,1395,1397,45600,1397
2012/01/13,1397,1403,1390,1391,54300,1391
2012/01/16,1395,1400,1388,1393,24500,1393
2012/01/17,1393,1408,1392,1394,49100,1394
2012/01/18,1395,1404,1394,1401,39500,1401
2012/01/19,1401,1408,1396,1397,42200,1397
2012/01/20,1401,1406,1392,1396,50600,1396
2012/01/23,1399,1403,1396,1403,61300,1403
2012/01/24,1403,1406,1400,1400,23600,1400
2012/01/25,1406,1407,1400,1403,25600,1403
2012/01/26,1405,1406,1399,1399,26700,1399
2012/01/27,1400,1409,1400,1406,24100,1406
2012/01/30,1417,1420,1412,1413,33500,1413
2012/01/31,1417,1419,1410,1416,27800,1416
2012/02/01,1420,1427,1417,1424,24900,1424
2012/02/02,1429,1435,1425,1425,22800,1425
2012/02/03,1427,1430,1420,1421,21300,1421
2012/02/06,1429,1429,1421,1423,22800,1423
2012/02/07,1423,1426,1419,1421,28100,1421
2012/02/08,1420,1424,1418,1424,31000,1424
2012/02/09,1423,1428,1420,1427,35400,1427
2012/02/10,1427,1427,1422,1426,32800,1426
2012/02/13,1427,1428,1421,1422,26100,1422
2012/02/14,1425,1427,1421,1427,19900,1427
2012/02/15,1428,1433,1427,1433,39100,1433
2012/02/16,1427,1436,1427,1428,39800,1428
2012/02/17,1452,1464,1450,1452,109100,1452
2012/02/20,1453,1462,1451,1452,52000,1452
2012/02/21,1453,1461,1452,1458,49000,1458
2012/02/22,1459,1475,1459,1466,67900,1466
2012/02/23,1470,1476,1467,1475,76800,1475
2012/02/24,1475,1481,1472,1472,278400,1472
2012/02/27,1448,1455,1445,1451,134800,1451
2012/02/28,1445,1448,1438,1444,71900,1444
2012/02/29,1448,1471,1446,1469,110200,1469
2012/03/01,1465,1468,1451,1454,52400,1454
2012/03/02,1458,1464,1448,1462,56400,1462
2012/03/05,1456,1470,1456,1467,55200,1467
2012/03/06,1467,1477,1457,1463,32700,1463
2012/03/07,1455,1492,1455,1492,84400,1492
2012/03/08,1495,1500,1487,1497,64400,1497
2012/03/09,1508,1512,1501,1501,80500,1501
2012/03/12,1498,1509,1496,1497,27100,1497
2012/03/13,1498,1499,1486,1486,34600,1486
2012/03/14,1500,1510,1490,1494,91100,1494
2012/03/15,1509,1530,1502,1530,93600,1530
2012/03/16,1529,1532,1516,1517,55900,1517
2012/03/19,1517,1520,1512,1514,27100,1514
2012/03/21,1515,1515,1495,1500,52000,1500
2012/03/22,1493,1504,1490,1493,63600,1493
2012/03/23,1492,1500,1484,1496,45200,1496
2012/03/26,1500,1507,1490,1490,54600,1490
2012/03/27,1498,1512,1491,1512,56300,1512
2012/03/28,1510,1546,1509,1546,73000,1546
2012/03/29,1526,1580,1525,1578,100100,1578
2012/03/30,1574,1600,1569,1600,58600,1600
2012/04/02,1600,1600,1561,1588,93800,1588
2012/04/03,1587,1589,1566,1577,51500,1577
2012/04/04,1577,1586,1544,1558,54300,1558
2012/04/05,1545,1563,1540,1549,44900,1549
2012/04/06,1550,1564,1536,1551,61000,1551
2012/04/09,1550,1552,1510,1532,93000,1532
2012/04/10,1538,1560,1534,1550,43500,1550
2012/04/11,1536,1541,1526,1530,35800,1530
2012/04/12,1545,1545,1524,1524,42000,1524
2012/04/13,1522,1523,1470,1482,126400,1482
2012/04/16,1481,1493,1466,1470,90500,1470
2012/04/17,1484,1518,1470,1514,81400,1514
2012/04/18,1528,1529,1510,1527,70400,1527
2012/04/19,1515,1524,1501,1507,67900,1507
2012/04/20,1502,1526,1502,1519,77800,1519
2012/04/23,1479,1485,1419,1427,395400,1427
2012/04/24,1420,1437,1414,1419,134300,1419
2012/04/25,1437,1438,1415,1428,90900,1428
2012/04/26,1424,1432,1417,1418,113800,1418
2012/04/27,1419,1425,1403,1411,104700,1411
2012/05/01,1411,1414,1401,1402,90300,1402
2012/05/02,1403,1437,1403,1425,165900,1425
2012/05/07,1421,1429,1407,1425,104700,1425
2012/05/08,1430,1439,1422,1437,63600,1437
2012/05/09,1437,1437,1414,1420,115200,1420
2012/05/10,1414,1421,1405,1413,80700,1413
2012/05/11,1406,1415,1375,1378,135400,1378
2012/05/14,1378,1384,1367,1368,79100,1368
2012/05/15,1362,1363,1335,1347,98500,1347
2012/05/16,1340,1344,1320,1324,58400,1324
2012/05/17,1322,1358,1322,1347,84800,1347
2012/05/18,1345,1346,1323,1340,62100,1340
2012/05/21,1340,1355,1335,1346,61400,1346
2012/05/22,1350,1360,1335,1337,41800,1337
2012/05/23,1339,1341,1326,1331,101100,1331
2012/05/24,1322,1347,1320,1323,102700,1323
2012/05/25,1353,1353,1331,1352,80300,1352
2012/05/28,1352,1357,1330,1331,33100,1331
2012/05/29,1345,1346,1328,1334,58900,1334
2012/05/30,1335,1358,1333,1355,54000,1355
2012/05/31,1355,1355,1338,1347,45600,1347
2012/06/01,1338,1346,1321,1323,64900,1323
2012/06/04,1320,1325,1306,1309,44700,1309
2012/06/05,1313,1325,1309,1320,33500,1320
2012/06/06,1328,1333,1319,1327,59900,1327
2012/06/07,1327,1336,1323,1335,56800,1335
2012/06/08,1338,1338,1312,1317,86600,1317
2012/06/11,1330,1330,1310,1310,53200,1310
2012/06/12,1310,1312,1306,1311,41200,1311
2012/06/13,1315,1323,1314,1318,46000,1318
2012/06/14,1311,1312,1293,1297,108000,1297
2012/06/15,1292,1301,1288,1291,77400,1291
2012/06/18,1314,1322,1306,1322,71800,1322
2012/06/19,1328,1334,1315,1334,73100,1334
2012/06/20,1337,1368,1337,1366,84400,1366
2012/06/21,1371,1378,1367,1375,50600,1375
2012/06/22,1372,1383,1361,1370,45400,1370
2012/06/25,1372,1382,1353,1355,56100,1355
2012/06/26,1355,1372,1350,1358,40100,1358
2012/06/27,1366,1372,1359,1371,26100,1371
2012/06/28,1372,1389,1370,1386,31300,1386
2012/06/29,1383,1391,1372,1385,79300,1385
2012/07/02,1395,1397,1382,1387,55700,1387
2012/07/03,1390,1395,1381,1384,83100,1384
2012/07/04,1392,1405,1388,1394,82200,1394
2012/07/05,1390,1396,1378,1391,77200,1391
2012/07/06,1387,1394,1369,1372,88400,1372
2012/07/09,1366,1380,1366,1373,48600,1373
2012/07/10,1390,1393,1371,1372,106300,1372
2012/07/11,1384,1384,1367,1373,61900,1373
2012/07/12,1373,1374,1366,1367,34200,1367
2012/07/13,1367,1377,1365,1366,65400,1366
2012/07/17,1371,1388,1367,1374,61800,1374
2012/07/18,1383,1387,1373,1378,55400,1378
2012/07/19,1383,1386,1373,1375,42400,1375
2012/07/20,1381,1381,1369,1374,52000,1374
2012/07/23,1370,1373,1347,1347,69000,1347
2012/07/24,1350,1356,1347,1349,30800,1349
2012/07/25,1348,1356,1341,1348,41500,1348
2012/07/26,1353,1355,1341,1355,32700,1355
2012/07/27,1358,1367,1345,1351,36800,1351
2012/07/30,1360,1365,1352,1364,70900,1364
2012/07/31,1363,1373,1360,1371,42500,1371
2012/08/01,1375,1384,1371,1376,51400,1376
2012/08/02,1380,1383,1372,1375,43000,1375
2012/08/03,1373,1374,1367,1367,42300,1367
2012/08/06,1374,1377,1367,1375,29200,1375
2012/08/07,1376,1382,1372,1379,26100,1379
2012/08/08,1382,1387,1375,1383,35900,1383
2012/08/09,1384,1387,1379,1387,24100,1387
2012/08/10,1388,1388,1382,1387,24800,1387
2012/08/13,1390,1394,1385,1392,29400,1392
2012/08/14,1393,1407,1392,1407,59800,1407
2012/08/15,1409,1411,1399,1400,66700,1400
2012/08/16,1403,1405,1396,1398,43800,1398
2012/08/17,1407,1409,1403,1409,48400,1409
2012/08/20,1414,1422,1413,1420,44900,1420
2012/08/21,1422,1430,1417,1420,70500,1420
2012/08/22,1420,1421,1412,1417,67100,1417
2012/08/23,1416,1420,1413,1413,65700,1413
2012/08/24,1415,1416,1408,1408,77100,1408
2012/08/27,1410,1416,1410,1411,106700,1411
2012/08/28,1413,1420,1403,1408,358000,1408
2012/08/29,1350,1352,1335,1342,332700,1342
2012/08/30,1336,1337,1302,1305,162200,1305
2012/08/31,1305,1313,1301,1305,103100,1305
2012/09/03,1308,1314,1300,1301,82100,1301
2012/09/04,1300,1300,1288,1290,84500,1290
2012/09/05,1288,1288,1267,1269,102100,1269
2012/09/06,1268,1269,1228,1237,98100,1237
2012/09/07,1255,1266,1253,1261,89400,1261
2012/09/10,1268,1268,1251,1255,58000,1255
2012/09/11,1254,1268,1250,1267,49000,1267
2012/09/12,1265,1268,1255,1266,61900,1266
2012/09/13,1268,1275,1265,1273,100500,1273
2012/09/14,1280,1285,1266,1268,62700,1268
2012/09/18,1267,1272,1259,1263,75100,1263
2012/09/19,1269,1271,1263,1265,31500,1265
2012/09/20,1265,1268,1258,1259,62400,1259
2012/09/21,1263,1283,1260,1279,47400,1279
2012/09/24,1285,1299,1282,1299,57900,1299
2012/09/25,1300,1304,1291,1301,146300,1301
2012/09/26,1300,1317,1299,1316,52300,1316
2012/09/27,1318,1330,1317,1328,47400,1328
2012/09/28,1330,1334,1292,1300,96700,1300
2012/10/01,1305,1313,1300,1309,47100,1309
2012/10/02,1319,1321,1306,1312,58900,1312
2012/10/03,1311,1311,1266,1270,92800,1270
2012/10/04,1270,1324,1267,1320,85800,1320
2012/10/05,1320,1326,1310,1325,64100,1325
2012/10/09,1325,1327,1283,1288,93000,1288
2012/10/10,1285,1285,1265,1267,82700,1267
2012/10/11,1265,1287,1265,1269,41200,1269
2012/10/12,1285,1289,1262,1263,88600,1263
2012/10/15,1265,1282,1264,1279,58900,1279
2012/10/16,1284,1300,1273,1295,53200,1295
2012/10/17,1300,1300,1276,1278,84500,1278
2012/10/18,1280,1296,1280,1290,59100,1290
2012/10/19,1293,1331,1281,1331,129500,1331
2012/10/22,1330,1336,1323,1328,50700,1328
2012/10/23,1333,1346,1330,1343,82200,1343
2012/10/24,1343,1357,1335,1352,135500,1352
2012/10/25,1352,1374,1346,1374,91500,1374
2012/10/26,1368,1378,1366,1375,67900,1375
2012/10/29,1374,1375,1359,1364,44300,1364
2012/10/30,1365,1375,1359,1359,61500,1359
2012/10/31,1350,1369,1347,1347,75000,1347
2012/11/01,1352,1369,1345,1368,41000,1368
2012/11/02,1370,1376,1366,1373,32700,1373
2012/11/05,1358,1370,1357,1361,22800,1361
2012/11/06,1358,1381,1354,1378,61800,1378
2012/11/07,1380,1380,1366,1367,54700,1367
2012/11/08,1368,1378,1361,1374,62500,1374
2012/11/09,1372,1374,1362,1369,54300,1369
2012/11/12,1363,1368,1356,1356,41300,1356
2012/11/13,1355,1381,1355,1380,58500,1380
2012/11/14,1371,1377,1366,1369,25800,1369
2012/11/15,1372,1380,1363,1379,41200,1379
2012/11/16,1369,1374,1359,1368,62600,1368
2012/11/19,1375,1385,1370,1378,55600,1378
2012/11/20,1382,1387,1378,1385,53300,1385
2012/11/21,1385,1395,1383,1393,49000,1393
2012/11/22,1397,1403,1392,1399,57700,1399
2012/11/26,1403,1405,1391,1393,71500,1393
2012/11/27,1393,1393,1369,1384,104600,1384
2012/11/28,1385,1412,1385,1402,82700,1402
2012/11/29,1398,1405,1391,1398,42300,1398
2012/11/30,1410,1414,1397,1406,70400,1406
2012/12/03,1406,1408,1400,1401,33800,1401
2012/12/04,1403,1410,1390,1396,86400,1396
2012/12/05,1390,1408,1384,1398,65400,1398
2012/12/06,1407,1414,1404,1410,53100,1410
2012/12/07,1413,1418,1410,1417,45600,1417
2012/12/10,1424,1427,1417,1420,70300,1420
2012/12/11,1420,1422,1414,1417,27200,1417
2012/12/12,1422,1425,1412,1418,43900,1418
2012/12/13,1424,1425,1415,1420,37100,1420
2012/12/14,1416,1424,1403,1408,59300,1408
2012/12/17,1420,1428,1418,1423,42900,1423
2012/12/18,1426,1432,1422,1424,53700,1424
2012/12/19,1430,1440,1422,1440,82600,1440
2012/12/20,1440,1465,1440,1463,96700,1463
2012/12/21,1464,1467,1433,1434,73300,1434
2012/12/25,1450,1453,1433,1436,30600,1436
2012/12/26,1441,1443,1432,1439,47300,1439
2012/12/27,1441,1454,1441,1451,36400,1451
2012/12/28,1455,1456,1443,1450,35300,1450
2013/01/04,1469,1480,1459,1470,63700,1470
2013/01/07,1473,1485,1469,1484,72300,1484
2013/01/08,1487,1487,1470,1476,83800,1476
2013/01/09,1426,1426,1403,1421,281000,1421
2013/01/10,1421,1422,1414,1419,119800,1419
2013/01/11,1424,1433,1418,1430,92100,1430
2013/01/15,1433,1434,1420,1426,129800,1426
2013/01/16,1427,1433,1422,1431,137200,1431
2013/01/17,1432,1437,1423,1432,131400,1432
2013/01/18,1438,1450,1436,1449,82000,1449
2013/01/21,1452,1467,1452,1463,48700,1463
2013/01/22,1463,1467,1453,1460,61200,1460
2013/01/23,1458,1462,1441,1453,88800,1453
2013/01/24,1453,1455,1446,1453,38000,1453
2013/01/25,1462,1469,1457,1462,63200,1462
2013/01/28,1479,1509,1474,1503,140000,1503
2013/01/29,1503,1507,1485,1492,90500,1492
2013/01/30,1500,1510,1495,1506,68500,1506
2013/01/31,1508,1532,1507,1528,100200,1528
2013/02/01,1533,1553,1529,1549,83100,1549
2013/02/04,1555,1563,1544,1553,80100,1553
2013/02/05,1545,1546,1524,1525,116400,1525
2013/02/06,1543,1548,1535,1546,56700,1546
2013/02/07,1549,1550,1538,1546,54000,1546
2013/02/08,1545,1545,1521,1521,99000,1521
2013/02/12,1530,1533,1513,1514,88800,1514
2013/02/13,1508,1512,1500,1504,73200,1504
2013/02/14,1504,1506,1485,1503,101100,1503
2013/02/15,1500,1510,1485,1495,86800,1495
2013/02/18,1498,1533,1498,1530,75300,1530
2013/02/19,1530,1540,1520,1539,67600,1539
2013/02/20,1538,1538,1530,1534,68200,1534
2013/02/21,1536,1548,1535,1540,80000,1540
2013/02/22,1543,1548,1535,1536,107000,1536
2013/02/25,1537,1540,1528,1528,419400,1528
2013/02/26,1481,1496,1467,1488,192400,1488
2013/02/27,1480,1487,1475,1478,85500,1478
2013/02/28,1478,1494,1478,1488,56100,1488
2013/03/01,1494,1515,1484,1509,96500,1509
2013/03/04,1509,1515,1503,1504,56100,1504
2013/03/05,1508,1509,1488,1488,52200,1488
2013/03/06,1489,1498,1483,1493,59000,1493
2013/03/07,1495,1500,1487,1488,59700,1488
2013/03/08,1485,1493,1483,1484,88300,1484
2013/03/11,1485,1499,1485,1492,64300,1492
2013/03/12,1498,1498,1490,1490,52400,1490
2013/03/13,1490,1491,1482,1483,52700,1483
2013/03/14,1479,1487,1472,1477,87400,1477
2013/03/15,1485,1499,1479,1499,114100,1499
2013/03/18,1500,1517,1494,1509,134900,1509
2013/03/19,1509,1520,1509,1520,50900,1520
2013/03/21,1521,1535,1521,1534,95900,1534
2013/03/22,1535,1536,1509,1509,64700,1509
2013/03/25,1525,1529,1519,1521,62100,1521
2013/03/26,1520,1521,1502,1510,83600,1510
2013/03/27,1511,1524,1507,1521,39800,1521
2013/03/28,1525,1538,1520,1525,69700,1525
2013/03/29,1525,1529,1510,1525,40500,1525
2013/04/01,1516,1518,1465,1465,111300,1465
2013/04/02,1465,1500,1434,1469,81000,1469
2013/04/03,1478,1488,1453,1482,78200,1482
2013/04/04,1475,1497,1453,1495,113100,1495
2013/04/05,1501,1530,1501,1514,155900,1514
2013/04/08,1529,1543,1511,1538,98200,1538
2013/04/09,1522,1548,1517,1540,141200,1540
2013/04/10,1548,1591,1526,1572,200700,1572
2013/04/11,1572,1585,1562,1579,99600,1579
2013/04/12,1585,1681,1577,1668,294700,1668
2013/04/15,1650,1662,1637,1639,66600,1639
2013/04/16,1617,1639,1611,1629,109000,1629
2013/04/17,1639,1663,1637,1653,112900,1653
2013/04/18,1645,1656,1622,1622,104500,1622
2013/04/19,1623,1631,1605,1616,100700,1616
2013/04/22,1626,1662,1626,1650,81400,1650
2013/04/23,1652,1659,1629,1631,105400,1631
2013/04/24,1651,1678,1642,1678,106300,1678
2013/04/25,1680,1697,1666,1690,90800,1690
2013/04/26,1700,1703,1676,1689,60500,1689
2013/04/30,1694,1704,1673,1681,70800,1681
2013/05/01,1688,1701,1664,1696,75000,1696
2013/05/02,1700,1705,1693,1699,54600,1699
2013/05/07,1705,1714,1681,1702,96900,1702
2013/05/08,1705,1743,1701,1739,76400,1739
2013/05/09,1745,1765,1738,1739,60900,1739
2013/05/10,1766,1766,1740,1749,47600,1749
2013/05/13,1751,1760,1741,1750,45500,1750
2013/05/14,1757,1757,1742,1745,41300,1745
2013/05/15,1759,1764,1733,1747,62900,1747
2013/05/16,1747,1750,1693,1708,61800,1708
2013/05/17,1709,1735,1704,1725,49300,1725
2013/05/20,1729,1737,1715,1716,46100,1716
2013/05/21,1717,1728,1703,1724,60200,1724
2013/05/22,1728,1733,1706,1707,50200,1707
2013/05/23,1719,1743,1646,1650,129200,1650
2013/05/24,1654,1682,1626,1647,106700,1647
2013/05/27,1640,1675,1610,1654,94900,1654
2013/05/28,1630,1662,1630,1651,58500,1651
2013/05/29,1658,1680,1644,1660,51600,1660
2013/05/30,1645,1668,1628,1643,95100,1643
2013/05/31,1644,1661,1613,1626,43300,1626
2013/06/03,1620,1621,1587,1593,65000,1593
2013/06/04,1572,1584,1541,1579,58200,1579
2013/06/05,1565,1635,1565,1594,55900,1594
2013/06/06,1574,1588,1543,1546,70300,1546
2013/06/07,1530,1540,1471,1496,69200,1496
2013/06/10,1535,1544,1502,1529,78100,1529
2013/06/11,1544,1572,1525,1536,79000,1536
2013/06/12,1530,1554,1505,1538,57600,1538
2013/06/13,1538,1550,1497,1516,141800,1516
2013/06/14,1518,1553,1510,1528,105500,1528
2013/06/17,1524,1570,1524,1564,86700,1564
2013/06/18,1566,1574,1527,1536,86400,1536
2013/06/19,1554,1599,1547,1597,68300,1597
2013/06/20,1597,1597,1567,1575,38100,1575
2013/06/21,1565,1582,1535,1535,146900,1535
2013/06/24,1554,1578,1554,1569,52100,1569
2013/06/25,1587,1594,1561,1573,80100,1573
2013/06/26,1589,1590,1558,1563,31700,1563
2013/06/27,1583,1602,1570,1602,42900,1602
2013/06/28,1609,1639,1607,1639,47200,1639
2013/07/01,1658,1666,1646,1663,50200,1663
2013/07/02,1679,1680,1664,1668,40900,1668
2013/07/03,1670,1678,1668,1675,38000,1675
2013/07/04,1650,1660,1626,1635,86800,1635
2013/07/05,1640,1648,1627,1636,51500,1636
2013/07/08,1646,1650,1632,1633,63700,1633
2013/07/09,1644,1645,1634,1642,51400,1642
2013/07/10,1655,1660,1639,1644,47800,1644
2013/07/11,1646,1651,1633,1642,38300,1642
2013/07/12,1648,1650,1640,1641,46500,1641
2013/07/16,1643,1652,1631,1634,70700,1634
2013/07/17,1635,1645,1630,1635,46100,1635
2013/07/18,1641,1644,1631,1637,45800,1637
2013/07/19,1640,1642,1631,1640,63100,1640
2013/07/22,1646,1664,1645,1661,76000,1661
2013/07/23,1658,1673,1651,1664,62800,1664
2013/07/24,1670,1670,1650,1669,43800,1669
2013/07/25,1670,1673,1652,1652,47100,1652
2013/07/26,1652,1653,1630,1630,61600,1630
2013/07/29,1630,1638,1600,1601,94300,1601
2013/07/30,1600,1617,1593,1614,60700,1614
2013/07/31,1618,1618,1601,1605,27200,1605
2013/08/01,1606,1626,1600,1626,44100,1626
2013/08/02,1629,1649,1624,1649,50600,1649
2013/08/05,1649,1649,1625,1629,72500,1629
2013/08/06,1626,1633,1606,1632,106700,1632
2013/08/07,1631,1631,1611,1614,86400,1614
2013/08/08,1610,1617,1599,1599,107700,1599
2013/08/09,1598,1601,1560,1566,174400,1566
2013/08/12,1568,1580,1564,1572,66600,1572
2013/08/13,1571,1572,1560,1565,137600,1565
2013/08/14,1566,1593,1566,1593,72300,1593
2013/08/15,1589,1593,1577,1580,65200,1580
2013/08/16,1575,1575,1565,1565,114000,1565
2013/08/19,1566,1573,1563,1567,73100,1567
2013/08/20,1563,1563,1543,1546,147800,1546
2013/08/21,1551,1556,1538,1547,81600,1547
2013/08/22,1546,1552,1536,1550,87400,1550
2013/08/23,1554,1563,1548,1556,121900,1556
2013/08/26,1550,1562,1550,1551,165300,1551
2013/08/27,1546,1558,1546,1550,407900,1550
2013/08/28,1520,1549,1509,1546,254400,1546
2013/08/29,1537,1537,1510,1513,72500,1513
2013/08/30,1513,1516,1485,1485,99400,1485
2013/09/02,1485,1497,1480,1495,47600,1495
2013/09/03,1510,1530,1500,1507,74900,1507
2013/09/04,1504,1507,1495,1507,28600,1507
2013/09/05,1508,1510,1491,1498,57300,1498
2013/09/06,1500,1506,1486,1491,51400,1491
2013/09/09,1495,1518,1495,1518,81100,1518
2013/09/10,1526,1526,1512,1518,37100,1518
2013/09/11,1529,1529,1511,1518,90900,1518
2013/09/12,1529,1529,1510,1515,34400,1515
2013/09/13,1519,1526,1506,1513,53900,1513
2013/09/17,1513,1522,1508,1508,29400,1508
2013/09/18,1508,1525,1507,1518,42400,1518
2013/09/19,1514,1527,1510,1526,59200,1526
2013/09/20,1526,1537,1519,1535,50200,1535
2013/09/24,1536,1556,1535,1551,66100,1551
2013/09/25,1554,1554,1536,1538,46900,1538
2013/09/26,1541,1544,1525,1542,51100,1542
2013/09/27,1544,1544,1534,1536,31700,1536
2013/09/30,1533,1538,1523,1530,39700,1530
2013/10/01,1533,1540,1518,1518,40600,1518
2013/10/02,1520,1525,1497,1502,83200,1502
2013/10/03,1509,1534,1506,1518,95000,1518
2013/10/04,1513,1523,1500,1504,72600,1504
2013/10/07,1504,1524,1496,1497,68300,1497
2013/10/08,1495,1510,1491,1491,77700,1491
2013/10/09,1490,1507,1486,1506,56000,1506
2013/10/10,1513,1530,1505,1514,80800,1514
2013/10/11,1515,1545,1515,1539,64400,1539
2013/10/15,1537,1558,1534,1547,49400,1547
2013/10/16,1544,1553,1536,1548,33400,1548
2013/10/17,1554,1556,1542,1548,38200,1548
2013/10/18,1541,1547,1532,1536,42200,1536
2013/10/21,1538,1548,1537,1545,19100,1545
2013/10/22,1548,1555,1544,1555,30900,1555
2013/10/23,1555,1560,1540,1543,51900,1543
2013/10/24,1543,1555,1536,1553,23000,1553
2013/10/25,1558,1558,1536,1537,27000,1537
2013/10/28,1541,1548,1537,1546,27700,1546
2013/10/29,1542,1546,1535,1541,15700,1541
2013/10/30,1545,1550,1538,1538,28600,1538
2013/10/31,1544,1550,1531,1533,32300,1533
2013/11/01,1533,1536,1520,1527,25300,1527
2013/11/05,1539,1549,1534,1537,32100,1537
2013/11/06,1544,1557,1535,1547,57400,1547
2013/11/07,1554,1554,1541,1547,27100,1547
2013/11/08,1547,1558,1542,1552,52200,1552
2013/11/11,1558,1558,1548,1553,29000,1553
2013/11/12,1554,1569,1553,1561,65600,1561
2013/11/13,1565,1569,1556,1556,37800,1556
2013/11/14,1566,1566,1546,1551,65900,1551
2013/11/15,1564,1569,1560,1562,66400,1562
2013/11/18,1564,1566,1553,1563,60000,1563
2013/11/19,1557,1576,1554,1554,93900,1554
2013/11/20,1554,1565,1547,1556,58500,1556
2013/11/21,1550,1564,1550,1560,44700,1560
2013/11/22,1563,1569,1555,1559,52400,1559
2013/11/25,1560,1566,1553,1554,46300,1554
2013/11/26,1554,1570,1554,1568,109700,1568
2013/11/27,1563,1566,1554,1564,78600,1564
2013/11/28,1564,1564,1557,1562,26700,1562
2013/11/29,1561,1562,1554,1556,38900,1556
2013/12/02,1558,1560,1556,1556,29900,1556
2013/12/03,1561,1563,1556,1557,48600,1557
2013/12/04,1557,1560,1551,1555,52400,1555
2013/12/05,1555,1560,1551,1552,39100,1552
2013/12/06,1557,1557,1548,1552,42200,1552
2013/12/09,1558,1559,1554,1559,37500,1559
2013/12/10,1561,1565,1557,1565,84000,1565
2013/12/11,1565,1590,1562,1585,116000,1585
2013/12/12,1585,1587,1577,1585,54600,1585
2013/12/13,1588,1597,1586,1593,89300,1593
2013/12/16,1598,1600,1572,1575,89500,1575
2013/12/17,1580,1600,1580,1600,87800,1600
2013/12/18,1599,1618,1593,1614,97700,1614
2013/12/19,1615,1630,1614,1626,125500,1626
2013/12/20,1620,1625,1607,1616,37900,1616
2013/12/24,1612,1619,1600,1605,52600,1605
2013/12/25,1601,1605,1586,1590,87500,1590
2013/12/26,1603,1621,1601,1616,41500,1616
2013/12/27,1617,1629,1617,1629,57300,1629
2013/12/30,1635,1645,1635,1643,53700,1643
2014/01/06,1649,1667,1649,1663,92800,1663
2014/01/07,1667,1674,1656,1656,54700,1656
2014/01/08,1670,1675,1651,1660,82200,1660
2014/01/09,1601,1630,1585,1621,245800,1621
2014/01/10,1612,1639,1601,1637,129500,1637
2014/01/14,1635,1641,1621,1625,95600,1625
2014/01/15,1641,1660,1634,1651,93100,1651
2014/01/16,1660,1677,1658,1671,88800,1671
2014/01/17,1675,1685,1664,1678,55300,1678
2014/01/20,1688,1688,1671,1682,45300,1682
2014/01/21,1685,1688,1676,1685,35600,1685
2014/01/22,1685,1689,1677,1687,37500,1687
2014/01/23,1688,1690,1681,1681,48400,1681
2014/01/24,1680,1728,1678,1690,193600,1690
2014/01/27,1669,1672,1636,1637,128800,1637
2014/01/28,1657,1665,1640,1641,78200,1641
2014/01/29,1653,1669,1653,1665,86800,1665
2014/01/30,1656,1656,1635,1638,71900,1638
2014/01/31,1645,1653,1625,1644,74400,1644
2014/02/03,1640,1642,1622,1628,44400,1628
2014/02/04,1602,1609,1557,1567,143900,1567
2014/02/05,1581,1610,1562,1571,118600,1571
2014/02/06,1590,1607,1579,1585,61400,1585
2014/02/07,1605,1607,1582,1595,93800,1595
2014/02/10,1618,1619,1595,1614,62100,1614
2014/02/12,1627,1641,1626,1635,41400,1635
2014/02/13,1638,1645,1622,1629,47600,1629
2014/02/14,1636,1638,1602,1614,77100,1614
2014/02/17,1614,1629,1606,1619,51600,1619
2014/02/18,1627,1637,1617,1634,54500,1634
2014/02/19,1634,1645,1625,1642,49800,1642
2014/02/20,1642,1644,1611,1629,111800,1629
2014/02/21,1637,1658,1634,1645,82800,1645
2014/02/24,1645,1653,1638,1653,116500,1653
2014/02/25,1653,1666,1636,1637,481800,1637
2014/02/26,1605,1607,1590,1599,208100,1599
2014/02/27,1599,1600,1578,1582,106900,1582
2014/02/28,1583,1585,1552,1556,82700,1556
2014/03/03,1555,1567,1534,1560,87500,1560
2014/03/04,1561,1600,1557,1596,95400,1596
2014/03/05,1598,1610,1587,1590,66700,1590
2014/03/06,1591,1601,1581,1593,55900,1593
2014/03/07,1600,1602,1584,1593,44500,1593
2014/03/10,1591,1591,1580,1581,32500,1581
2014/03/11,1589,1604,1588,1598,55100,1598
2014/03/12,1597,1597,1571,1574,50600,1574
2014/03/13,1580,1595,1576,1585,64700,1585
2014/03/14,1568,1571,1547,1547,76000,1547
2014/03/17,1545,1554,1516,1526,72700,1526
2014/03/18,1526,1539,1526,1530,46700,1530
2014/03/19,1567,1570,1549,1559,57500,1559
2014/03/20,1569,1586,1544,1544,106500,1544
2014/03/24,1581,1635,1550,1614,175100,1614
2014/03/25,1620,1645,1610,1613,132500,1613
2014/03/26,1626,1644,1615,1629,129800,1629
2014/03/27,1629,1669,1606,1663,170700,1663
2014/03/28,1658,1681,1640,1681,90200,1681
2014/03/31,1678,1678,1650,1669,69300,1669
2014/04/01,1665,1677,1660,1670,49100,1670
2014/04/02,1672,1677,1664,1666,54700,1666
2014/04/03,1669,1690,1668,1687,100800,1687
2014/04/04,1685,1687,1668,1668,32700,1668
2014/04/07,1668,1668,1656,1656,26800,1656
2014/04/08,1652,1654,1634,1634,43400,1634
2014/04/09,1594,1624,1541,1548,232900,1548
2014/04/10,1566,1579,1540,1546,106300,1546
2014/04/11,1540,1553,1526,1533,97400,1533
2014/04/14,1531,1548,1525,1525,68500,1525
2014/04/15,1530,1540,1521,1524,63400,1524
2014/04/16,1530,1537,1523,1529,45200,1529
2014/04/17,1534,1542,1533,1537,53200,1537
2014/04/18,1544,1544,1531,1535,63900,1535
2014/04/21,1540,1544,1533,1534,39200,1534
2014/04/22,1542,1543,1530,1531,37500,1531
2014/04/23,1532,1536,1525,1530,66600,1530
2014/04/24,1530,1540,1527,1532,57700,1532
2014/04/25,1536,1543,1531,1540,42300,1540
2014/04/28,1540,1542,1533,1537,45300,1537
2014/04/30,1537,1553,1536,1549,59200,1549
2014/05/01,1557,1562,1543,1561,57300,1561
2014/05/02,1550,1554,1546,1550,43600,1550
2014/05/07,1550,1550,1532,1532,52900,1532
2014/05/08,1540,1544,1532,1533,33500,1533
2014/05/09,1533,1546,1533,1538,58600,1538
2014/05/12,1546,1549,1535,1537,29800,1537
2014/05/13,1546,1547,1540,1546,27900,1546
2014/05/14,1546,1546,1540,1542,30200,1542
2014/05/15,1540,1540,1533,1537,35500,1537
2014/05/16,1537,1537,1532,1533,35200,1533
2014/05/19,1538,1550,1538,1540,44200,1540
2014/05/20,1545,1550,1540,1544,43000,1544
2014/05/21,1543,1546,1533,1539,50400,1539
2014/05/22,1545,1561,1541,1560,81500,1560
2014/05/23,1560,1560,1550,1557,43000,1557
2014/05/26,1557,1584,1553,1583,77700,1583
2014/05/27,1585,1585,1558,1559,58100,1559
2014/05/28,1559,1576,1559,1563,52000,1563
2014/05/29,1559,1563,1551,1557,40700,1557
2014/05/30,1557,1562,1551,1554,48800,1554
2014/06/02,1555,1566,1552,1565,64200,1565
2014/06/03,1568,1568,1558,1562,38500,1562
2014/06/04,1565,1565,1556,1560,46600,1560
2014/06/05,1561,1568,1558,1559,39300,1559
2014/06/06,1561,1586,1557,1576,51300,1576
2014/06/09,1580,1580,1570,1572,23700,1572
2014/06/10,1589,1589,1566,1567,52200,1567
2014/06/11,1567,1576,1564,1573,46700,1573
2014/06/12,1572,1586,1572,1580,48200,1580
2014/06/13,1570,1587,1569,1583,75500,1583
2014/06/16,1583,1585,1568,1572,84100,1572
2014/06/17,1580,1580,1571,1577,33200,1577
2014/06/18,1580,1584,1576,1582,50100,1582
2014/06/19,1585,1588,1581,1588,51900,1588
2014/06/20,1588,1588,1578,1582,102600,1582
2014/06/23,1587,1588,1578,1585,52600,1585
2014/06/24,1587,1610,1587,1603,89200,1603
2014/06/25,1607,1627,1606,1611,78600,1611
2014/06/26,1616,1624,1611,1617,43500,1617
2014/06/27,1619,1620,1607,1620,48000,1620
2014/06/30,1617,1639,1613,1639,86900,1639
2014/07/01,1644,1649,1639,1645,53800,1645
2014/07/02,1649,1657,1632,1636,83600,1636
2014/07/03,1617,1619,1597,1604,175200,1604
2014/07/04,1612,1612,1600,1609,60300,1609
2014/07/07,1612,1614,1606,1608,40200,1608
2014/07/08,1602,1612,1597,1606,56000,1606
2014/07/09,1600,1610,1600,1609,36200,1609
2014/07/10,1612,1617,1603,1605,50900,1605
2014/07/11,1602,1611,1598,1611,42600,1611
2014/07/14,1612,1622,1606,1618,59600,1618
2014/07/15,1626,1626,1619,1622,44100,1622
2014/07/16,1628,1636,1622,1625,42900,1625
2014/07/17,1635,1639,1630,1634,47200,1634
2014/07/18,1634,1634,1618,1624,58400,1624
2014/07/22,1635,1638,1624,1628,38600,1628
2014/07/23,1628,1638,1628,1637,27000,1637
2014/07/24,1639,1643,1628,1630,56200,1630
2014/07/25,1647,1648,1641,1646,44100,1646
2014/07/28,1650,1657,1647,1653,54500,1653
2014/07/29,1652,1657,1650,1651,41200,1651
2014/07/30,1654,1654,1649,1651,31100,1651
2014/07/31,1653,1656,1629,1635,89400,1635
2014/08/01,1622,1624,1609,1614,103200,1614
2014/08/04,1614,1614,1602,1602,76700,1602
2014/08/05,1604,1607,1588,1588,133900,1588
2014/08/06,1587,1594,1574,1578,106000,1578
2014/08/07,1575,1577,1562,1566,114800,1566
2014/08/08,1566,1568,1538,1554,177500,1554
2014/08/11,1586,1593,1572,1590,100200,1590
2014/08/12,1590,1591,1574,1582,80500,1582
2014/08/13,1583,1598,1581,1596,61800,1596
2014/08/14,1599,1599,1591,1594,66100,1594
2014/08/15,1598,1610,1594,1609,50900,1609
2014/08/18,1611,1619,1610,1618,59200,1618
2014/08/19,1620,1620,1601,1605,94600,1605
2014/08/20,1606,1612,1606,1610,62300,1610
2014/08/21,1609,1609,1601,1605,90400,1605
2014/08/22,1601,1607,1600,1604,118200,1604
2014/08/25,1610,1610,1602,1604,128700,1604
2014/08/26,1601,1608,1600,1606,523700,1606
2014/08/27,1567,1576,1560,1562,230400,1562
2014/08/28,1562,1564,1552,1557,91000,1557
2014/08/29,1554,1557,1550,1550,85900,1550
2014/09/01,1545,1546,1537,1544,90000,1544
2014/09/02,1545,1548,1539,1542,86800,1542
2014/09/03,1543,1545,1536,1538,80100,1538
2014/09/04,1537,1537,1525,1527,109100,1527
2014/09/05,1530,1530,1516,1517,94300,1517
2014/09/08,1517,1528,1515,1520,96100,1520
2014/09/09,1520,1523,1517,1518,51800,1518
2014/09/10,1530,1535,1525,1534,93300,1534
2014/09/11,1538,1539,1523,1525,83500,1525
2014/09/12,1523,1528,1521,1525,62800,1525
2014/09/16,1525,1538,1523,1532,67200,1532
2014/09/17,1537,1537,1523,1523,79200,1523
2014/09/18,1521,1532,1518,1525,97200,1525
2014/09/19,1523,1538,1521,1527,120300,1527
2014/09/22,1526,1534,1524,1527,52300,1527
2014/09/24,1526,1529,1522,1523,64400,1523
2014/09/25,1528,1530,1522,1526,69700,1526
2014/09/26,1524,1532,1521,1530,58000,1530
2014/09/29,1533,1537,1528,1531,60000,1531
2014/09/30,1530,1532,1521,1529,73700,1529
2014/10/01,1529,1545,1529,1535,73800,1535
2014/10/02,1541,1544,1533,1535,123400,1535
2014/10/03,1530,1540,1526,1531,33500,1531
2014/10/06,1544,1584,1532,1572,232400,1572
2014/10/07,1571,1587,1566,1574,119900,1574
2014/10/08,1560,1570,1545,1565,81800,1565
2014/10/09,1572,1578,1563,1564,70500,1564
2014/10/10,1545,1559,1541,1552,60000,1552
2014/10/14,1535,1563,1535,1541,87900,1541
2014/10/15,1545,1559,1543,1550,54400,1550
2014/10/16,1538,1542,1521,1521,63300,1521
2014/10/17,1522,1536,1499,1499,114400,1499
2014/10/20,1529,1534,1513,1526,54300,1526
2014/10/21,1535,1535,1516,1518,33400,1518
2014/10/22,1525,1549,1522,1547,61100,1547
2014/10/23,1540,1547,1537,1542,53300,1542
2014/10/24,1550,1550,1535,1536,36000,1536
2014/10/27,1544,1546,1537,1540,33300,1540
2014/10/28,1540,1548,1538,1543,38500,1543
2014/10/29,1550,1559,1547,1550,66500,1550
2014/10/30,1550,1557,1543,1546,68400,1546
2014/10/31,1548,1586,1547,1580,152400,1580
2014/11/04,1583,1590,1575,1578,131600,1578
2014/11/05,1578,1589,1578,1585,89300,1585
2014/11/06,1579,1583,1564,1570,95300,1570
2014/11/07,1560,1565,1535,1542,152800,1542
2014/11/10,1544,1564,1543,1564,98500,1564
2014/11/11,1555,1559,1541,1555,75600,1555
2014/11/12,1555,1574,1555,1556,74500,1556
2014/11/13,1551,1555,1543,1554,102300,1554
2014/11/14,1560,1564,1553,1563,90400,1563
2014/11/17,1569,1569,1545,1546,78600,1546
2014/11/18,1549,1564,1547,1561,63400,1561
2014/11/19,1562,1565,1552,1554,47800,1554
2014/11/20,1560,1560,1552,1552,40600,1552
2014/11/21,1554,1586,1554,1583,117400,1583
2014/11/25,1583,1584,1561,1565,84600,1565
2014/11/26,1565,1571,1562,1565,42800,1565
2014/11/27,1565,1574,1561,1569,44500,1569
2014/11/28,1573,1581,1566,1568,37400,1568
2014/12/01,1568,1577,1568,1573,38800,1573
2014/12/02,1573,1579,1567,1574,48900,1574
2014/12/03,1575,1579,1571,1573,49300,1573
2014/12/04,1573,1582,1565,1566,63300,1566
2014/12/05,1569,1573,1563,1569,51000,1569
2014/12/08,1570,1575,1567,1574,73500,1574
2014/12/09,1571,1575,1570,1570,51500,1570
2014/12/10,1574,1580,1569,1574,82800,1574
2014/12/11,1570,1581,1561,1575,82700,1575
2014/12/12,1570,1580,1565,1565,46600,1565
2014/12/15,1566,1575,1564,1566,48600,1566
2014/12/16,1565,1568,1547,1552,94200,1552
2014/12/17,1553,1565,1550,1555,59300,1555
2014/12/18,1569,1579,1562,1568,69400,1568
2014/12/19,1576,1588,1576,1582,85000,1582
2014/12/22,1582,1585,1575,1585,34200,1585
2014/12/24,1586,1594,1585,1593,83300,1593
2014/12/25,1599,1599,1582,1585,50700,1585
2014/12/26,1585,1590,1579,1586,41400,1586
2014/12/29,1586,1598,1582,1594,52800,1594
2014/12/30,1597,1605,1591,1597,47600,1597
2015/01/05,1598,1602,1589,1592,44700,1592
2015/01/06,1578,1585,1570,1570,94200,1570
2015/01/07,1571,1578,1568,1570,45200,1570
2015/01/08,1572,1590,1572,1584,50300,1584
2015/01/09,1589,1594,1583,1590,52800,1590
2015/01/13,1590,1590,1560,1586,101900,1586
2015/01/14,1570,1594,1565,1572,141700,1572
2015/01/15,1572,1585,1572,1575,55500,1575
2015/01/16,1575,1577,1551,1556,104800,1556
2015/01/19,1575,1575,1554,1559,52300,1559
2015/01/20,1562,1579,1561,1579,55300,1579
2015/01/21,1578,1585,1574,1584,45900,1584
2015/01/22,1580,1582,1561,1569,81300,1569
2015/01/23,1577,1582,1568,1577,32000,1577
2015/01/26,1578,1582,1575,1582,25100,1582
2015/01/27,1585,1590,1580,1588,35800,1588
2015/01/28,1590,1592,1583,1591,45000,1591
2015/01/29,1589,1595,1588,1594,41100,1594
2015/01/30,1598,1602,1590,1590,52300,1590
2015/02/02,1593,1604,1591,1595,65700,1595
2015/02/03,1600,1602,1571,1577,136900,1577
2015/02/04,1581,1595,1580,1588,78400,1588
2015/02/05,1593,1605,1591,1602,70400,1602
2015/02/06,1606,1614,1604,1610,64200,1610
2015/02/09,1606,1618,1606,1613,52200,1613
2015/02/10,1615,1619,1610,1616,72200,1616
2015/02/12,1620,1635,1617,1633,131100,1633
2015/02/13,1632,1632,1605,1605,156200,1605
2015/02/16,1616,1627,1615,1623,73800,1623
2015/02/17,1628,1637,1626,1632,82000,1632
2015/02/18,1632,1636,1615,1630,185700,1630
2015/02/19,1630,1638,1622,1635,133900,1635
2015/02/20,1634,1643,1629,1642,119800,1642
2015/02/23,1647,1650,1640,1648,180300,1648
2015/02/24,1645,1649,1636,1639,326100,1639
2015/02/25,1609,1617,1575,1613,351900,1613
2015/02/26,1610,1621,1593,1599,148900,1599
2015/02/27,1605,1620,1602,1608,124300,1608
2015/03/02,1606,1629,1605,1624,143500,1624
2015/03/03,1626,1629,1617,1620,48500,1620
2015/03/04,1620,1620,1608,1614,67300,1614
2015/03/05,1614,1623,1614,1623,61200,1623
2015/03/06,1629,1632,1616,1625,94000,1625
2015/03/09,1628,1650,1626,1650,241800,1650
2015/03/10,1649,1650,1641,1644,71100,1644
2015/03/11,1631,1640,1619,1619,64600,1619
2015/03/12,1630,1644,1628,1639,77000,1639
2015/03/13,1646,1646,1628,1635,161600,1635
2015/03/16,1630,1687,1630,1685,290000,1685
2015/03/17,1684,1694,1658,1667,133100,1667
2015/03/18,1656,1680,1650,1678,78000,1678
2015/03/19,1675,1684,1667,1676,77500,1676
2015/03/20,1673,1726,1655,1675,249300,1675
2015/03/23,1676,1697,1671,1695,103000,1695
2015/03/24,1687,1705,1674,1703,93800,1703
2015/03/25,1701,1710,1697,1709,91200,1709
2015/03/26,1709,1709,1684,1690,73600,1690
2015/03/27,1684,1713,1674,1686,108900,1686
2015/03/30,1691,1707,1691,1703,68100,1703
2015/03/31,1703,1710,1690,1692,60500,1692
2015/04/01,1678,1684,1657,1664,123000,1664
2015/04/02,1670,1693,1667,1679,69500,1679
2015/04/03,1679,1684,1666,1677,45100,1677
2015/04/06,1672,1683,1667,1680,36000,1680
2015/04/07,1684,1687,1665,1684,67800,1684
2015/04/08,1690,1708,1680,1707,79000,1707
2015/04/09,1707,1714,1692,1714,63800,1714
2015/04/10,1720,1750,1683,1736,246700,1736
2015/04/13,1736,1750,1718,1750,94800,1750
2015/04/14,1750,1790,1748,1790,132300,1790
2015/04/15,1797,1819,1797,1806,116600,1806
2015/04/16,1806,1818,1778,1801,95000,1801
2015/04/17,1801,1824,1790,1807,154100,1807
2015/04/20,1780,1794,1740,1747,141700,1747
2015/04/21,1757,1777,1757,1774,80300,1774
2015/04/22,1780,1808,1774,1795,83000,1795
2015/04/23,1798,1799,1780,1792,38300,1792
2015/04/24,1786,1798,1778,1796,40400,1796
2015/04/27,1791,1817,1791,1801,49800,1801
2015/04/28,1805,1814,1800,1802,46900,1802
2015/04/30,1799,1799,1773,1775,66100,1775
2015/05/01,1774,1775,1760,1761,41500,1761
2015/05/07,1761,1778,1755,1760,58300,1760
2015/05/08,1769,1779,1760,1765,71800,1765
2015/05/11,1779,1813,1769,1794,85100,1794
2015/05/12,1795,1812,1789,1798,69500,1798
2015/05/13,1795,1815,1787,1807,42300,1807
2015/05/14,1815,1827,1802,1812,78200,1812
2015/05/15,1816,1846,1816,1838,82600,1838
2015/05/18,1850,1871,1845,1871,64800,1871
2015/05/19,1880,1896,1880,1895,49200,1895
2015/05/20,1896,1900,1882,1897,58800,1897
2015/05/21,1891,1898,1888,1891,33100,1891
2015/05/22,1892,1912,1887,1912,78100,1912
2015/05/25,1920,1920,1905,1911,62000,1911
2015/05/26,1910,1928,1910,1918,50300,1918
2015/05/27,1915,1935,1900,1926,96800,1926
2015/05/28,1926,1926,1902,1905,93700,1905
2015/05/29,1903,1914,1897,1904,59900,1904
2015/06/01,1900,1901,1883,1898,45600,1898
2015/06/02,1906,1913,1896,1912,81500,1912
2015/06/03,1912,1916,1901,1910,37200,1910
2015/06/04,1908,1928,1899,1921,56400,1921
2015/06/05,1909,1939,1909,1935,69300,1935
2015/06/08,1939,1965,1938,1961,92100,1961
2015/06/09,1965,1998,1965,1988,99700,1988
2015/06/10,1995,1995,1934,1934,117500,1934
2015/06/11,1943,1963,1939,1963,56700,1963
2015/06/12,1977,1977,1925,1933,87900,1933
2015/06/15,1933,1939,1921,1933,84300,1933
2015/06/16,1919,1932,1911,1918,101900,1918
2015/06/17,1930,1967,1925,1958,94900,1958
2015/06/18,1960,1974,1958,1958,44300,1958
2015/06/19,1958,1987,1952,1972,90400,1972
2015/06/22,1979,2015,1979,2009,99100,2009
2015/06/23,2005,2017,1990,2009,84300,2009
2015/06/24,2015,2105,2015,2096,188200,2096
2015/06/25,2099,2100,2035,2075,73800,2075
2015/06/26,2082,2185,2082,2143,147700,2143
2015/06/29,2095,2138,2074,2115,118100,2115
2015/06/30,2100,2129,2098,2121,63700,2121
2015/07/01,2130,2178,2113,2171,61700,2171
2015/07/02,2195,2208,2157,2163,76900,2163
2015/07/03,2163,2163,2110,2141,68400,2141
2015/07/06,2120,2149,2117,2134,45800,2134
2015/07/07,2150,2228,2150,2220,118900,2220
2015/07/08,2230,2238,2155,2155,117000,2155
2015/07/09,2121,2186,2080,2174,246600,2174
2015/07/10,2188,2229,2181,2203,121500,2203
2015/07/13,2215,2261,2195,2256,108800,2256
2015/07/14,2285,2317,2282,2304,119300,2304
2015/07/15,2340,2355,2335,2352,109600,2352
2015/07/16,2350,2390,2310,2371,172700,2371
2015/07/17,2382,2382,2356,2367,60500,2367
2015/07/21,2363,2434,2337,2432,119100,2432
2015/07/22,2432,2560,2431,2500,251200,2500
2015/07/23,2510,2518,2490,2506,133200,2506
2015/07/24,2512,2513,2465,2481,123500,2481
2015/07/27,2488,2500,2450,2463,98500,2463
2015/07/28,2428,2468,2403,2462,162000,2462
2015/07/29,2468,2495,2466,2491,98400,2491
2015/07/30,2500,2545,2490,2523,144200,2523
2015/07/31,2544,2569,2508,2568,98800,2568
2015/08/03,2577,2704,2577,2696,178600,2696
2015/08/04,2691,2743,2656,2733,146700,2733
2015/08/05,2743,2768,2690,2693,187900,2693
2015/08/06,2693,2700,2650,2650,142900,2650
2015/08/07,2640,2640,2577,2604,158600,2604
2015/08/10,2600,2685,2596,2652,137200,2652
2015/08/11,2697,2749,2678,2706,201100,2706
2015/08/12,2656,2690,2632,2657,160400,2657
2015/08/13,2635,2654,2584,2639,140700,2639
2015/08/14,2628,2700,2606,2679,109800,2679
2015/08/17,2685,2721,2664,2681,84800,2681
2015/08/18,2675,2710,2665,2681,76600,2681
2015/08/19,2669,2680,2624,2638,73700,2638
2015/08/20,2621,2666,2606,2612,102500,2612
2015/08/21,2562,2598,2531,2560,112900,2560
2015/08/24,2500,2558,2462,2462,171900,2462
2015/08/25,2375,2538,2317,2418,188200,2418
2015/08/26,2435,2490,2435,2468,257600,2468
2015/08/27,2470,2527,2420,2504,194700,2504
2015/08/28,2535,2575,2470,2488,168900,2488
2015/08/31,2468,2500,2440,2498,85500,2498
2015/09/01,2498,2518,2414,2414,91900,2414
2015/09/02,2375,2564,2344,2511,216000,2511
2015/09/03,2526,2644,2521,2584,217600,2584
2015/09/04,2583,2590,2512,2537,121800,2537
2015/09/07,2499,2553,2499,2530,84500,2530
2015/09/08,2541,2566,2473,2493,94300,2493
2015/09/09,2517,2536,2430,2536,141000,2536
2015/09/10,2525,2549,2477,2536,79000,2536
2015/09/11,2505,2636,2505,2616,132800,2616
2015/09/14,2617,2622,2566,2573,103500,2573
2015/09/15,2606,2694,2605,2659,145500,2659
2015/09/16,2673,2677,2607,2635,91000,2635
2015/09/17,2670,2694,2647,2679,87300,2679
2015/09/18,2651,2665,2605,2632,76600,2632
2015/09/24,2582,2677,2582,2610,121200,2610
2015/09/25,2608,2642,2593,2641,75400,2641
2015/09/28,2641,2722,2626,2714,104500,2714
2015/09/29,2681,2699,2634,2653,103700,2653
2015/09/30,2653,2730,2653,2719,102800,2719
2015/10/01,2709,2775,2693,2740,149700,2740
2015/10/02,2726,2817,2726,2761,127400,2761
2015/10/05,2800,2800,2725,2750,63600,2750
2015/10/06,2795,2798,2698,2722,79000,2722
2015/10/07,2749,2759,2699,2755,81200,2755
2015/10/08,2705,2708,2505,2510,313300,2510
2015/10/09,2502,2502,2408,2423,218000,2423
2015/10/13,2406,2406,2311,2324,283800,2324
2015/10/14,2301,2340,2252,2263,257100,2263
2015/10/15,2263,2340,2263,2326,163600,2326
2015/10/16,2301,2306,2243,2243,143700,2243
2015/10/19,2243,2296,2235,2259,105600,2259
2015/10/20,2260,2273,2221,2229,74500,2229
2015/10/21,2230,2264,2230,2258,85000,2258
2015/10/22,2257,2274,2231,2259,76200,2259
2015/10/23,2283,2285,2231,2240,84900,2240
2015/10/26,2250,2270,2232,2237,68700,2237
2015/10/27,2237,2252,2231,2233,69100,2233
2015/10/28,2246,2256,2227,2248,76800,2248
2015/10/29,2248,2248,2220,2222,100800,2222
2015/10/30,2223,2258,2223,2240,90600,2240
2015/11/02,2233,2234,2181,2185,94000,2185
2015/11/04,2185,2204,2121,2153,167300,2153
2015/11/05,2145,2187,2140,2156,116500,2156
2015/11/06,2162,2227,2158,2210,91900,2210
2015/11/09,2223,2285,2223,2256,161900,2256
2015/11/10,2274,2325,2262,2312,165200,2312
2015/11/11,2311,2320,2283,2304,96400,2304
2015/11/12,2320,2339,2291,2298,64400,2298
2015/11/13,2275,2294,2254,2294,61400,2294
2015/11/16,2280,2292,2253,2262,58300,2262
2015/11/17,2286,2289,2261,2278,99300,2278
2015/11/18,2290,2325,2290,2303,85900,2303
2015/11/19,2314,2325,2285,2301,62400,2301
2015/11/20,2305,2337,2299,2337,87900,2337
2015/11/24,2341,2363,2331,2339,67500,2339
2015/11/25,2341,2342,2294,2294,92400,2294
2015/11/26,2294,2335,2292,2309,62300,2309
2015/11/27,2309,2312,2281,2293,57400,2293
2015/11/30,2296,2313,2265,2284,66000,2284
2015/12/01,2284,2287,2265,2283,51400,2283
2015/12/02,2290,2318,2280,2311,85900,2311
2015/12/03,2301,2315,2291,2299,63400,2299
2015/12/04,2294,2314,2284,2289,90500,2289
2015/12/07,2304,2351,2304,2333,95400,2333
2015/12/08,2345,2361,2314,2320,49300,2320
2015/12/09,2320,2320,2240,2251,114100,2251
2015/12/10,2256,2256,2222,2223,78700,2223
2015/12/11,2215,2244,2197,2203,99100,2203
2015/12/14,2189,2203,2171,2203,57000,2203
2015/12/15,2196,2219,2161,2163,66800,2163
2015/12/16,2185,2252,2169,2252,108800,2252
2015/12/17,2278,2309,2260,2295,107600,2295
2015/12/18,2300,2347,2281,2291,119200,2291
2015/12/21,2294,2334,2261,2323,119400,2323
2015/12/22,2325,2329,2300,2303,55100,2303
2015/12/24,2310,2316,2255,2260,58200,2260
2015/12/25,2269,2297,2252,2259,43100,2259
2015/12/28,2262,2270,2221,2246,56800,2246
2015/12/29,2246,2320,2233,2304,58300,2304
2015/12/30,2304,2354,2295,2342,85000,2342
2016/01/04,2348,2368,2291,2292,87600,2292
2016/01/05,2288,2307,2233,2278,103900,2278
2016/01/06,2284,2314,2249,2268,73700,2268
2016/01/07,2261,2299,2247,2250,62900,2250
2016/01/08,2250,2275,2230,2239,87400,2239
2016/01/12,2230,2234,2096,2106,158500,2106
2016/01/13,2133,2154,2104,2147,91300,2147
2016/01/14,2135,2135,2044,2076,105700,2076
2016/01/15,2084,2103,2066,2083,47500,2083
2016/01/18,2040,2056,2015,2042,63800,2042
2016/01/19,2042,2058,2013,2019,51000,2019
2016/01/20,2019,2030,1956,1958,78200,1958
2016/01/21,1931,1968,1905,1905,76000,1905
2016/01/22,1926,2026,1926,2024,59800,2024
2016/01/25,2060,2088,2031,2077,54400,2077
2016/01/26,2040,2053,2023,2027,41000,2027
2016/01/27,2075,2087,2032,2059,32900,2059
2016/01/28,2059,2076,2040,2053,37600,2053
2016/01/29,2080,2130,2064,2130,66300,2130
2016/02/01,2162,2170,2108,2146,116900,2146
2016/02/02,2149,2184,2140,2151,83600,2151
2016/02/03,2130,2130,2071,2095,86800,2095
2016/02/04,2095,2098,2033,2042,61000,2042
2016/02/05,2032,2054,2005,2045,60000,2045
2016/02/08,2024,2125,2012,2112,83700,2112
2016/02/09,2027,2044,2002,2009,72100,2009
2016/02/10,2033,2037,1926,1947,116400,1947
2016/02/12,1880,1902,1808,1814,119700,1814
2016/02/15,1909,1948,1873,1939,66300,1939
2016/02/16,1926,1984,1911,1955,90700,1955
2016/02/17,1970,1974,1934,1967,87000,1967
2016/02/18,2003,2003,1960,1983,81300,1983
2016/02/19,1978,2006,1958,2002,91700,2002
2016/02/22,1995,2073,1994,2039,139300,2039
2016/02/23,2050,2050,1993,2004,117100,2004
2016/02/24,2003,2030,1989,2009,281900,2009
2016/02/25,1965,1989,1949,1967,128600,1967
2016/02/26,1961,2003,1960,1976,56800,1976
2016/02/29,2007,2013,1955,1955,100800,1955
2016/03/01,1976,2005,1960,1986,79500,1986
2016/03/02,2005,2013,1978,1986,59500,1986
2016/03/03,1985,2028,1975,2028,149700,2028
2016/03/04,2011,2032,2003,2030,50400,2030
2016/03/07,2020,2024,2002,2008,30600,2008
2016/03/08,2004,2004,1933,1969,87300,1969
2016/03/09,1963,1972,1915,1934,81400,1934
2016/03/10,1987,1994,1956,1990,56800,1990
2016/03/11,1966,2001,1943,1978,72500,1978
2016/03/14,1988,2041,1988,2036,73300,2036
2016/03/15,2021,2063,2018,2043,66900,2043
2016/03/16,2053,2067,2035,2039,42700,2039
2016/03/17,2047,2079,2047,2068,44900,2068
2016/03/18,2064,2066,2039,2055,35000,2055
2016/03/22,2057,2077,2036,2073,62000,2073
2016/03/23,2079,2092,2063,2081,33700,2081
2016/03/24,2076,2084,2055,2062,37300,2062
2016/03/25,2067,2087,2043,2044,32900,2044
2016/03/28,2049,2090,2045,2084,34500,2084
2016/03/29,2061,2098,2061,2095,33100,2095
2016/03/30,2084,2095,2076,2088,24300,2088
2016/03/31,2080,2090,2049,2049,43200,2049
2016/04/01,2054,2054,2006,2010,58100,2010
2016/04/04,1997,2000,1948,1975,91900,1975
2016/04/05,1974,2016,1956,1990,146700,1990
2016/04/06,1953,1963,1911,1942,84200,1942
2016/04/07,1942,1943,1856,1881,147000,1881
2016/04/08,1863,1937,1855,1906,110900,1906
2016/04/11,1907,1915,1875,1899,95400,1899
2016/04/12,1904,1937,1861,1922,168100,1922
2016/04/13,1924,1946,1913,1921,84900,1921
2016/04/14,1875,1894,1832,1838,391800,1838
2016/04/15,1830,1831,1803,1806,254600,1806
2016/04/18,1810,1815,1758,1760,249600,1760
2016/04/19,1779,1790,1760,1764,143700,1764
2016/04/20,1773,1777,1760,1764,141100,1764
2016/04/21,1773,1793,1771,1780,123400,1780
2016/04/22,1775,1788,1764,1784,152200,1784
2016/04/25,1794,1796,1779,1796,102200,1796
2016/04/26,1799,1807,1781,1787,133100,1787
2016/04/27,1785,1802,1782,1795,80900,1795
2016/04/28,1796,1798,1750,1753,221200,1753
2016/05/02,1749,1769,1731,1752,150100,1752
2016/05/06,1755,1757,1735,1747,145100,1747
2016/05/09,1752,1793,1752,1787,97900,1787
2016/05/10,1798,1800,1781,1790,90400,1790
2016/05/11,1800,1809,1780,1791,90300,1791
2016/05/12,1785,1785,1760,1767,117100,1767
2016/05/13,1771,1776,1751,1769,107900,1769
2016/05/16,1769,1783,1747,1749,74200,1749
2016/05/17,1751,1770,1750,1766,51500,1766
2016/05/18,1767,1785,1757,1781,114300,1781
2016/05/19,1785,1808,1785,1804,135300,1804
2016/05/20,1799,1799,1786,1792,57000,1792
2016/05/23,1789,1789,1765,1774,70300,1774
2016/05/24,1772,1779,1753,1760,62700,1760
2016/05/25,1777,1777,1752,1763,102000,1763
2016/05/26,1767,1784,1766,1780,49200,1780
2016/05/27,1781,1783,1754,1761,103000,1761
2016/05/30,1775,1775,1757,1766,83000,1766
2016/05/31,1780,1810,1768,1810,106400,1810
2016/06/01,1814,1815,1798,1804,34700,1804
2016/06/02,1798,1800,1767,1769,78000,1769
2016/06/03,1772,1794,1772,1794,41400,1794
2016/06/06,1776,1786,1747,1786,132800,1786
2016/06/07,1784,1784,1766,1778,41200,1778
2016/06/08,1783,1784,1762,1784,55900,1784
2016/06/09,1784,1784,1761,1763,59000,1763
2016/06/10,1765,1776,1748,1759,113500,1759
2016/06/13,1750,1750,1699,1699,132800,1699
2016/06/14,1698,1706,1661,1666,79700,1666
2016/06/15,1668,1688,1656,1674,67400,1674
2016/06/16,1675,1690,1655,1657,81300,1657
2016/06/17,1688,1702,1657,1667,70900,1667
2016/06/20,1679,1705,1667,1674,65000,1674
2016/06/21,1674,1690,1660,1684,51200,1684
2016/06/22,1685,1685,1666,1681,56000,1681
2016/06/23,1672,1700,1664,1698,139000,1698
2016/06/24,1699,1707,1585,1596,200600,1596
2016/06/27,1611,1669,1611,1665,97800,1665
2016/06/28,1650,1703,1641,1694,67500,1694
2016/06/29,1698,1700,1668,1687,50400,1687
2016/06/30,1694,1696,1665,1666,62700,1666
2016/07/01,1663,1666,1628,1636,119100,1636
2016/07/04,1635,1649,1622,1649,41000,1649
2016/07/05,1650,1658,1643,1658,31600,1658
2016/07/06,1646,1651,1627,1650,62500,1650
2016/07/07,1610,1664,1603,1650,135100,1650
2016/07/08,1650,1674,1632,1647,130300,1647
2016/07/11,1662,1696,1662,1690,91300,1690
2016/07/12,1697,1729,1693,1712,72500,1712
2016/07/13,1720,1720,1700,1709,74300,1709
2016/07/14,1709,1726,1707,1720,61200,1720
2016/07/15,1721,1728,1701,1707,93700,1707
2016/07/19,1716,1745,1708,1744,82700,1744
2016/07/20,1735,1735,1689,1718,123000,1718
2016/07/21,1730,1736,1711,1732,56600,1732
2016/07/22,1717,1723,1701,1714,49700,1714
2016/07/25,1718,1729,1707,1724,69000,1724
2016/07/26,1720,1728,1684,1690,113400,1690
2016/07/27,1700,1725,1700,1714,66700,1714
2016/07/28,1710,1717,1698,1704,54900,1704
2016/07/29,1700,1724,1693,1721,63200,1721
2016/08/01,1707,1711,1692,1704,57900,1704
2016/08/02,1705,1719,1702,1705,45900,1705
2016/08/03,1700,1703,1683,1686,100100,1686
2016/08/04,1686,1696,1676,1688,67400,1688
2016/08/05,1688,1692,1681,1690,66300,1690
2016/08/08,1695,1718,1695,1717,63400,1717
2016/08/09,1707,1727,1702,1727,68500,1727
2016/08/10,1729,1739,1703,1710,78400,1710
2016/08/12,1712,1729,1707,1723,49700,1723
2016/08/15,1720,1720,1702,1705,64500,1705
2016/08/16,1706,1711,1685,1685,97500,1685
2016/08/17,1681,1683,1670,1680,95900,1680
2016/08/18,1671,1675,1650,1650,114200,1650
2016/08/19,1631,1633,1601,1613,210900,1613
2016/08/22,1627,1634,1614,1618,122500,1618
2016/08/23,1615,1625,1615,1618,182800,1618
2016/08/24,1620,1643,1619,1637,124500,1637
2016/08/25,1636,1641,1630,1637,144200,1637
2016/08/26,1639,1639,1621,1625,451500,1625
2016/08/29,1617,1617,1588,1603,238600,1603
2016/08/30,1599,1608,1570,1570,154000,1570
2016/08/31,1572,1586,1562,1584,136000,1584
2016/09/01,1588,1595,1574,1577,82600,1577
2016/09/02,1574,1588,1574,1586,54700,1586
2016/09/05,1596,1604,1586,1595,73700,1595
2016/09/06,1595,1606,1595,1606,73300,1606
2016/09/07,1596,1597,1584,1591,76200,1591
2016/09/08,1591,1597,1582,1586,46800,1586
2016/09/09,1595,1597,1583,1587,80400,1587
2016/09/12,1583,1588,1580,1586,71200,1586
2016/09/13,1589,1604,1584,1603,54300,1603
2016/09/14,1601,1615,1597,1610,73800,1610
2016/09/15,1622,1749,1621,1714,922100,1714
2016/09/16,1710,1728,1680,1728,317200,1728
2016/09/20,1750,1771,1739,1752,244800,1752
2016/09/21,1735,1788,1722,1786,240700,1786
2016/09/23,1786,1789,1759,1783,123400,1783
2016/09/26,1729,1783,1711,1775,379400,1775
2016/09/27,1758,1774,1732,1744,161500,1744
2016/09/28,1748,1753,1732,1745,93100,1745
2016/09/29,1738,1759,1733,1753,91500,1753
2016/09/30,1741,1750,1727,1745,124900,1745
2016/10/03,1750,1758,1737,1747,74700,1747
2016/10/04,1752,1763,1745,1747,50000,1747
2016/10/05,1746,1760,1746,1748,36400,1748
2016/10/06,1733,1788,1728,1773,141800,1773
2016/10/07,1781,1815,1779,1799,174100,1799
2016/10/11,1782,1795,1770,1793,121800,1793
2016/10/12,1779,1832,1770,1819,151900,1819
2016/10/13,1827,1828,1792,1794,76200,1794
2016/10/17,1785,1798,1781,1793,41100,1793
2016/10/19,1794,1795,1783,1790,51100,1790
2016/10/20,1789,1809,1782,1808,60200,1808
2016/10/21,1810,1819,1796,1815,90600,1815
2016/10/24,1819,1828,1814,1819,53200,1819
2016/10/25,1819,1827,1802,1818,72000,1818
2016/10/26,1813,1818,1797,1814,65600,1814
2016/10/27,1814,1814,1796,1806,48200,1806
2016/10/28,1810,1819,1798,1815,70100,1815
2016/10/31,1810,1816,1793,1810,79800,1810
2016/11/01,1810,1810,1795,1809,49900,1809
2016/11/02,1811,1839,1804,1831,135000,1831
2016/11/04,1825,1829,1800,1814,65300,1814
2016/11/07,1818,1824,1806,1820,33300,1820
2016/11/08,1820,1825,1794,1795,42500,1795
2016/11/09,1795,1808,1706,1726,124900,1726
2016/11/10,1806,1807,1779,1804,98400,1804
2016/11/11,1807,1815,1787,1799,78500,1799
2016/11/14,1809,1812,1797,1807,41400,1807
2016/11/15,1814,1835,1809,1832,91300,1832
2016/11/16,1840,1840,1819,1835,49500,1835
2016/11/17,1840,1843,1816,1826,69700,1826
2016/11/18,1835,1846,1820,1843,52300,1843
2016/11/21,1843,1864,1840,1859,60600,1859
2016/11/22,1860,1877,1854,1872,37900,1872
2016/11/24,1880,1895,1873,1891,48300,1891
2016/11/25,1900,1903,1882,1892,67400,1892
2016/11/28,1895,1896,1881,1896,38800,1896
2016/11/29,1897,1922,1894,1913,63700,1913
2016/11/30,1920,1922,1904,1906,62600,1906
2016/12/01,1920,1921,1892,1899,55200,1899
2016/12/02,1899,1902,1882,1898,44100,1898
2016/12/05,1894,1896,1882,1890,33300,1890
2016/12/06,1900,1928,1894,1925,94500,1925
2016/12/07,1929,1930,1907,1929,59400,1929
2016/12/08,1935,1958,1935,1958,58000,1958
2016/12/09,1969,1970,1943,1957,57100,1957
2016/12/12,1960,1969,1954,1969,47200,1969
2016/12/13,1980,1990,1964,1989,46800,1989
2016/12/14,1995,1997,1971,1971,40000,1971
2016/12/15,1959,1977,1952,1971,68400,1971
2016/12/16,1971,2046,1971,2037,134900,2037
2016/12/19,2037,2044,2022,2040,81300,2040
2016/12/20,2040,2065,2036,2063,65300,2063
2016/12/21,2066,2090,2058,2068,74600,2068
2016/12/22,2080,2083,2061,2070,37000,2070
2016/12/26,2070,2098,2070,2087,59200,2087
2016/12/27,2085,2087,2048,2051,76000,2051
2016/12/28,2047,2058,2032,2051,42500,2051
2016/12/29,2049,2059,2034,2046,44400,2046
2016/12/30,2034,2050,2028,2042,45300,2042
2017/01/04,2044,2055,2026,2045,72800,2045
2017/01/05,2047,2064,2033,2047,63000,2047
2017/01/06,2036,2045,2002,2027,128100,2027
2017/01/10,2035,2044,2023,2040,62100,2040
2017/01/11,2045,2062,2038,2060,74200,2060
2017/01/12,2060,2060,2005,2030,113400,2030
2017/01/13,2020,2040,2020,2034,58700,2034
2017/01/16,2027,2031,1996,2006,105900,2006
2017/01/17,1999,2000,1973,1983,70200,1983
2017/01/18,1975,1996,1970,1985,83300,1985
2017/01/19,1990,2011,1983,2005,66900,2005
2017/01/20,2005,2023,1993,2004,52900,2004
2017/01/23,2005,2007,1988,1994,58400,1994
2017/01/24,1998,2002,1985,1996,62100,1996
2017/01/25,2011,2023,1994,2003,63300,2003
2017/01/26,2020,2026,2008,2021,40100,2021
2017/01/27,2028,2030,2015,2021,52000,2021
2017/01/30,2025,2031,2017,2025,32500,2025
2017/01/31,2020,2031,2020,2029,31600,2029
2017/02/01,2035,2080,2032,2074,89300,2074
2017/02/02,2075,2085,2046,2053,59500,2053
2017/02/03,2053,2078,2053,2074,52500,2074
2017/02/06,2072,2078,2061,2071,33700,2071
2017/02/07,2071,2077,2060,2076,32900,2076
2017/02/08,2075,2099,2062,2095,48000,2095
2017/02/09,2093,2095,2082,2091,28700,2091
2017/02/10,2100,2129,2100,2113,66900,2113
2017/02/13,2123,2148,2123,2142,61400,2142
2017/02/14,2142,2153,2138,2142,55200,2142
2017/02/15,2155,2156,2145,2155,30200,2155
2017/02/16,2156,2158,2147,2151,34300,2151
2017/02/17,2150,2168,2150,2166,67900,2166
2017/02/20,2170,2170,2158,2166,90700,2166
2017/02/21,2163,2166,2138,2164,95400,2164
2017/02/22,2168,2178,2161,2174,132400,2174
2017/02/23,2173,2175,2126,2155,324300,2155
2017/02/24,2120,2124,2102,2109,150400,2109
2017/02/27,2107,2159,2107,2142,138700,2142
2017/02/28,2142,2218,2142,2194,180300,2194
2017/03/01,2201,2248,2201,2246,132500,2246
2017/03/02,2257,2292,2240,2247,97000,2247
2017/03/03,2229,2240,2180,2185,92700,2185
2017/03/06,2174,2187,2151,2155,77300,2155
2017/03/07,2165,2174,2155,2171,56100,2171
2017/03/08,2155,2159,2133,2141,39300,2141
2017/03/09,2145,2150,2129,2132,40200,2132
2017/03/10,2151,2151,2136,2140,56900,2140
2017/03/13,2150,2174,2145,2171,46200,2171
2017/03/14,2170,2170,2141,2167,50300,2167
2017/03/15,2170,2181,2168,2174,31500,2174
2017/03/16,2158,2191,2158,2183,53000,2183
2017/03/17,2180,2185,2159,2167,70900,2167
2017/03/21,2160,2198,2160,2190,38600,2190
2017/03/22,2163,2180,2147,2147,50200,2147
2017/03/23,2140,2144,2125,2131,44500,2131
2017/03/24,2131,2169,2131,2163,31100,2163
2017/03/27,2160,2163,2147,2152,37100,2152
2017/03/28,2160,2162,2148,2162,37900,2162
2017/03/29,2172,2172,2142,2148,37200,2148
2017/03/30,2161,2161,2111,2111,43000,2111
2017/03/31,2118,2125,2093,2093,39100,2093
2017/04/03,2099,2110,2078,2100,59700,2100
2017/04/04,2104,2116,2085,2101,56800,2101
2017/04/05,2097,2105,2084,2090,41200,2090
2017/04/06,2095,2095,2040,2044,48100,2044
2017/04/07,2044,2068,2039,2050,52300,2050
2017/04/10,2050,2051,2030,2040,41800,2040
2017/04/11,2021,2047,2021,2027,48500,2027
2017/04/12,2027,2068,2016,2035,63200,2035
2017/04/13,2018,2110,2018,2087,224400,2087
2017/04/14,2087,2089,2025,2027,65600,2027
2017/04/17,2027,2083,2027,2068,61300,2068
2017/04/18,2068,2070,2038,2049,96200,2049
2017/04/19,2040,2049,2028,2037,60900,2037
2017/04/20,2044,2058,2034,2042,38400,2042
2017/04/21,2050,2079,2044,2071,53300,2071
2017/04/24,2083,2113,2076,2108,59900,2108
2017/04/25,2137,2142,2118,2126,64100,2126
2017/04/26,2125,2125,2093,2105,80700,2105
2017/04/27,2105,2141,2105,2123,83300,2123
2017/04/28,2130,2148,2127,2132,36800,2132
2017/05/01,2135,2155,2120,2152,43600,2152
2017/05/02,2151,2181,2151,2170,57900,2170
2017/05/08,2187,2226,2187,2220,119500,2220
2017/05/09,2224,2246,2220,2240,84500,2240
2017/05/10,2247,2247,2226,2235,49500,2235
2017/05/11,2227,2249,2219,2242,42900,2242
2017/05/12,2250,2274,2242,2270,65200,2270
2017/05/15,2270,2287,2262,2275,43800,2275
2017/05/16,2285,2297,2280,2286,55900,2286
2017/05/17,2285,2285,2259,2276,28300,2276
2017/05/18,2233,2243,2219,2225,82400,2225
2017/05/19,2225,2237,2215,2231,39700,2231
2017/05/22,2230,2243,2221,2235,30100,2235
2017/05/23,2235,2246,2232,2239,28100,2239
2017/05/24,2245,2267,2235,2261,38100,2261
2017/05/25,2289,2329,2284,2319,113800,2319
2017/05/26,2310,2313,2293,2305,42800,2305
2017/05/29,2292,2317,2292,2301,60400,2301
2017/05/30,2297,2310,2286,2298,37500,2298
2017/05/31,2289,2292,2261,2263,34500,2263
2017/06/01,2280,2293,2273,2290,30400,2290
2017/06/02,2288,2292,2277,2283,59400,2283
2017/06/05,2279,2341,2274,2333,67500,2333
2017/06/06,2333,2333,2285,2288,56200,2288
2017/06/07,2286,2286,2223,2235,127500,2235
2017/06/08,2238,2249,2221,2223,67800,2223
2017/06/09,2236,2241,2219,2224,52600,2224
2017/06/12,2204,2224,2204,2206,58500,2206
2017/06/13,2212,2236,2212,2229,29500,2229
2017/06/14,2240,2262,2239,2248,50100,2248
2017/06/15,2260,2283,2246,2270,57000,2270
2017/06/16,2275,2350,2269,2350,150300,2350
2017/06/19,2345,2407,2325,2395,124100,2395
2017/06/20,2402,2442,2400,2411,121900,2411
2017/06/21,2391,2407,2379,2383,66800,2383
2017/06/22,2384,2384,2353,2355,46300,2355
2017/06/23,2352,2356,2337,2343,41300,2343
2017/06/26,2340,2374,2340,2368,34500,2368
2017/06/27,2368,2384,2362,2384,47200,2384
2017/06/28,2384,2394,2369,2374,48000,2374
2017/06/29,2374,2392,2371,2391,33300,2391
2017/06/30,2367,2371,2354,2354,34000,2354
2017/07/03,2360,2367,2342,2343,31500,2343
2017/07/04,2345,2366,2333,2344,55600,2344
2017/07/05,2345,2410,2329,2410,119600,2410
2017/07/06,2360,2370,2314,2317,198800,2317
2017/07/07,2316,2353,2311,2326,75900,2326
2017/07/10,2360,2381,2338,2371,69000,2371
2017/07/11,2360,2395,2356,2395,44800,2395
2017/07/12,2395,2401,2366,2376,38300,2376
2017/07/13,2384,2400,2374,2400,36200,2400
2017/07/14,2392,2435,2392,2424,88400,2424
2017/07/18,2432,2432,2407,2429,48000,2429
2017/07/19,2426,2445,2420,2438,35100,2438
2017/07/20,2430,2455,2430,2442,43600,2442
2017/07/21,2440,2443,2421,2433,29400,2433
2017/07/24,2430,2451,2422,2449,45200,2449
2017/07/25,2450,2453,2434,2441,37200,2441
2017/07/26,2441,2441,2416,2433,45500,2433
2017/07/27,2420,2448,2413,2432,45800,2432
2017/07/28,2432,2443,2425,2443,43100,2443
2017/07/31,2440,2442,2424,2428,57100,2428
2017/08/01,2435,2454,2426,2453,54500,2453
2017/08/02,2453,2463,2431,2455,51900,2455
2017/08/03,2455,2472,2447,2464,43700,2464
2017/08/04,2464,2474,2450,2467,45700,2467
2017/08/07,2472,2475,2457,2469,47900,2469
2017/08/08,2461,2468,2441,2455,65500,2455
2017/08/09,2450,2450,2408,2418,93000,2418
2017/08/10,2410,2424,2405,2417,61600,2417
2017/08/14,2401,2405,2372,2372,91300,2372
2017/08/15,2379,2384,2363,2366,64000,2366
2017/08/16,2365,2365,2321,2324,147900,2324
2017/08/17,2330,2354,2330,2345,67700,2345
2017/08/18,2330,2354,2322,2343,78200,2343
2017/08/21,2343,2351,2329,2347,48200,2347
2017/08/22,2350,2367,2338,2362,58300,2362
2017/08/23,2379,2379,2356,2358,127500,2358
2017/08/24,2362,2370,2353,2354,85500,2354
2017/08/25,2355,2360,2344,2360,134800,2360
2017/08/28,2360,2368,2312,2313,711600,2313
2017/08/29,2281,2281,2210,2212,310000,2212
2017/08/30,2215,2263,2215,2256,96600,2256
2017/08/31,2245,2252,2236,2248,53900,2248
2017/09/01,2229,2238,2206,2212,87500,2212
2017/09/04,2203,2208,2184,2190,78800,2190
2017/09/05,2170,2193,2163,2171,82100,2171
2017/09/06,2151,2191,2148,2185,69600,2185
2017/09/07,2191,2220,2187,2191,51900,2191
2017/09/08,2177,2209,2176,2192,68100,2192
2017/09/11,2200,2219,2183,2184,48800,2184
2017/09/12,2191,2191,2169,2179,74400,2179
2017/09/13,2191,2199,2185,2192,35900,2192
2017/09/14,2187,2188,2168,2168,47700,2168
2017/09/15,2155,2171,2138,2161,89100,2161
2017/09/19,2160,2187,2160,2186,65300,2186
2017/09/20,2185,2187,2163,2165,72200,2165
2017/09/21,2158,2159,2148,2152,69600,2152
2017/09/22,2152,2161,2142,2145,62800,2145
2017/09/25,2141,2178,2131,2175,78100,2175
2017/09/26,2142,2219,2142,2194,79100,2194
2017/09/27,2190,2190,2157,2160,70800,2160
2017/09/28,2160,2214,2155,2211,83300,2211
2017/09/29,2210,2210,2185,2185,55700,2185
2017/10/02,2205,2205,2181,2181,32700,2181
2017/10/03,2220,2249,2205,2248,152200,2248
2017/10/04,2255,2284,2250,2257,93800,2257
2017/10/05,2231,2249,2204,2230,127300,2230
2017/10/06,2210,2240,2209,2226,90200,2226
2017/10/10,2226,2266,2223,2259,95000,2259
2017/10/11,2260,2324,2259,2319,115500,2319
2017/10/12,2310,2310,2273,2280,96800,2280
2017/10/13,2284,2290,2266,2273,73800,2273
2017/10/16,2280,2301,2272,2288,68300,2288
2017/10/17,2290,2290,2264,2268,39100,2268
2017/10/18,2270,2282,2269,2280,37200,2280
2017/10/19,2270,2276,2259,2264,48000,2264
2017/10/20,2258,2277,2258,2266,36700,2266
2017/10/23,2280,2283,2267,2267,43000,2267
2017/10/24,2285,2301,2284,2291,65500,2291
2017/10/25,2293,2293,2254,2259,67800,2259
2017/10/26,2273,2274,2253,2262,51700,2262
2017/10/27,2260,2267,2255,2258,65400,2258
2017/10/30,2258,2263,2247,2259,66600,2259
2017/10/31,2270,2306,2261,2300,100600,2300
2017/11/01,2306,2306,2273,2283,42800,2283
2017/11/02,2283,2287,2270,2278,31200,2278
2017/11/06,2277,2287,2272,2281,39200,2281
2017/11/07,2300,2328,2292,2322,74700,2322
2017/11/08,2323,2329,2305,2317,26400,2317
2017/11/09,2308,2336,2299,2319,77300,2319
2017/11/10,2282,2332,2282,2327,46200,2327
2017/11/13,2325,2325,2306,2319,28300,2319
2017/11/15,2295,2295,2242,2247,50200,2247
2017/11/16,2239,2291,2238,2275,32700,2275
2017/11/17,2276,2282,2241,2248,49500,2248
2017/11/20,2244,2244,2226,2237,42200,2237
2017/11/21,2212,2236,2212,2230,77300,2230
2017/11/22,2227,2227,2191,2194,92600,2194
2017/11/24,2200,2227,2199,2219,39300,2219
2017/11/27,2230,2249,2230,2249,44500,2249
2017/11/28,2249,2268,2248,2260,32600,2260
2017/11/29,2276,2288,2263,2285,36400,2285
2017/11/30,2281,2343,2277,2334,107000,2334
2017/12/01,2335,2412,2334,2371,129200,2371
2017/12/04,2371,2389,2359,2359,49900,2359
2017/12/05,2358,2400,2358,2397,58300,2397
2017/12/06,2393,2412,2378,2380,67300,2380
2017/12/07,2372,2412,2370,2412,42100,2412
2017/12/08,2414,2483,2412,2458,125100,2458
2017/12/11,2450,2450,2415,2423,37700,2423
2017/12/12,2425,2433,2403,2407,31700,2407
2017/12/13,2407,2447,2396,2445,64400,2445
2017/12/14,2445,2474,2437,2454,54800,2454
2017/12/15,2447,2478,2433,2467,59100,2467
2017/12/18,2480,2481,2448,2449,53400,2449
2017/12/19,2454,2455,2430,2442,35200,2442
2017/12/20,2429,2445,2415,2425,29300,2425
2017/12/21,2425,2425,2399,2419,23900,2419
2017/12/22,2414,2433,2408,2418,24700,2418
2017/12/25,2421,2421,2397,2407,27300,2407
2017/12/26,2409,2421,2406,2417,26900,2417
2017/12/27,2417,2451,2417,2441,27900,2441
2017/12/28,2458,2464,2433,2437,27900,2437
2017/12/29,2444,2445,2422,2435,21500,2435
2018/01/04,2435,2445,2403,2419,64000,2419
2018/01/05,2416,2420,2405,2420,38000,2420
2018/01/09,2423,2425,2389,2389,79100,2389
2018/01/10,2389,2420,2389,2400,68200,2400
2018/01/11,2380,2380,2299,2306,241600,2306
2018/01/12,2298,2298,2249,2258,177800,2258
2018/01/15,2280,2310,2266,2305,85700,2305
2018/01/16,2318,2343,2316,2318,78100,2318
2018/01/17,2318,2320,2287,2290,66400,2290
2018/01/18,2296,2298,2264,2264,102600,2264
2018/01/19,2292,2298,2278,2278,39800,2278
2018/01/22,2280,2281,2264,2278,39300,2278
2018/01/23,2296,2321,2291,2316,55900,2316
2018/01/24,2316,2333,2310,2319,45300,2319
2018/01/25,2320,2322,2301,2301,51700,2301
2018/01/26,2302,2324,2301,2319,41700,2319
2018/01/29,2320,2327,2307,2317,54000,2317
2018/01/30,2317,2329,2303,2305,62600,2305
2018/01/31,2310,2314,2284,2284,61600,2284
2018/02/01,2284,2326,2281,2323,70900,2323
2018/02/02,2300,2305,2288,2293,90400,2293
2018/02/05,2277,2285,2223,2228,164500,2228
2018/02/06,2198,2198,2127,2163,181500,2163
2018/02/07,2215,2229,2171,2174,117800,2174
2018/02/08,2182,2200,2174,2177,76000,2177
2018/02/09,2146,2160,2112,2154,103200,2154
2018/02/13,2179,2183,2143,2146,65400,2146
2018/02/14,2165,2188,2152,2169,106000,2169
2018/02/15,2175,2175,2121,2121,118500,2121
2018/02/16,2135,2153,2129,2150,67400,2150
2018/02/19,2160,2195,2160,2195,107600,2195
2018/02/20,2200,2204,2186,2196,96700,2196
2018/02/21,2196,2201,2168,2176,173700,2176
2018/02/22,2170,2193,2158,2180,174500,2180
2018/02/23,2180,2182,2153,2162,514000,2162
2018/02/26,2149,2175,2134,2167,172900,2167
2018/02/27,2172,2174,2161,2168,50100,2168
2018/02/28,2170,2220,2168,2186,149500,2186
2018/03/01,2178,2178,2122,2127,102700,2127
2018/03/02,2100,2100,2070,2075,95400,2075
2018/03/05,2063,2090,2046,2065,89100,2065
2018/03/06,2073,2093,2071,2076,49300,2076
2018/03/07,2075,2134,2071,2116,72900,2116
2018/03/08,2119,2140,2102,2107,72600,2107
2018/03/09,2127,2134,2084,2091,84800,2091
2018/03/12,2097,2120,2087,2116,34500,2116
2018/03/13,2109,2139,2108,2138,48500,2138
2018/03/14,2115,2148,2115,2138,61600,2138
2018/03/15,2145,2166,2130,2164,47300,2164
2018/03/16,2164,2168,2144,2166,52100,2166
2018/03/19,2016,2079,2016,2041,248900,2041
2018/03/20,2035,2142,2033,2142,241400,2142
2018/03/22,2120,2129,2084,2114,84300,2114
2018/03/23,2081,2119,2068,2096,117400,2096
2018/03/26,2078,2104,2069,2102,57700,2102
2018/03/27,2112,2156,2106,2141,84500,2141
2018/03/28,2125,2150,2123,2147,43000,2147
2018/03/29,2147,2175,2144,2175,65100,2175
2018/03/30,2186,2191,2153,2179,44300,2179
2018/04/02,2182,2197,2171,2173,40000,2173
2018/04/03,2155,2180,2146,2172,37700,2172
2018/04/04,2192,2218,2185,2215,89700,2215
2018/04/05,2222,2242,2205,2236,86100,2236
2018/04/06,2246,2262,2237,2245,83700,2245
2018/04/09,2240,2252,2229,2248,54600,2248
2018/04/10,2239,2255,2220,2239,73500,2239
2018/04/11,2238,2243,2202,2216,114700,2216
2018/04/12,2200,2274,2191,2259,197500,2259
2018/04/13,2263,2263,2109,2113,263600,2113
2018/04/16,2111,2131,2094,2128,109100,2128
2018/04/17,2128,2158,2122,2127,96000,2127
2018/04/18,2127,2161,2127,2154,66400,2154
2018/04/19,2154,2178,2140,2177,64300,2177
2018/04/20,2177,2184,2164,2176,41800,2176
2018/04/23,2171,2188,2164,2179,47200,2179
2018/04/24,2189,2221,2178,2215,71900,2215
2018/04/25,2215,2241,2210,2236,67300,2236
2018/04/26,2239,2267,2215,2265,74800,2265
2018/04/27,2265,2280,2260,2271,61000,2271
2018/05/01,2271,2271,2235,2260,50900,2260
2018/05/02,2263,2264,2232,2245,29800,2245
2018/05/07,2247,2260,2234,2253,37900,2253
2018/05/08,2251,2258,2226,2245,78900,2245
2018/05/09,2235,2239,2195,2227,96200,2227
2018/05/10,2223,2239,2209,2230,36900,2230
2018/05/11,2230,2257,2230,2254,45500,2254
2018/05/14,2258,2286,2254,2285,64200,2285
2018/05/15,2285,2310,2273,2304,85600,2304
2018/05/16,2304,2309,2278,2286,49300,2286
2018/05/17,2296,2296,2272,2294,33800,2294
2018/05/18,2294,2304,2281,2293,45800,2293
2018/05/21,2293,2294,2281,2290,26100,2290
2018/05/22,2284,2284,2264,2278,41300,2278
2018/05/23,2280,2290,2258,2285,52700,2285
2018/05/24,2290,2297,2270,2279,27700,2279
2018/05/25,2293,2293,2249,2255,40400,2255
2018/05/28,2258,2259,2234,2251,21100,2251
2018/05/29,2245,2254,2226,2231,29400,2231
2018/05/30,2220,2220,2202,2217,32000,2217
2018/05/31,2226,2246,2225,2243,43200,2243
2018/06/01,2240,2267,2222,2261,38600,2261
2018/06/04,2279,2288,2268,2281,30800,2281
2018/06/05,2281,2305,2265,2305,70800,2305
2018/06/06,2304,2306,2284,2304,34500,2304
2018/06/07,2304,2304,2285,2300,36200,2300
2018/06/08,2295,2303,2289,2293,43500,2293
2018/06/11,2292,2312,2289,2307,32000,2307
2018/06/12,2308,2314,2303,2313,34100,2313
2018/06/13,2313,2334,2310,2315,49900,2315
2018/06/14,2311,2311,2284,2295,51500,2295
2018/06/15,2305,2319,2297,2302,30100,2302
2018/06/18,2298,2298,2278,2282,26900,2282
2018/06/19,2278,2278,2241,2242,43700,2242
2018/06/20,2242,2250,2208,2231,53400,2231
2018/06/21,2225,2228,2204,2206,57300,2206
2018/06/22,2209,2235,2209,2225,110900,2225
2018/06/25,2245,2245,2210,2219,42000,2219
2018/06/26,2205,2236,2204,2236,24400,2236
2018/06/27,2230,2271,2230,2270,39500,2270
2018/06/28,2252,2256,2233,2251,26100,2251
2018/06/29,2251,2251,2231,2235,24600,2235
2018/07/02,2235,2235,2171,2171,56500,2171
2018/07/03,2172,2185,2125,2136,49800,2136
2018/07/04,2120,2175,2112,2160,59700,2160
2018/07/05,2094,2148,2094,2119,85900,2119
2018/07/06,2121,2139,2084,2086,94800,2086
2018/07/09,2081,2081,2056,2063,57500,2063
2018/07/10,2070,2087,2051,2071,87400,2071
2018/07/11,2061,2063,2045,2058,81100,2058
2018/07/12,2051,2065,2024,2024,88800,2024
2018/07/13,2027,2058,2023,2050,52700,2050
2018/07/17,2063,2125,2049,2121,87800,2121
2018/07/18,2125,2158,2120,2134,76000,2134
2018/07/19,2122,2138,2115,2127,58900,2127
2018/07/20,2112,2123,2096,2103,60600,2103
2018/07/23,2105,2118,2089,2093,77900,2093
2018/07/24,2100,2116,2080,2084,57300,2084
2018/07/25,2106,2111,2063,2065,103800,2065
2018/07/26,2071,2096,2071,2095,44900,2095
2018/07/27,2101,2120,2096,2117,48900,2117
2018/07/30,2115,2127,2106,2119,51500,2119
2018/07/31,2119,2136,2099,2115,66300,2115
2018/08/01,2115,2134,2105,2125,44800,2125
2018/08/02,2120,2132,2105,2106,50500,2106
2018/08/03,2110,2114,2103,2109,30900,2109
2018/08/06,2119,2131,2105,2106,29800,2106
2018/08/07,2106,2112,2094,2110,50000,2110
2018/08/08,2114,2116,2097,2100,62900,2100
2018/08/09,2109,2117,2093,2093,64400,2093
2018/08/10,2093,2094,2066,2071,82000,2071
2018/08/13,2070,2078,2050,2050,73200,2050
2018/08/14,2073,2075,2055,2071,53700,2071
2018/08/15,2075,2088,2058,2064,66700,2064
2018/08/16,2060,2062,2033,2048,96300,2048
2018/08/17,2056,2073,2046,2069,59800,2069
2018/08/20,2074,2074,2050,2050,76000,2050
2018/08/21,2045,2045,2026,2026,91500,2026
2018/08/22,2026,2040,2021,2035,93300,2035
2018/08/23,2051,2064,2042,2061,94000,2061
2018/08/24,2070,2088,2070,2087,115600,2087
2018/08/27,2090,2090,2068,2069,292200,2069
2018/08/28,2067,2072,2032,2064,473000,2064
2018/08/29,2030,2040,2018,2022,171600,2022
2018/08/30,2031,2044,2026,2026,66900,2026
2018/08/31,2023,2029,2011,2011,61700,2011
2018/09/03,2011,2032,2010,2027,42800,2027
2018/09/04,2040,2077,2039,2067,150400,2067
2018/09/05,2070,2089,2060,2072,126100,2072
2018/09/06,2056,2063,2049,2059,45200,2059
2018/09/07,2040,2062,2035,2055,63800,2055
2018/09/10,2055,2080,2055,2072,62700,2072
2018/09/11,2070,2073,2051,2053,64200,2053
2018/09/12,2037,2064,2006,2010,141100,2010
2018/09/13,2028,2065,2025,2065,128300,2065
2018/09/14,2083,2139,2083,2109,209400,2109
2018/09/18,2113,2149,2109,2128,163100,2128
2018/09/19,2128,2164,2116,2156,93600,2156
2018/09/20,2155,2156,2139,2150,63100,2150
2018/09/21,2145,2175,2144,2166,68200,2166
2018/09/25,2174,2191,2171,2191,75500,2191
2018/09/26,2181,2208,2173,2207,83600,2207
2018/09/27,2200,2207,2172,2192,47400,2192
2018/09/28,2178,2195,2178,2182,65600,2182
2018/10/01,2162,2185,2130,2141,63500,2141
2018/10/02,2145,2168,2142,2163,50900,2163
2018/10/03,2156,2181,2142,2147,51200,2147
2018/10/04,2151,2166,2142,2159,60400,2159
2018/10/05,2145,2154,2129,2134,42800,2134
2018/10/09,2109,2115,2084,2090,58800,2090
2018/10/10,2124,2124,2094,2096,59900,2096
2018/10/11,2189,2215,2152,2190,323300,2190
2018/10/12,2160,2160,2077,2086,157900,2086
2018/10/15,2079,2088,2044,2049,94400,2049
2018/10/16,2043,2052,2023,2039,67100,2039
2018/10/17,2060,2068,2042,2068,55700,2068
2018/10/18,2081,2139,2081,2108,80300,2108
2018/10/19,2096,2130,2085,2124,52000,2124
2018/10/22,2121,2140,2104,2128,42900,2128
2018/10/23,2128,2128,2086,2098,78000,2098
2018/10/24,2095,2120,2090,2114,64500,2114
2018/10/25,2106,2106,2043,2048,70600,2048
2018/10/26,2055,2057,2028,2035,58000,2035
2018/10/30,2021,2076,2021,2074,76800,2074
2018/11/01,2083,2111,2071,2073,45200,2073
2018/11/02,2071,2075,2046,2075,61200,2075
2018/11/05,2047,2059,2036,2039,63000,2039
2018/11/06,2043,2097,2043,2092,60500,2092
2018/11/07,2081,2095,2070,2078,64700,2078
2018/11/08,2091,2124,2083,2117,56500,2117
2018/11/09,2130,2135,2107,2115,41000,2115
2018/11/12,2127,2146,2110,2137,40900,2137
2018/11/13,2112,2113,2074,2088,82700,2088
2018/11/14,2087,2094,2063,2068,70000,2068
2018/11/15,2064,2068,2044,2066,64000,2066
2018/11/16,2066,2066,2036,2040,57700,2040
